Linux 6.1.0-34-amd64 (debian) 	06/04/25 	_x86_64_	(2 CPU)

# Time        UID       PID    %usr %system  %guest   %wait    %CPU   CPU  Command
02:42:42        0        15    0.00    0.98    0.00    0.00    0.98     1  rcu_preempt
02:42:42        0       165    0.00    0.98    0.00    0.00    0.98     1  gfx
02:42:42        0       849    0.98    0.00    0.00    0.00    0.98     0  preload
02:42:42        0       968    0.98    0.00    0.00    0.98    0.98     1  Xorg
02:42:42        0      1993    0.00    0.98    0.00    0.00    0.98     0  upowerd
02:42:42        0      2892    0.98    0.00    0.00    0.00    0.98     0  dockerd
02:42:42     1000      3596    3.92    0.00    0.00    0.00    3.92     0  cinnamon
02:42:42     1000      4636    0.00    0.98    0.00    0.00    0.98     0  jetbrains-toolb
02:42:42     1000      5942    2.94    1.96    0.00    1.96    4.90     1  brave
02:42:42     1000      6120    4.90    0.98    0.00    0.98    5.88     1  brave
02:42:42     1000      6344    3.92    0.98    0.00    0.98    4.90     0  brave
02:42:42     1000      6626    2.94    0.00    0.00    0.98    2.94     0  brave
02:42:42     1000     12314    0.98    1.96    0.00    0.00    2.94     0  pidstat
02:42:42     1000     12317    1.96   12.75    0.00    0.00   14.71     0  spin-lock

# Time        UID       PID    %usr %system  %guest   %wait    %CPU   CPU  Command
02:42:43        0       968    1.00    1.00    0.00    0.00    2.00     1  Xorg
02:42:43     1000      3596    4.00    1.00    0.00    1.00    5.00     1  cinnamon
02:42:43     1000      5902    1.00    0.00    0.00    0.00    1.00     1  brave
02:42:43     1000      5942    4.00    2.00    0.00    1.00    6.00     0  brave
02:42:43     1000      6120    6.00    1.00    0.00    1.00    7.00     1  brave
02:42:43     1000      6344    4.00    1.00    0.00    0.00    5.00     0  brave
02:42:43        0     10294    0.00    1.00    0.00    0.00    1.00     1  kworker/u32:1-phy0
02:42:43     1000     12314    1.00    1.00    0.00    0.00    2.00     0  pidstat
02:42:43     1000     12317    2.00    8.00    0.00    0.00   10.00     0  spin-lock

# Time        UID       PID    %usr %system  %guest   %wait    %CPU   CPU  Command
02:42:44        0       968    0.00    1.00    0.00    0.00    1.00     1  Xorg
02:42:44     1000      3596    4.00    0.00    0.00    2.00    4.00     0  cinnamon
02:42:44     1000      4636    1.00    0.00    0.00    0.00    1.00     0  jetbrains-toolb
02:42:44     1000      5902    0.00   21.00    0.00    0.00   21.00     1  brave
02:42:44     1000      5942    4.00    2.00    0.00    2.00    6.00     1  brave
02:42:44     1000      6120    4.00    2.00    0.00    1.00    6.00     1  brave
02:42:44     1000      6344    4.00    1.00    0.00    1.00    5.00     1  brave
02:42:44     1000     12314    1.00    3.00    0.00    0.00    4.00     0  pidstat
02:42:44     1000     12317    2.00    7.00    0.00    0.00    9.00     0  spin-lock

# Time        UID       PID    %usr %system  %guest   %wait    %CPU   CPU  Command
02:42:45        0       703    0.00    1.00    0.00    0.00    1.00     1  irq/63-rtw88_pci
02:42:45        0       968    1.00    0.00    0.00    0.00    1.00     1  Xorg
02:42:45     1000      3596    3.00    1.00    0.00    1.00    4.00     0  cinnamon
02:42:45     1000      5902    1.00    0.00    0.00    0.00    1.00     1  brave
02:42:45     1000      5942    3.00    2.00    0.00    1.00    5.00     1  brave
02:42:45     1000      6120    4.00    2.00    0.00    1.00    6.00     1  brave
02:42:45     1000      6344    4.00    0.00    0.00    0.00    4.00     0  brave
02:42:45        0     10333    0.00    1.00    0.00    0.00    1.00     1  kworker/u33:0-rtw_tx_wq
02:42:45     1000     12314    1.00    0.00    0.00    0.00    1.00     0  pidstat
02:42:45     1000     12317    1.00    9.00    0.00    0.00   10.00     0  spin-lock

# Time        UID       PID    %usr %system  %guest   %wait    %CPU   CPU  Command
02:42:46        0       968    1.00    1.00    0.00    0.00    2.00     1  Xorg
02:42:46     1000      3596    3.00    0.00    0.00    0.00    3.00     0  cinnamon
02:42:46     1000      5942    3.00    2.00    0.00    1.00    5.00     0  brave
02:42:46     1000      6120    6.00    0.00    0.00    1.00    6.00     0  brave
02:42:46     1000      6344    3.00    2.00    0.00    1.00    5.00     1  brave
02:42:46        0     10294    0.00    1.00    0.00    0.00    1.00     1  kworker/u32:1-events_unbound
02:42:46     1000     12314    0.00    2.00    0.00    0.00    2.00     0  pidstat
02:42:46     1000     12317    0.00    7.00    0.00    0.00    7.00     0  spin-lock

# Time        UID       PID    %usr %system  %guest   %wait    %CPU   CPU  Command
02:42:47      120       916    0.00    1.00    0.00    0.00    1.00     1  redis-server
02:42:47     1000      3596    4.00    0.00    0.00    1.00    4.00     0  cinnamon
02:42:47     1000      4636    0.00    1.00    0.00    0.00    1.00     0  jetbrains-toolb
02:42:47     1000      5902    1.00    0.00    0.00    0.00    1.00     1  brave
02:42:47     1000      5942    4.00    2.00    0.00    1.00    6.00     0  brave
02:42:47     1000      6120    6.00    2.00    0.00    1.00    8.00     0  brave
02:42:47     1000      6344    4.00    1.00    0.00    0.00    5.00     1  brave
02:42:47     1000     12314    0.00    1.00    0.00    0.00    1.00     0  pidstat
02:42:47     1000     12317    1.00   11.00    0.00    0.00   12.00     0  spin-lock

# Time        UID       PID    %usr %system  %guest   %wait    %CPU   CPU  Command
02:42:48        0       231    0.00    1.00    0.00    0.00    1.00     1  jbd2/nvme0n1p2-8
02:42:48        0       968    0.00    1.00    0.00    0.00    1.00     1  Xorg
02:42:48     1000      3303    1.00    0.00    0.00    0.00    1.00     1  ibus-daemon
02:42:48     1000      3596    1.00    0.00    0.00    0.00    1.00     0  cinnamon
02:42:48     1000      5902    5.00    2.00    0.00    0.00    7.00     0  brave
02:42:48     1000      5942    3.00    2.00    0.00    1.00    5.00     1  brave
02:42:48     1000      5943    1.00    0.00    0.00    0.00    1.00     0  brave
02:42:48     1000      6021    0.00    1.00    0.00    0.00    1.00     0  brave
02:42:48     1000      6120    5.00    1.00    0.00    2.00    6.00     0  brave
02:42:48     1000      6344    4.00    1.00    0.00    2.00    5.00     1  brave
02:42:48     1000     11670    1.00    0.00    0.00    0.00    1.00     1  brave
02:42:48     1000     12314    0.00    2.00    0.00    1.00    2.00     1  pidstat
02:42:48     1000     12317    3.00    6.00    0.00    0.00    9.00     0  spin-lock

# Time        UID       PID    %usr %system  %guest   %wait    %CPU   CPU  Command
02:42:49        0       165    0.00    1.00    0.00    0.00    1.00     0  gfx
02:42:49        0       703    0.00    1.00    0.00    0.00    1.00     1  irq/63-rtw88_pci
02:42:49        0       968    1.00    1.00    0.00    0.00    2.00     1  Xorg
02:42:49     1000      3596    2.00    1.00    0.00    1.00    3.00     0  cinnamon
02:42:49     1000      3947    1.00    0.00    0.00    0.00    1.00     0  blueman-tray
02:42:49     1000      5902    3.00    1.00    0.00    1.00    4.00     0  brave
02:42:49     1000      5942    3.00    1.00    0.00    2.00    4.00     0  brave
02:42:49     1000      5943    1.00    0.00    0.00    0.00    1.00     0  brave
02:42:49     1000      6021    1.00    0.00    0.00    0.00    1.00     0  brave
02:42:49     1000      6027    1.00    0.00    0.00    0.00    1.00     1  brave
02:42:49     1000      6120   13.00    1.00    0.00    3.00   14.00     0  brave
02:42:49     1000      6344    4.00    0.00    0.00    0.00    4.00     0  brave
02:42:49     1000      6626    3.00    0.00    0.00    0.00    3.00     1  brave
02:42:49     1000     12314    2.00    2.00    0.00    0.00    4.00     1  pidstat
02:42:49     1000     12317    1.00    8.00    0.00    0.00    9.00     0  spin-lock

# Time        UID       PID    %usr %system  %guest   %wait    %CPU   CPU  Command
02:42:50        0       968    0.00    1.00    0.00    0.00    1.00     1  Xorg
02:42:50     1000      3303    1.00    0.00    0.00    0.00    1.00     0  ibus-daemon
02:42:50     1000      3596    2.00    0.00    0.00    2.00    2.00     1  cinnamon
02:42:50     1000      5902    2.00    0.00    0.00    0.00    2.00     1  brave
02:42:50     1000      5942    3.00    3.00    0.00    0.00    6.00     0  brave
02:42:50     1000      6120   27.00    3.00    0.00    9.00   30.00     0  brave
02:42:50     1000      6344    4.00    2.00    0.00    0.00    6.00     1  brave
02:42:50        0     12078    0.00    1.00    0.00    0.00    1.00     1  kworker/1:0-events
02:42:50     1000     12314    0.00    1.00    0.00    5.00    1.00     1  pidstat
02:42:50     1000     12317    5.00    7.00    0.00    0.00   12.00     0  spin-lock

# Time        UID       PID    %usr %system  %guest   %wait    %CPU   CPU  Command
02:42:51        0       703    0.00    1.00    0.00    0.00    1.00     1  irq/63-rtw88_pci
02:42:51        0       968    1.00    0.00    0.00    0.00    1.00     1  Xorg
02:42:51     1000      3369    1.00    0.00    0.00    0.00    1.00     0  xdg-desktop-por
02:42:51     1000      3580    0.00    1.00    0.00    0.00    1.00     1  cinnamon-launch
02:42:51     1000      3596    0.00    1.00    0.00    0.00    1.00     0  cinnamon
02:42:51     1000      4636    1.00    0.00    0.00    0.00    1.00     1  jetbrains-toolb
02:42:51     1000      5902    7.00    5.00    0.00    3.00   12.00     1  brave
02:42:51     1000      5942    1.00    2.00    0.00    2.00    3.00     1  brave
02:42:51     1000      5943    4.00    1.00    0.00    0.00    5.00     0  brave
02:42:51     1000      6021    1.00    0.00    0.00    0.00    1.00     0  brave
02:42:51     1000      6120   49.00    5.00    0.00   23.00   54.00     0  brave
02:42:51     1000      6344    3.00    1.00    0.00    2.00    4.00     1  brave
02:42:51        0     10294    0.00    1.00    0.00    0.00    1.00     0  kworker/u32:1-phy0
02:42:51     1000     12314    0.00    1.00    0.00    0.00    1.00     1  pidstat
02:42:51     1000     12317    1.00    8.00    0.00    0.00    9.00     0  spin-lock

# Time        UID       PID    %usr %system  %guest   %wait    %CPU   CPU  Command
02:42:52        0        21    0.00    1.00    0.00    0.00    1.00     1  ksoftirqd/1
02:42:52        0       703    0.00    1.00    0.00    0.00    1.00     1  irq/63-rtw88_pci
02:42:52        0       934    1.00    0.00    0.00    0.00    1.00     0  containerd
02:42:52     1000      3303    2.00    0.00    0.00    1.00    2.00     1  ibus-daemon
02:42:52     1000      3436    1.00    0.00    0.00    0.00    1.00     0  ibus-engine-sim
02:42:52     1000      3596    2.00    0.00    0.00    1.00    2.00     1  cinnamon
02:42:52     1000      5902    8.00    2.00    0.00    1.00   10.00     0  brave
02:42:52     1000      5942    2.00    3.00    0.00    0.00    5.00     0  brave
02:42:52     1000      5943    3.00    2.00    0.00    0.00    5.00     0  brave
02:42:52     1000      6021    1.00    0.00    0.00    0.00    1.00     0  brave
02:42:52     1000      6120   15.00    3.00    0.00    4.00   18.00     1  brave
02:42:52     1000      6319    1.00    0.00    0.00    0.00    1.00     1  brave
02:42:52     1000      6344    2.00    1.00    0.00    0.00    3.00     1  brave
02:42:52        0     11698    0.00    1.00    0.00    0.00    1.00     1  kworker/u32:4+events_unbound
02:42:52     1000     12314    0.00    1.00    0.00    0.00    1.00     1  pidstat
02:42:52     1000     12317    1.00    6.00    0.00    0.00    7.00     0  spin-lock

# Time        UID       PID    %usr %system  %guest   %wait    %CPU   CPU  Command
02:42:53        0       703    0.00    1.00    0.00    0.00    1.00     1  irq/63-rtw88_pci
02:42:53        0       968    0.00    1.00    0.00    0.00    1.00     0  Xorg
02:42:53     1000      3303    1.00    0.00    0.00    1.00    1.00     1  ibus-daemon
02:42:53     1000      3313    1.00    0.00    0.00    0.00    1.00     1  ibus-ui-gtk3
02:42:53     1000      3596    1.00    0.00    0.00    2.00    1.00     0  cinnamon
02:42:53     1000      5902    9.00    5.00    0.00    5.00   14.00     0  brave
02:42:53     1000      5942    4.00    0.00    0.00    1.00    4.00     0  brave
02:42:53     1000      5943    3.00    2.00    0.00    0.00    5.00     0  brave
02:42:53     1000      6021    2.00    1.00    0.00    0.00    3.00     0  brave
02:42:53     1000      6120   17.00    3.00    0.00    6.00   20.00     0  brave
02:42:53     1000      6344    3.00    1.00    0.00    0.00    4.00     0  brave
02:42:53     1000      6418    1.00    0.00    0.00    0.00    1.00     1  brave
02:42:53     1000     11670    1.00    0.00    0.00    0.00    1.00     1  brave
02:42:53     1000     12314    0.00    1.00    0.00    1.00    1.00     1  pidstat
02:42:53     1000     12317    4.00    3.00    0.00    0.00    7.00     0  spin-lock

# Time        UID       PID    %usr %system  %guest   %wait    %CPU   CPU  Command
02:42:54      120       916    0.00    1.00    0.00    0.00    1.00     0  redis-server
02:42:54        0       968    1.00    1.00    0.00    0.00    2.00     1  Xorg
02:42:54     1000      3303    1.00    0.00    0.00    0.00    1.00     1  ibus-daemon
02:42:54     1000      3417    1.00    0.00    0.00    1.00    1.00     1  csd-keyboard
02:42:54     1000      3436    1.00    0.00    0.00    0.00    1.00     0  ibus-engine-sim
02:42:54     1000      3596    2.00    1.00    0.00    1.00    3.00     1  cinnamon
02:42:54     1000      5902   14.00    2.00    0.00    2.00   16.00     1  brave
02:42:54     1000      5942    4.00    1.00    0.00    1.00    5.00     0  brave
02:42:54     1000      5943    6.00    1.00    0.00    0.00    7.00     1  brave
02:42:54     1000      6021    2.00    2.00    0.00    0.00    4.00     0  brave
02:42:54     1000      6120   15.00    3.00    0.00    9.00   18.00     1  brave
02:42:54     1000      6344    3.00    1.00    0.00    0.00    4.00     1  brave
02:42:54     1000      6987    0.00    1.00    0.00    0.00    1.00     1  brave
02:42:54        0      9838    0.00    1.00    0.00    0.00    1.00     0  kworker/0:1-events
02:42:54     1000     11670    0.00    1.00    0.00    0.00    1.00     1  brave
02:42:54     1000     12314    1.00    1.00    0.00    0.00    2.00     1  pidstat
02:42:54     1000     12317    2.00    3.00    0.00    0.00    5.00     0  spin-lock

# Time        UID       PID    %usr %system  %guest   %wait    %CPU   CPU  Command
02:42:55        0        15    0.00    1.00    0.00    0.00    1.00     0  rcu_preempt
02:42:55        0       934    0.00    1.00    0.00    0.00    1.00     0  containerd
02:42:55     1000      3303    1.00    1.00    0.00    0.00    2.00     1  ibus-daemon
02:42:55     1000      3314    1.00    0.00    0.00    0.00    1.00     1  ibus-extension-
02:42:55     1000      3436    0.00    1.00    0.00    0.00    1.00     0  ibus-engine-sim
02:42:55     1000      3596    1.00    0.00    0.00    1.00    1.00     0  cinnamon
02:42:55     1000      4636    1.00    0.00    0.00    0.00    1.00     0  jetbrains-toolb
02:42:55     1000      5902    9.00    4.00    0.00    2.00   13.00     1  brave
02:42:55     1000      5942    2.00    2.00    0.00    1.00    4.00     1  brave
02:42:55     1000      5943    3.00    1.00    0.00    0.00    4.00     1  brave
02:42:55     1000      6021    0.00    1.00    0.00    0.00    1.00     0  brave
02:42:55     1000      6097    1.00    0.00    0.00    0.00    1.00     1  brave
02:42:55     1000      6120   16.00    2.00    0.00    4.00   18.00     0  brave
02:42:55     1000      6344    3.00    0.00    0.00    1.00    3.00     0  brave
02:42:55        0     10333    0.00    1.00    0.00    0.00    1.00     1  kworker/u33:0-rtw_tx_wq
02:42:55     1000     12314    0.00    1.00    0.00    0.00    1.00     1  pidstat
02:42:55     1000     12317    0.00    7.00    0.00    0.00    7.00     0  spin-lock

# Time        UID       PID    %usr %system  %guest   %wait    %CPU   CPU  Command
02:42:56        0       703    0.00    1.00    0.00    0.00    1.00     1  irq/63-rtw88_pci
02:42:56        0       968    1.00    1.00    0.00    0.00    2.00     1  Xorg
02:42:56     1000      3303    1.00    1.00    0.00    1.00    2.00     0  ibus-daemon
02:42:56     1000      3596    2.00    1.00    0.00    2.00    3.00     0  cinnamon
02:42:56     1000      5902   16.00    2.00    0.00    5.00   18.00     1  brave
02:42:56     1000      5942    4.00    1.00    0.00    1.00    5.00     1  brave
02:42:56     1000      5943    4.00    3.00    0.00    0.00    7.00     1  brave
02:42:56     1000      6021    3.00    1.00    0.00    0.00    4.00     0  brave
02:42:56     1000      6120   20.00    2.00    0.00   14.00   22.00     0  brave
02:42:56     1000      6344    2.00    1.00    0.00    0.00    3.00     0  brave
02:42:56     1000      6626   26.00    7.00    0.00   13.00   33.00     0  brave
02:42:56     1000     11670    1.00    0.00    0.00    0.00    1.00     1  brave
02:42:56     1000     12314    1.00    1.00    0.00    1.00    2.00     0  pidstat
02:42:56     1000     12317    0.00    9.00    0.00    0.00    9.00     0  spin-lock

# Time        UID       PID    %usr %system  %guest   %wait    %CPU   CPU  Command
02:42:57      120       916    1.00    0.00    0.00    0.00    1.00     0  redis-server
02:42:57        0       968    1.00    0.00    0.00    0.00    1.00     1  Xorg
02:42:57     1000      3436    1.00    0.00    0.00    0.00    1.00     1  ibus-engine-sim
02:42:57     1000      3596    2.00    0.00    0.00    2.00    2.00     0  cinnamon
02:42:57     1000      4636    1.00    0.00    0.00    0.00    1.00     0  jetbrains-toolb
02:42:57     1000      5902   10.00    4.00    0.00    2.00   14.00     0  brave
02:42:57     1000      5942    4.00    0.00    0.00    1.00    4.00     0  brave
02:42:57     1000      5943    3.00    2.00    0.00    0.00    5.00     1  brave
02:42:57     1000      6021    1.00    0.00    0.00    0.00    1.00     0  brave
02:42:57     1000      6120   18.00    1.00    0.00    5.00   19.00     0  brave
02:42:57     1000      6344    3.00    1.00    0.00    1.00    4.00     1  brave
02:42:57     1000     12314    0.00    1.00    0.00    0.00    1.00     1  pidstat
02:42:57     1000     12317    0.00    6.00    0.00    0.00    6.00     0  spin-lock

# Time        UID       PID    %usr %system  %guest   %wait    %CPU   CPU  Command
02:42:58        0       703    0.00    1.00    0.00    0.00    1.00     1  irq/63-rtw88_pci
02:42:58        0       968    1.00    0.00    0.00    0.00    1.00     0  Xorg
02:42:58     1000      3303    1.00    0.00    0.00    1.00    1.00     0  ibus-daemon
02:42:58     1000      4636    0.00    1.00    0.00    0.00    1.00     0  jetbrains-toolb
02:42:58     1000      5902    8.00    1.00    0.00    2.00    9.00     0  brave
02:42:58     1000      5942    2.00    1.00    0.00    0.00    3.00     0  brave
02:42:58     1000      5943    2.00    2.00    0.00    0.00    4.00     0  brave
02:42:58     1000      6021    1.00    0.00    0.00    0.00    1.00     0  brave
02:42:58     1000      6120   10.00    2.00    0.00    3.00   12.00     0  brave
02:42:58     1000      6344    3.00    1.00    0.00    0.00    4.00     1  brave
02:42:58     1000     12314    2.00    0.00    0.00    0.00    2.00     1  pidstat
02:42:58     1000     12317    0.00    8.00    0.00    0.00    8.00     0  spin-lock

# Time        UID       PID    %usr %system  %guest   %wait    %CPU   CPU  Command
02:42:59        0       968    0.00    1.00    0.00    0.00    1.00     0  Xorg
02:42:59     1000      3303    1.00    0.00    0.00    0.00    1.00     0  ibus-daemon
02:42:59     1000      3596    1.00    0.00    0.00    1.00    1.00     0  cinnamon
02:42:59     1000      5902   10.00    2.00    0.00    1.00   12.00     1  brave
02:42:59     1000      5942    2.00    1.00    0.00    0.00    3.00     1  brave
02:42:59     1000      5943    2.00    2.00    0.00    0.00    4.00     0  brave
02:42:59     1000      6021    1.00    1.00    0.00    0.00    2.00     0  brave
02:42:59     1000      6120   14.00    2.00    0.00    6.00   16.00     0  brave
02:42:59     1000      6344    1.00    2.00    0.00    1.00    3.00     1  brave
02:42:59        0     11698    0.00    1.00    0.00    0.00    1.00     0  kworker/u32:4-phy0
02:42:59     1000     12314    0.00    1.00    0.00    0.00    1.00     1  pidstat
02:42:59     1000     12317    0.00    6.00    0.00    0.00    6.00     0  spin-lock

# Time        UID       PID    %usr %system  %guest   %wait    %CPU   CPU  Command
02:43:00        0       140    0.00    1.00    0.00    0.00    1.00     0  irq/30-ELAN0708:00
02:43:00        0       968    1.00    1.00    0.00    0.00    2.00     0  Xorg
02:43:00     1000      3303    1.00    0.00    0.00    1.00    1.00     1  ibus-daemon
02:43:00     1000      3436    1.00    0.00    0.00    0.00    1.00     1  ibus-engine-sim
02:43:00     1000      3596    2.00    0.00    0.00    2.00    2.00     0  cinnamon
02:43:00     1000      5902   15.00    3.00    0.00    3.00   18.00     0  brave
02:43:00     1000      5942    4.00    2.00    0.00    1.00    6.00     0  brave
02:43:00     1000      5943    6.00    2.00    0.00    0.00    8.00     0  brave
02:43:00     1000      6021    2.00    1.00    0.00    0.00    3.00     0  brave
02:43:00     1000      6120   63.00   10.00    0.00   28.00   73.00     0  brave
02:43:00     1000      6150    1.00    0.00    0.00    0.00    1.00     1  alacritty
02:43:00     1000      6344    4.00    1.00    0.00    0.00    5.00     1  brave
02:43:00     1000     11670    1.00    0.00    0.00    0.00    1.00     1  brave
02:43:00     1000     12314    1.00    1.00    0.00    8.00    2.00     1  pidstat
02:43:00     1000     12317    6.00    6.00    0.00    0.00   12.00     0  spin-lock
