Linux 6.1.0-34-amd64 (debian) 	06/04/25 	_x86_64_	(2 CPU)

# Time        UID       PID    %usr %system  %guest   %wait    %CPU   CPU  Command
02:45:06        0       174    0.00    0.98    0.00    0.00    0.98     1  sdma0
02:45:06        0       703    0.00    0.98    0.00    0.00    0.98     1  irq/63-rtw88_pci
02:45:06        0       968    0.00    0.98    0.00    0.00    0.98     1  Xorg
02:45:06     1000      5902    2.94    0.98    0.00    0.00    3.92     1  brave
02:45:06     1000      5942    2.94    1.96    0.00    0.98    4.90     1  brave
02:45:06     1000      6097    6.86    0.98    0.00    1.96    7.84     0  brave
02:45:06     1000      6120    3.92    1.96    0.00    1.96    5.88     1  brave
02:45:06     1000      6150    0.00    0.98    0.00    0.00    0.98     0  alacritty
02:45:06     1000      6344   10.78    2.94    0.00    3.92   13.73     1  brave
02:45:06     1000     12552    0.00    1.96    0.00    0.00    1.96     0  pidstat

# Time        UID       PID    %usr %system  %guest   %wait    %CPU   CPU  Command
02:45:07      120       916    1.00    0.00    0.00    0.00    1.00     0  redis-server
02:45:07        0       968    1.00    0.00    0.00    0.00    1.00     0  Xorg
02:45:07     1000      3596    1.00    0.00    0.00    1.00    1.00     0  cinnamon
02:45:07     1000      4636    0.00    1.00    0.00    0.00    1.00     0  jetbrains-toolb
02:45:07     1000      5902    1.00    0.00    0.00    1.00    1.00     1  brave
02:45:07     1000      5942    3.00    1.00    0.00    0.00    4.00     1  brave
02:45:07     1000      6120    6.00    1.00    0.00    2.00    7.00     1  brave
02:45:07     1000      6344    7.00    4.00    0.00    2.00   11.00     1  brave
02:45:07     1000     12552    1.00    3.00    0.00    1.00    4.00     0  pidstat

# Time        UID       PID    %usr %system  %guest   %wait    %CPU   CPU  Command
02:45:08     1000      3947    1.00    0.00    0.00    0.00    1.00     0  blueman-tray
02:45:08     1000      4636    1.00    0.00    0.00    0.00    1.00     0  jetbrains-toolb
02:45:08     1000      5902    1.00    0.00    0.00    0.00    1.00     1  brave
02:45:08     1000      5942    2.00    2.00    0.00    0.00    4.00     1  brave
02:45:08     1000      6120    6.00    0.00    0.00    2.00    6.00     1  brave
02:45:08     1000      6344    5.00    1.00    0.00    2.00    6.00     1  brave
02:45:08     1000     12552    0.00    3.00    0.00    0.00    3.00     0  pidstat

# Time        UID       PID    %usr %system  %guest   %wait    %CPU   CPU  Command
02:45:09     1000      3596    1.00    1.00    0.00    0.00    2.00     0  cinnamon
02:45:09     1000      5902    2.00    1.00    0.00    0.00    3.00     1  brave
02:45:09     1000      5942    3.00    1.00    0.00    0.00    4.00     1  brave
02:45:09     1000      6120    5.00    2.00    0.00    2.00    7.00     0  brave
02:45:09     1000      6344    9.00    1.00    0.00    2.00   10.00     1  brave
02:45:09     1000      6626    2.00    1.00    0.00    0.00    3.00     0  brave
02:45:09     1000     12552    1.00    3.00    0.00    0.00    4.00     0  pidstat

# Time        UID       PID    %usr %system  %guest   %wait    %CPU   CPU  Command
02:45:10        0       140    0.00    1.00    0.00    0.00    1.00     0  irq/30-ELAN0708:00
02:45:10        0       703    0.00    1.00    0.00    0.00    1.00     1  irq/63-rtw88_pci
02:45:10        0       968    1.00    2.00    0.00    0.00    3.00     0  Xorg
02:45:10     1000      3596    1.00    0.00    0.00    1.00    1.00     0  cinnamon
02:45:10     1000      5902    3.00    1.00    0.00    0.00    4.00     1  brave
02:45:10     1000      5942    2.00    0.00    0.00    0.00    2.00     1  brave
02:45:10     1000      6120   11.00    2.00    0.00    2.00   13.00     1  brave
02:45:10     1000      6344    5.00    1.00    0.00    2.00    6.00     1  brave
02:45:10     1000     12552    0.00    1.00    0.00    0.00    1.00     0  pidstat

# Time        UID       PID    %usr %system  %guest   %wait    %CPU   CPU  Command
02:45:11        0       140    0.00    1.00    0.00    0.00    1.00     0  irq/30-ELAN0708:00
02:45:11        0       934    0.00    1.00    0.00    0.00    1.00     0  containerd
02:45:11        0       968    3.00    1.00    0.00    0.00    4.00     0  Xorg
02:45:11     1000      3303    2.00    0.00    0.00    5.00    2.00     1  ibus-daemon
02:45:11     1000      3596    3.00    1.00    0.00    3.00    4.00     0  cinnamon
02:45:11     1000      3663    1.00    0.00    0.00    1.00    1.00     1  gnome-software
02:45:11     1000      4636    1.00    0.00    0.00    0.00    1.00     0  jetbrains-toolb
02:45:11     1000      5902   10.00    2.00    0.00    4.00   12.00     1  brave
02:45:11     1000      5942    3.00    3.00    0.00    3.00    6.00     0  brave
02:45:11     1000      5943    1.00    0.00    0.00    0.00    1.00     0  brave
02:45:11     1000      6120   18.00    1.00    0.00    9.00   19.00     1  brave
02:45:11     1000      6150    1.00    0.00    0.00    3.00    1.00     1  alacritty
02:45:11     1000      6344    4.00    1.00    0.00    2.00    5.00     0  brave
02:45:11     1000     12552    1.00    1.00    0.00    1.00    2.00     1  pidstat
02:45:11     1000     12555    1.00    0.00    0.00    0.00    1.00     1  sem

# Time        UID       PID    %usr %system  %guest   %wait    %CPU   CPU  Command
02:45:12        0       968    0.00    1.00    0.00    0.00    1.00     0  Xorg
02:45:12     1000      3596    2.00    0.00    0.00    0.00    2.00     0  cinnamon
02:45:12     1000      5902    1.00    1.00    0.00    0.00    2.00     0  brave
02:45:12     1000      5942    5.00    1.00    0.00    1.00    6.00     0  brave
02:45:12     1000      6109    1.00    0.00    0.00    0.00    1.00     0  brave
02:45:12     1000      6120    8.00    2.00    0.00    2.00   10.00     0  brave
02:45:12     1000      6344    5.00    0.00    0.00    2.00    5.00     0  brave
02:45:12        0     12399    0.00    1.00    0.00    0.00    1.00     0  kworker/u32:0-events_unbound
02:45:12     1000     12552    1.00    2.00    0.00    0.00    3.00     1  pidstat

# Time        UID       PID    %usr %system  %guest   %wait    %CPU   CPU  Command
02:45:13        0        15    0.00    1.00    0.00    0.00    1.00     1  rcu_preempt
02:45:13        0       231    0.00    1.00    0.00    0.00    1.00     1  jbd2/nvme0n1p2-8
02:45:13      120       916    0.00    1.00    0.00    0.00    1.00     0  redis-server
02:45:13        0       968    1.00    0.00    0.00    0.00    1.00     0  Xorg
02:45:13     1000      3596    4.00    1.00    0.00    1.00    5.00     0  cinnamon
02:45:13     1000      4636    1.00    0.00    0.00    0.00    1.00     0  jetbrains-toolb
02:45:13     1000      5902    1.00    0.00    0.00    0.00    1.00     1  brave
02:45:13     1000      5942    3.00    3.00    0.00    3.00    6.00     0  brave
02:45:13     1000      5943    1.00    0.00    0.00    0.00    1.00     0  brave
02:45:13     1000      6120   56.00    2.00    0.00   19.00   58.00     1  brave
02:45:13     1000      6344    4.00    1.00    0.00    1.00    5.00     0  brave
02:45:13        0     10333    0.00    1.00    0.00    0.00    1.00     1  kworker/u33:0-rtw_tx_wq
02:45:13     1000     12552    1.00    2.00    0.00    0.00    3.00     0  pidstat

# Time        UID       PID    %usr %system  %guest   %wait    %CPU   CPU  Command
02:45:14        0       703    0.00    1.00    0.00    0.00    1.00     1  irq/63-rtw88_pci
02:45:14        0       968    0.00    2.00    0.00    1.00    2.00     1  Xorg
02:45:14     1000      3596    4.00    0.00    0.00    3.00    4.00     1  cinnamon
02:45:14     1000      5902    9.00    5.00    0.00    1.00   14.00     0  brave
02:45:14     1000      5942    3.00    3.00    0.00    3.00    6.00     1  brave
02:45:14     1000      6120    7.00    0.00    0.00    5.00    7.00     1  brave
02:45:14     1000      6344    3.00    1.00    0.00    1.00    4.00     0  brave
02:45:14     1000     12552    1.00    1.00    0.00    1.00    2.00     0  pidstat
02:45:14     1000     12561   64.00    7.00    0.00    1.00   71.00     0  brave

# Time        UID       PID    %usr %system  %guest   %wait    %CPU   CPU  Command
02:45:15        0       165    0.00    1.00    0.00    0.00    1.00     0  gfx
02:45:15        0       968    1.00    0.00    0.00    0.00    1.00     0  Xorg
02:45:15     1000      3596    4.00    0.00    0.00    0.00    4.00     0  cinnamon
02:45:15     1000      3682    1.00    0.00    0.00    0.00    1.00     1  kdeconnectd
02:45:15     1000      4636    0.00    1.00    0.00    0.00    1.00     0  jetbrains-toolb
02:45:15     1000      5902    1.00    0.00    0.00    0.00    1.00     0  brave
02:45:15     1000      5942    4.00    2.00    0.00    1.00    6.00     0  brave
02:45:15     1000      6120    6.00    3.00    0.00    1.00    9.00     0  brave
02:45:15     1000      6344    3.00    3.00    0.00    1.00    6.00     1  brave
02:45:15        0     12399    0.00    1.00    0.00    0.00    1.00     0  kworker/u32:0-phy0
02:45:15     1000     12552    1.00    1.00    0.00    0.00    2.00     1  pidstat

# Time        UID       PID    %usr %system  %guest   %wait    %CPU   CPU  Command
02:45:16        0       968    0.00    1.00    0.00    0.00    1.00     0  Xorg
02:45:16     1000      3596    4.00    0.00    0.00    1.00    4.00     0  cinnamon
02:45:16     1000      5902    1.00    2.00    0.00    0.00    3.00     1  brave
02:45:16     1000      5942    6.00    2.00    0.00    2.00    8.00     0  brave
02:45:16     1000      6120   12.00    1.00    0.00    3.00   13.00     1  brave
02:45:16     1000      6344    4.00    1.00    0.00    1.00    5.00     0  brave
02:45:16     1000      6447    1.00    0.00    0.00    0.00    1.00     1  brave
02:45:16     1000      6626    6.00    0.00    0.00    0.00    6.00     0  brave
02:45:16     1000     12552    1.00    3.00    0.00    0.00    4.00     0  pidstat

# Time        UID       PID    %usr %system  %guest   %wait    %CPU   CPU  Command
02:45:17        0       703    0.00    1.00    0.00    0.00    1.00     1  irq/63-rtw88_pci
02:45:17      120       916    1.00    0.00    0.00    0.00    1.00     0  redis-server
02:45:17        0       968    2.00    0.00    0.00    0.00    2.00     0  Xorg
02:45:17     1000      3303    1.00    1.00    0.00    1.00    2.00     1  ibus-daemon
02:45:17     1000      3313    1.00    0.00    0.00    0.00    1.00     1  ibus-ui-gtk3
02:45:17     1000      3436    1.00    0.00    0.00    0.00    1.00     1  ibus-engine-sim
02:45:17     1000      3596    1.00    1.00    0.00    2.00    2.00     1  cinnamon
02:45:17     1000      5902    5.00    2.00    0.00    2.00    7.00     1  brave
02:45:17     1000      5942    4.00    3.00    0.00    2.00    7.00     0  brave
02:45:17     1000      5943    2.00    0.00    0.00    0.00    2.00     0  brave
02:45:17     1000      6120   21.00    3.00    0.00    7.00   24.00     0  brave
02:45:17     1000      6150    0.00    1.00    0.00    0.00    1.00     0  alacritty
02:45:17     1000      6344    4.00    1.00    0.00    1.00    5.00     1  brave
02:45:17     1000      6626    1.00    0.00    0.00    0.00    1.00     0  brave
02:45:17        0     12078    0.00    1.00    0.00    0.00    1.00     1  kworker/1:0-events
02:45:17     1000     12552    0.00    1.00    0.00    0.00    1.00     1  pidstat
02:45:17     1000     12561    1.00    0.00    0.00    0.00    1.00     0  brave

# Time        UID       PID    %usr %system  %guest   %wait    %CPU   CPU  Command
02:45:18      120       916    0.00    1.00    0.00    0.00    1.00     1  redis-server
02:45:18        0       968    0.00    1.00    0.00    0.00    1.00     1  Xorg
02:45:18     1000      3596    1.00    0.00    0.00    0.00    1.00     1  cinnamon
02:45:18     1000      4636    0.00    1.00    0.00    0.00    1.00     0  jetbrains-toolb
02:45:18     1000      5902    4.00    2.00    0.00    2.00    6.00     0  brave
02:45:18     1000      5942    2.00    1.00    0.00    0.00    3.00     1  brave
02:45:18     1000      5943    2.00    1.00    0.00    0.00    3.00     0  brave
02:45:18     1000      6021    2.00    1.00    0.00    0.00    3.00     0  brave
02:45:18     1000      6120    8.00    3.00    0.00    4.00   11.00     1  brave
02:45:18     1000      6344    4.00    2.00    0.00    1.00    6.00     0  brave
02:45:18     1000     12552    2.00    2.00    0.00    1.00    4.00     1  pidstat
02:45:18     1000     12555    1.00    0.00    0.00    0.00    1.00     1  sem

# Time        UID       PID    %usr %system  %guest   %wait    %CPU   CPU  Command
02:45:19        0       968    1.00    0.00    0.00    0.00    1.00     0  Xorg
02:45:19     1000      3303    1.00    1.00    0.00    0.00    2.00     0  ibus-daemon
02:45:19     1000      3596    4.00    1.00    0.00    1.00    5.00     0  cinnamon
02:45:19     1000      5902    2.00    1.00    0.00    0.00    3.00     0  brave
02:45:19     1000      5942    6.00    2.00    0.00    2.00    8.00     0  brave
02:45:19     1000      5943    1.00    0.00    0.00    0.00    1.00     0  brave
02:45:19     1000      6097    1.00    0.00    0.00    0.00    1.00     1  brave
02:45:19     1000      6120    9.00    3.00    0.00    3.00   12.00     0  brave
02:45:19     1000      6344    4.00    1.00    0.00    2.00    5.00     0  brave
02:45:19        0     12399    0.00    1.00    0.00    1.00    1.00     1  kworker/u32:0-events_unbound
02:45:19     1000     12552    0.00    3.00    0.00    0.00    3.00     1  pidstat

# Time        UID       PID    %usr %system  %guest   %wait    %CPU   CPU  Command
02:45:20        0       703    0.00    1.00    0.00    0.00    1.00     1  irq/63-rtw88_pci
02:45:20        0       968    1.00    1.00    0.00    0.00    2.00     1  Xorg
02:45:20     1000      3303    2.00    0.00    0.00    1.00    2.00     0  ibus-daemon
02:45:20     1000      3436    1.00    1.00    0.00    0.00    2.00     1  ibus-engine-sim
02:45:20     1000      3596    1.00    1.00    0.00    2.00    2.00     0  cinnamon
02:45:20     1000      5902   21.00    6.00    0.00    4.00   27.00     1  brave
02:45:20     1000      5942    5.00    2.00    0.00    3.00    7.00     1  brave
02:45:20     1000      5943    7.00    2.00    0.00    0.00    9.00     0  brave
02:45:20     1000      6021    2.00    0.00    0.00    0.00    2.00     0  brave
02:45:20     1000      6120   26.00    4.00    0.00   16.00   30.00     0  brave
02:45:20     1000      6344    3.00    2.00    0.00    1.00    5.00     1  brave
02:45:20     1000      6418    1.00    0.00    0.00    0.00    1.00     1  brave
02:45:20     1000      6490    1.00    0.00    0.00    0.00    1.00     0  brave
02:45:20     1000      6626    2.00    1.00    0.00    3.00    3.00     0  brave
02:45:20     1000      6987    1.00    0.00    0.00    0.00    1.00     1  brave
02:45:20        0     10333    0.00    1.00    0.00    0.00    1.00     1  kworker/u33:0-rtw_tx_wq
02:45:20     1000     12552    1.00    1.00    0.00    0.00    2.00     1  pidstat
02:45:20     1000     12561    0.00    1.00    0.00    0.00    1.00     0  brave

# Time        UID       PID    %usr %system  %guest   %wait    %CPU   CPU  Command
02:45:21        0       703    0.00    1.00    0.00    0.00    1.00     1  irq/63-rtw88_pci
02:45:21        0       849    1.00    0.00    0.00    0.00    1.00     1  preload
02:45:21        0       968    1.00    0.00    0.00    0.00    1.00     1  Xorg
02:45:21     1000      3303    1.00    0.00    0.00    1.00    1.00     0  ibus-daemon
02:45:21     1000      3314    1.00    0.00    0.00    0.00    1.00     0  ibus-extension-
02:45:21     1000      3596    1.00    0.00    0.00    1.00    1.00     1  cinnamon
02:45:21     1000      4636    1.00    0.00    0.00    0.00    1.00     0  jetbrains-toolb
02:45:21     1000      5902   11.00    3.00    0.00    2.00   14.00     0  brave
02:45:21     1000      5942    2.00    1.00    0.00    1.00    3.00     0  brave
02:45:21     1000      5943    5.00    1.00    0.00    0.00    6.00     0  brave
02:45:21     1000      6021    2.00    0.00    0.00    0.00    2.00     0  brave
02:45:21     1000      6120   17.00    4.00    0.00    8.00   21.00     0  brave
02:45:21     1000      6344    4.00    1.00    0.00    1.00    5.00     0  brave
02:45:21     1000     12561    1.00    0.00    0.00    0.00    1.00     0  brave

# Time        UID       PID    %usr %system  %guest   %wait    %CPU   CPU  Command
02:45:22        0       703    0.00    1.00    0.00    0.00    1.00     1  irq/63-rtw88_pci
02:45:22        0       968    1.00    1.00    0.00    0.00    2.00     1  Xorg
02:45:22     1000      3303    2.00    0.00    0.00    0.00    2.00     0  ibus-daemon
02:45:22     1000      3436    0.00    1.00    0.00    0.00    1.00     1  ibus-engine-sim
02:45:22     1000      3596    1.00    1.00    0.00    2.00    2.00     1  cinnamon
02:45:22     1000      4636    0.00    1.00    0.00    0.00    1.00     0  jetbrains-toolb
02:45:22     1000      5902   15.00    3.00    0.00    3.00   18.00     1  brave
02:45:22     1000      5942    3.00    3.00    0.00    1.00    6.00     0  brave
02:45:22     1000      5943    4.00    2.00    0.00    0.00    6.00     0  brave
02:45:22     1000      6021    1.00    1.00    0.00    0.00    2.00     0  brave
02:45:22     1000      6120   20.00    3.00    0.00   10.00   23.00     0  brave
02:45:22     1000      6344    4.00    0.00    0.00    0.00    4.00     0  brave
02:45:22     1000     12552    1.00    1.00    0.00    1.00    2.00     1  pidstat

# Time        UID       PID    %usr %system  %guest   %wait    %CPU   CPU  Command
02:45:23        0       165    0.00    1.00    0.00    0.00    1.00     0  gfx
02:45:23        0       968    1.00    0.00    0.00    0.00    1.00     1  Xorg
02:45:23     1000      3303    1.00    0.00    0.00    1.00    1.00     0  ibus-daemon
02:45:23     1000      3417    1.00    0.00    0.00    0.00    1.00     0  csd-keyboard
02:45:23     1000      3436    1.00    0.00    0.00    1.00    1.00     1  ibus-engine-sim
02:45:23     1000      3596    2.00    0.00    0.00    1.00    2.00     0  cinnamon
02:45:23     1000      3947    0.00    1.00    0.00    0.00    1.00     0  blueman-tray
02:45:23     1000      5902   12.00    5.00    0.00    3.00   17.00     1  brave
02:45:23     1000      5942    4.00    2.00    0.00    1.00    6.00     1  brave
02:45:23     1000      5943    5.00    2.00    0.00    0.00    7.00     0  brave
02:45:23     1000      6021    2.00    0.00    0.00    0.00    2.00     0  brave
02:45:23     1000      6120   19.00    2.00    0.00    5.00   21.00     0  brave
02:45:23     1000      6344    3.00    1.00    0.00    1.00    4.00     1  brave
02:45:23     1000     12552    0.00    1.00    0.00    0.00    1.00     1  pidstat

# Time        UID       PID    %usr %system  %guest   %wait    %CPU   CPU  Command
02:45:24        0        15    0.00    1.00    0.00    0.00    1.00     0  rcu_preempt
02:45:24        0       703    0.00    1.00    0.00    0.00    1.00     1  irq/63-rtw88_pci
02:45:24        0       934    1.00    0.00    0.00    0.00    1.00     0  containerd
02:45:24     1000      3303    2.00    1.00    0.00    0.00    3.00     0  ibus-daemon
02:45:24     1000      3596    1.00    1.00    0.00    1.00    2.00     1  cinnamon
02:45:24     1000      5902   12.00    3.00    0.00    3.00   15.00     0  brave
02:45:24     1000      5942    4.00    1.00    0.00    0.00    5.00     1  brave
02:45:24     1000      5943    4.00    2.00    0.00    0.00    6.00     0  brave
02:45:24     1000      6021    2.00    0.00    0.00    0.00    2.00     0  brave
02:45:24     1000      6120   17.00    3.00    0.00    7.00   20.00     1  brave
02:45:24     1000      6344    2.00    1.00    0.00    1.00    3.00     1  brave
02:45:24        0     12399    0.00    1.00    0.00    0.00    1.00     1  kworker/u32:0-phy0
02:45:24     1000     12552    1.00    0.00    0.00    0.00    1.00     1  pidstat
