Linux 6.1.0-34-amd64 (debian) 	06/04/25 	_x86_64_	(2 CPU)

# Time        UID       PID    %usr %system  %guest   %wait    %CPU   CPU  Command
02:50:36        0        15    0.00    0.99    0.00    0.00    0.99     1  rcu_preempt
02:50:36      120       916    0.00    0.99    0.00    0.00    0.99     0  redis-server
02:50:36        0       968    0.00    0.99    0.00    0.00    0.99     1  Xorg
02:50:36     1000      3596    2.97    0.99    0.00    0.99    3.96     0  cinnamon
02:50:36     1000      3947    0.00    0.99    0.00    0.00    0.99     0  blueman-tray
02:50:36     1000      5902    0.00    0.99    0.00    0.00    0.99     0  brave
02:50:36     1000      5942    1.98    1.98    0.00    0.99    3.96     0  brave
02:50:36     1000      6120    5.94    1.98    0.00    0.99    7.92     0  brave
02:50:36     1000      6447    0.99    0.00    0.00    0.00    0.99     1  brave
02:50:36     1000     13076    0.99    1.98    0.00    0.00    2.97     1  pidstat

# Time        UID       PID    %usr %system  %guest   %wait    %CPU   CPU  Command
02:50:37        0       968    1.00    1.00    0.00    0.00    2.00     0  Xorg
02:50:37     1000      3596    3.00    0.00    0.00    3.00    3.00     1  cinnamon
02:50:37     1000      5902    0.00   48.00    0.00    0.00   48.00     0  brave
02:50:37     1000      5942    4.00    3.00    0.00    2.00    7.00     0  brave
02:50:37     1000      6120    8.00    1.00    0.00    5.00    9.00     0  brave
02:50:37     1000     13050    0.00    1.00    0.00    0.00    1.00     1  brave
02:50:37     1000     13076    1.00    3.00    0.00    0.00    4.00     1  pidstat

# Time        UID       PID    %usr %system  %guest   %wait    %CPU   CPU  Command
02:50:38     1000      3596    4.00    1.00    0.00    0.00    5.00     0  cinnamon
02:50:38     1000      5902    2.00    0.00    0.00    0.00    2.00     0  brave
02:50:38     1000      5942    4.00    1.00    0.00    1.00    5.00     0  brave
02:50:38     1000      6120    7.00    1.00    0.00    0.00    8.00     0  brave
02:50:38     1000      6987    0.00    1.00    0.00    0.00    1.00     0  brave
02:50:38        0     12399    0.00    1.00    0.00    0.00    1.00     0  kworker/u32:0-phy0
02:50:38     1000     13076    1.00    1.00    0.00    0.00    2.00     1  pidstat

# Time        UID       PID    %usr %system  %guest   %wait    %CPU   CPU  Command
02:50:39        0       703    0.00    1.00    0.00    0.00    1.00     1  irq/63-rtw88_pci
02:50:39        0       968    1.00    1.00    0.00    0.00    2.00     1  Xorg
02:50:39     1000      3596    4.00    0.00    0.00    1.00    4.00     1  cinnamon
02:50:39     1000      4636    1.00    0.00    0.00    0.00    1.00     0  jetbrains-toolb
02:50:39     1000      5942    6.00    1.00    0.00    1.00    7.00     1  brave
02:50:39     1000      6120    6.00    2.00    0.00    0.00    8.00     0  brave
02:50:39     1000     13076    1.00    3.00    0.00    0.00    4.00     1  pidstat

# Time        UID       PID    %usr %system  %guest   %wait    %CPU   CPU  Command
02:50:40        0       165    0.00    1.00    0.00    0.00    1.00     0  gfx
02:50:40        0       174    0.00    1.00    0.00    0.00    1.00     0  sdma0
02:50:40      120       916    1.00    0.00    0.00    0.00    1.00     0  redis-server
02:50:40        0       968    1.00    0.00    0.00    0.00    1.00     0  Xorg
02:50:40     1000      3596    3.00    1.00    0.00    0.00    4.00     0  cinnamon
02:50:40     1000      4636    0.00    1.00    0.00    0.00    1.00     0  jetbrains-toolb
02:50:40     1000      5902    1.00    1.00    0.00    0.00    2.00     0  brave
02:50:40     1000      5942    5.00    2.00    0.00    1.00    7.00     0  brave
02:50:40     1000      6120    8.00    1.00    0.00    1.00    9.00     0  brave
02:50:40     1000      6626    1.00    0.00    0.00    0.00    1.00     0  brave
02:50:40     1000     13076    0.00    4.00    0.00    0.00    4.00     1  pidstat

# Time        UID       PID    %usr %system  %guest   %wait    %CPU   CPU  Command
02:50:41        0       140    0.00    1.00    0.00    0.00    1.00     0  irq/30-ELAN0708:00
02:50:41        0       968    1.00    3.00    0.00    0.00    4.00     0  Xorg
02:50:41     1000      3596    4.00    1.00    0.00    2.00    5.00     1  cinnamon
02:50:41     1000      5902    5.00    1.00    0.00    1.00    6.00     0  brave
02:50:41     1000      5942    9.00    1.00    0.00    3.00   10.00     1  brave
02:50:41     1000      6120    7.00    1.00    0.00    2.00    8.00     0  brave
02:50:41     1000      6626    3.00    1.00    0.00    1.00    4.00     1  brave
02:50:41        0      9838    0.00    1.00    0.00    0.00    1.00     0  kworker/0:1-events_freezable
02:50:41        0     12399    0.00    1.00    0.00    0.00    1.00     0  kworker/u32:0-phy0
02:50:41     1000     13076    1.00    0.00    0.00    0.00    1.00     0  pidstat

# Time        UID       PID    %usr %system  %guest   %wait    %CPU   CPU  Command
02:50:42        0       703    0.00    1.00    0.00    0.00    1.00     1  irq/63-rtw88_pci
02:50:42        0       849    1.00    0.00    0.00    0.00    1.00     1  preload
02:50:42        0       968    2.00    2.00    0.00    1.00    4.00     1  Xorg
02:50:42     1000      3303    1.00    0.00    0.00    3.00    1.00     0  ibus-daemon
02:50:42     1000      3313    1.00    0.00    0.00    0.00    1.00     0  ibus-ui-gtk3
02:50:42     1000      3314    1.00    0.00    0.00    0.00    1.00     0  ibus-extension-
02:50:42     1000      3596    5.00    2.00    0.00   11.00    7.00     0  cinnamon
02:50:42     1000      5902   15.00    3.00    0.00    6.00   18.00     0  brave
02:50:42     1000      5942    8.00    3.00    0.00   12.00   11.00     1  brave
02:50:42     1000      5943    1.00    1.00    0.00    0.00    2.00     1  brave
02:50:42     1000      6027    2.00    2.00    0.00    1.00    4.00     1  brave
02:50:42     1000      6097    2.00    1.00    0.00    3.00    3.00     0  brave
02:50:42     1000      6120    7.00    1.00    0.00    8.00    8.00     1  brave
02:50:42     1000      6418    0.00    1.00    0.00    0.00    1.00     1  brave
02:50:42     1000      6626    1.00    0.00    0.00    0.00    1.00     0  brave
02:50:42     1000     13076    0.00    1.00    0.00    0.00    1.00     1  pidstat

# Time        UID       PID    %usr %system  %guest   %wait    %CPU   CPU  Command
02:50:43        0       968    1.00    0.00    0.00    0.00    1.00     1  Xorg
02:50:43     1000      5902    1.00    3.00    0.00    1.00    4.00     0  brave
02:50:43     1000      5942    2.00    2.00    0.00    0.00    4.00     0  brave
02:50:43     1000      6027    0.00    1.00    0.00    0.00    1.00     1  brave
02:50:43     1000      6097   10.00    1.00    0.00    3.00   11.00     0  brave
02:50:43     1000      6120    4.00    1.00    0.00    1.00    5.00     0  brave
02:50:43     1000      6150    0.00    1.00    0.00    0.00    1.00     1  alacritty
02:50:43     1000     13076    1.00    2.00    0.00    0.00    3.00     1  pidstat

# Time        UID       PID    %usr %system  %guest   %wait    %CPU   CPU  Command
02:50:44     1000      3596    1.00    0.00    0.00    0.00    1.00     1  cinnamon
02:50:44     1000      5902    1.00   21.00    0.00    0.00   22.00     1  brave
02:50:44     1000      5942    2.00    1.00    0.00    0.00    3.00     1  brave
02:50:44     1000      6097    3.00    2.00    0.00    2.00    5.00     0  brave
02:50:44     1000      6120    5.00    1.00    0.00    3.00    6.00     0  brave
02:50:44        0     10294    0.00    1.00    0.00    0.00    1.00     0  kworker/u32:1-phy0
02:50:44     1000     13012    8.00    2.00    0.00    0.00   10.00     1  brave
02:50:44     1000     13076    2.00    2.00    0.00    1.00    4.00     1  pidstat

# Time        UID       PID    %usr %system  %guest   %wait    %CPU   CPU  Command
02:50:45      120       916    0.00    1.00    0.00    0.00    1.00     1  redis-server
02:50:45     1000      4636    0.00    1.00    0.00    0.00    1.00     0  jetbrains-toolb
02:50:45     1000      5902    0.00    1.00    0.00    0.00    1.00     1  brave
02:50:45     1000      5942    3.00    1.00    0.00    0.00    4.00     0  brave
02:50:45     1000      6097    3.00    3.00    0.00    2.00    6.00     1  brave
02:50:45     1000      6120    3.00    3.00    0.00    2.00    6.00     0  brave
02:50:45     1000      6831    4.00    1.00    0.00    0.00    5.00     0  brave
02:50:45        0     12895    0.00    1.00    0.00    0.00    1.00     1  kworker/u33:2-rtw_tx_wq
02:50:45     1000     13012    9.00    0.00    0.00    0.00    9.00     1  brave
02:50:45     1000     13076    0.00    3.00    0.00    1.00    3.00     0  pidstat

# Time        UID       PID    %usr %system  %guest   %wait    %CPU   CPU  Command
02:50:46        0        15    0.00    1.00    0.00    0.00    1.00     1  rcu_preempt
02:50:46        0       165    0.00    1.00    0.00    0.00    1.00     1  gfx
02:50:46        0       703    0.00    1.00    0.00    0.00    1.00     1  irq/63-rtw88_pci
02:50:46      101       804    1.00    0.00    0.00    0.00    1.00     1  dbus-daemon
02:50:46      120       916    1.00    0.00    0.00    0.00    1.00     1  redis-server
02:50:46        0       968    2.00    1.00    0.00    0.00    3.00     0  Xorg
02:50:46     1000      3596    3.00    1.00    0.00    1.00    4.00     0  cinnamon
02:50:46     1000      3663    1.00    0.00    0.00    0.00    1.00     1  gnome-software
02:50:46     1000      5902    3.00    2.00    0.00    1.00    5.00     1  brave
02:50:46     1000      5942    3.00    3.00    0.00    1.00    6.00     1  brave
02:50:46     1000      6097   15.00    2.00    0.00    3.00   17.00     1  brave
02:50:46     1000      6120    3.00    2.00    0.00    2.00    5.00     1  brave
02:50:46     1000      6831    1.00    0.00    0.00    1.00    1.00     0  brave
02:50:46     1000     13076    0.00    3.00    0.00    0.00    3.00     0  pidstat

# Time        UID       PID    %usr %system  %guest   %wait    %CPU   CPU  Command
02:50:47     1000      4636    1.00    0.00    0.00    0.00    1.00     0  jetbrains-toolb
02:50:47     1000      5902    2.00    1.00    0.00    0.00    3.00     1  brave
02:50:47     1000      5942    2.00    2.00    0.00    0.00    4.00     1  brave
02:50:47     1000      6021    1.00    0.00    0.00    0.00    1.00     0  brave
02:50:47     1000      6097    4.00    4.00    0.00    3.00    8.00     1  brave
02:50:47     1000      6120    5.00    2.00    0.00    1.00    7.00     1  brave
02:50:47     1000     13076    2.00    2.00    0.00    0.00    4.00     0  pidstat

# Time        UID       PID    %usr %system  %guest   %wait    %CPU   CPU  Command
02:50:48        0       968    1.00    0.00    0.00    0.00    1.00     0  Xorg
02:50:48     1000      3278    1.00    0.00    0.00    0.00    1.00     1  tracker-miner-f
02:50:48     1000      3596    3.00    1.00    0.00    1.00    4.00     0  cinnamon
02:50:48     1000      5902    3.00    0.00    0.00    1.00    3.00     0  brave
02:50:48     1000      5942    4.00    2.00    0.00    0.00    6.00     0  brave
02:50:48     1000      6097   14.00    2.00    0.00    4.00   16.00     0  brave
02:50:48     1000      6120    6.00    1.00    0.00    3.00    7.00     0  brave
02:50:48     1000      6626    6.00    0.00    0.00    1.00    6.00     1  brave
02:50:48     1000     13076    1.00    3.00    0.00    2.00    4.00     1  pidstat

# Time        UID       PID    %usr %system  %guest   %wait    %CPU   CPU  Command
02:50:49     1000      4636    1.00    0.00    0.00    0.00    1.00     0  jetbrains-toolb
02:50:49     1000      5902    1.00    1.00    0.00    0.00    2.00     0  brave
02:50:49     1000      5942    2.00    1.00    0.00    0.00    3.00     0  brave
02:50:49     1000      6097    7.00    2.00    0.00    2.00    9.00     0  brave
02:50:49     1000      6120    4.00    2.00    0.00    2.00    6.00     0  brave
02:50:49     1000     13076    0.00    3.00    0.00    0.00    3.00     1  pidstat

# Time        UID       PID    %usr %system  %guest   %wait    %CPU   CPU  Command
02:50:50        0       703    0.00    1.00    0.00    0.00    1.00     1  irq/63-rtw88_pci
02:50:50     1000      5902    1.00    0.00    0.00    0.00    1.00     0  brave
02:50:50     1000      5942    2.00    2.00    0.00    0.00    4.00     0  brave
02:50:50     1000      6097    6.00    1.00    0.00    2.00    7.00     0  brave
02:50:50     1000      6120    5.00    2.00    0.00    2.00    7.00     0  brave
02:50:50     1000     13076    1.00    2.00    0.00    0.00    3.00     1  pidstat

# Time        UID       PID    %usr %system  %guest   %wait    %CPU   CPU  Command
02:50:51        0       934    1.00    0.00    0.00    0.00    1.00     0  containerd
02:50:51     1000      3947    1.00    0.00    0.00    0.00    1.00     1  blueman-tray
02:50:51     1000      4636    1.00    0.00    0.00    0.00    1.00     0  jetbrains-toolb
02:50:51     1000      5902    0.00    1.00    0.00    0.00    1.00     1  brave
02:50:51     1000      5942    1.00    2.00    0.00    0.00    3.00     0  brave
02:50:51     1000      6097    5.00    1.00    0.00    1.00    6.00     0  brave
02:50:51     1000      6120    5.00    2.00    0.00    2.00    7.00     0  brave
02:50:51     1000      6626    0.00    1.00    0.00    0.00    1.00     1  brave
02:50:51        0      9838    0.00    1.00    0.00    0.00    1.00     0  kworker/0:1-mm_percpu_wq
02:50:51     1000     13076    1.00    3.00    0.00    0.00    4.00     1  pidstat

# Time        UID       PID    %usr %system  %guest   %wait    %CPU   CPU  Command
02:50:52      120       916    0.00    1.00    0.00    0.00    1.00     1  redis-server
02:50:52        0       968    1.00    0.00    0.00    0.00    1.00     0  Xorg
02:50:52     1000      3684    1.00    0.00    0.00    0.00    1.00     0  nemo-desktop
02:50:52     1000      5902    2.00    1.00    0.00    0.00    3.00     0  brave
02:50:52     1000      5942    2.00    2.00    0.00    0.00    4.00     0  brave
02:50:52     1000      5943    1.00    0.00    0.00    0.00    1.00     0  brave
02:50:52     1000      6097    4.00    2.00    0.00    1.00    6.00     0  brave
02:50:52     1000      6120    5.00    1.00    0.00    2.00    6.00     0  brave
02:50:52     1000      8654    1.00    0.00    0.00    0.00    1.00     0  brave
02:50:52        0     10294    0.00    1.00    0.00    0.00    1.00     0  kworker/u32:1-writeback
02:50:52     1000     13076    0.00    2.00    0.00    0.00    2.00     1  pidstat

# Time        UID       PID    %usr %system  %guest   %wait    %CPU   CPU  Command
02:50:53        0       703    0.00    1.00    0.00    0.00    1.00     1  irq/63-rtw88_pci
02:50:53     1000      4636    0.00    1.00    0.00    0.00    1.00     0  jetbrains-toolb
02:50:53     1000      5902    1.00    1.00    0.00    0.00    2.00     0  brave
02:50:53     1000      5942    2.00    1.00    0.00    0.00    3.00     0  brave
02:50:53     1000      6097    5.00    1.00    0.00    2.00    6.00     0  brave
02:50:53     1000      6120    5.00    1.00    0.00    2.00    6.00     0  brave
02:50:53     1000     13076    1.00    3.00    0.00    0.00    4.00     1  pidstat

# Time        UID       PID    %usr %system  %guest   %wait    %CPU   CPU  Command
02:50:54     1000      4636    1.00    0.00    0.00    0.00    1.00     0  jetbrains-toolb
02:50:54     1000      5902    0.00    1.00    0.00    0.00    1.00     0  brave
02:50:54     1000      5942    2.00    2.00    0.00    0.00    4.00     0  brave
02:50:54     1000      5943    1.00    1.00    0.00    0.00    2.00     0  brave
02:50:54     1000      6097    5.00    1.00    0.00    2.00    6.00     0  brave
02:50:54     1000      6120    6.00    2.00    0.00    1.00    8.00     0  brave
02:50:54     1000     13076    1.00    3.00    0.00    0.00    4.00     1  pidstat
