Linux 6.1.0-34-amd64 (debian) 	06/04/25 	_x86_64_	(2 CPU)

# Time        UID       PID    %usr %system  %guest   %wait    %CPU   CPU  Command
02:46:08        0        14    0.00    0.97    0.00    0.00    0.97     0  ksoftirqd/0
02:46:08        0        15    0.00    0.97    0.00    0.00    0.97     1  rcu_preempt
02:46:08      120       916    0.00    0.97    0.00    0.00    0.97     0  redis-server
02:46:08        0       968    1.94    0.00    0.00    0.00    1.94     1  Xorg
02:46:08     1000      3303    1.94    0.97    0.00    0.00    2.91     1  ibus-daemon
02:46:08     1000      3436    0.97    0.00    0.00    0.00    0.97     0  ibus-engine-sim
02:46:08     1000      3596    1.94    1.94    0.00    4.85    3.88     1  cinnamon
02:46:08     1000      5902    6.80    1.94    0.00    0.97    8.74     1  brave
02:46:08     1000      5942    3.88    0.97    0.00    1.94    4.85     0  brave
02:46:08     1000      5943    0.97    0.00    0.00    0.00    0.97     0  brave
02:46:08     1000      6120    4.85    0.00    0.00    0.97    4.85     0  brave
02:46:08     1000      6150    0.97    0.00    0.00    0.97    0.97     0  alacritty
02:46:08     1000      6344   75.73    1.94    0.00    7.77   77.67     1  brave
02:46:08     1000     12638    0.97    1.94    0.00    0.00    2.91     0  pidstat

# Time        UID       PID    %usr %system  %guest   %wait    %CPU   CPU  Command
02:46:09        0       968    1.00    1.00    0.00    0.00    2.00     1  Xorg
02:46:09     1000      3170    1.00    0.00    0.00    2.00    1.00     0  kwalletd5
02:46:09     1000      3303    3.00    0.00    0.00    2.00    3.00     0  ibus-daemon
02:46:09     1000      3313    1.00    0.00    0.00    3.00    1.00     1  ibus-ui-gtk3
02:46:09     1000      3314    1.00    0.00    0.00    2.00    1.00     0  ibus-extension-
02:46:09     1000      3417    1.00    0.00    0.00    1.00    1.00     0  csd-keyboard
02:46:09     1000      3436    1.00    0.00    0.00    0.00    1.00     1  ibus-engine-sim
02:46:09     1000      3596    1.00    1.00    0.00    3.00    2.00     1  cinnamon
02:46:09     1000      4636    1.00    0.00    0.00    1.00    1.00     0  jetbrains-toolb
02:46:09     1000      5902    3.00    1.00    0.00    1.00    4.00     0  brave
02:46:09     1000      5942    3.00    1.00    0.00    0.00    4.00     1  brave
02:46:09     1000      6120    3.00    4.00    0.00    2.00    7.00     0  brave
02:46:09     1000      6344   32.00    2.00    0.00    6.00   34.00     1  brave
02:46:09     1000      6418    0.00    1.00    0.00    0.00    1.00     0  brave
02:46:09        0      9838    0.00    1.00    0.00    0.00    1.00     0  kworker/0:1-events
02:46:09     1000     12638    0.00    1.00    0.00    1.00    1.00     0  pidstat

# Time        UID       PID    %usr %system  %guest   %wait    %CPU   CPU  Command
02:46:10        0       165    0.00    1.00    0.00    0.00    1.00     1  gfx
02:46:10        0       703    0.00    1.00    0.00    0.00    1.00     1  irq/63-rtw88_pci
02:46:10        0       968    1.00    2.00    0.00    1.00    3.00     0  Xorg
02:46:10     1000      3303    6.00    1.00    0.00    6.00    7.00     1  ibus-daemon
02:46:10     1000      3313    3.00    0.00    0.00    1.00    3.00     1  ibus-ui-gtk3
02:46:10     1000      3314    1.00    0.00    0.00    1.00    1.00     0  ibus-extension-
02:46:10     1000      3436    1.00    0.00    0.00    0.00    1.00     0  ibus-engine-sim
02:46:10     1000      3596    5.00    3.00    0.00    6.00    8.00     0  cinnamon
02:46:10     1000      4636    1.00    0.00    0.00    0.00    1.00     0  jetbrains-toolb
02:46:10     1000      5902    6.00    1.00    0.00    1.00    7.00     0  brave
02:46:10     1000      5942    6.00    3.00    0.00    6.00    9.00     1  brave
02:46:10     1000      5943    0.00    1.00    0.00    0.00    1.00     0  brave
02:46:10     1000      6120    3.00    0.00    0.00    1.00    3.00     0  brave
02:46:10     1000      6344  110.00    2.00    0.00   34.00  112.00     1  brave
02:46:10     1000     12638    0.00    1.00    0.00    0.00    1.00     0  pidstat

# Time        UID       PID    %usr %system  %guest   %wait    %CPU   CPU  Command
02:46:11        0       140    0.00    1.00    0.00    0.00    1.00     0  irq/30-ELAN0708:00
02:46:11        0       968    3.00    2.00    0.00    0.00    5.00     1  Xorg
02:46:11     1000      3596   14.00    3.00    0.00   13.00   17.00     1  cinnamon
02:46:11     1000      5902    5.00    1.00    0.00    0.00    6.00     1  brave
02:46:11     1000      5942   12.00    3.00    0.00    9.00   15.00     1  brave
02:46:11     1000      5943    1.00    0.00    0.00    0.00    1.00     0  brave
02:46:11     1000      6021    1.00    0.00    0.00    0.00    1.00     0  brave
02:46:11     1000      6120    3.00    1.00    0.00    1.00    4.00     0  brave
02:46:11     1000      6344   47.00    3.00    0.00   11.00   50.00     1  brave
02:46:11        0     10294    0.00    1.00    0.00    0.00    1.00     1  kworker/u32:1-events_unbound
02:46:11     1000     12638    0.00    2.00    0.00    1.00    2.00     0  pidstat

# Time        UID       PID    %usr %system  %guest   %wait    %CPU   CPU  Command
02:46:12        0       165    0.00    1.00    0.00    0.00    1.00     1  gfx
02:46:12        0       968    1.00    2.00    0.00    0.00    3.00     0  Xorg
02:46:12     1000      3596   12.00    2.00    0.00    7.00   14.00     1  cinnamon
02:46:12     1000      5902    1.00    0.00    0.00    0.00    1.00     1  brave
02:46:12     1000      5942   10.00    3.00    0.00    8.00   13.00     0  brave
02:46:12     1000      5943    1.00    1.00    0.00    0.00    2.00     0  brave
02:46:12     1000      6120    4.00    0.00    0.00    0.00    4.00     0  brave
02:46:12     1000      6344   56.00    1.00    0.00    9.00   57.00     1  brave
02:46:12        0     10294    0.00    1.00    0.00    1.00    1.00     0  kworker/u32:1+events_unbound
02:46:12        0     12399    0.00    1.00    0.00    0.00    1.00     0  kworker/u32:0-phy0
02:46:12     1000     12638    1.00    1.00    0.00    1.00    2.00     1  pidstat
02:46:12     1000     12641    1.00    0.00    0.00    0.00    1.00     1  sem

# Time        UID       PID    %usr %system  %guest   %wait    %CPU   CPU  Command
02:46:13        0       140    0.00    1.00    0.00    0.00    1.00     0  irq/30-ELAN0708:00
02:46:13        0       165    0.00    1.00    0.00    0.00    1.00     1  gfx
02:46:13        0       703    0.00    1.00    0.00    0.00    1.00     1  irq/63-rtw88_pci
02:46:13        0       968    3.00    4.00    0.00    1.00    7.00     1  Xorg
02:46:13     1000      3596   14.00    2.00    0.00   17.00   16.00     1  cinnamon
02:46:13     1000      3947    1.00    0.00    0.00    0.00    1.00     1  blueman-tray
02:46:13     1000      5902    2.00    2.00    0.00    1.00    4.00     1  brave
02:46:13     1000      5942   16.00    4.00    0.00   15.00   20.00     1  brave
02:46:13     1000      6120    3.00    1.00    0.00    1.00    4.00     0  brave
02:46:13     1000      6344   84.00    4.00    0.00   11.00   88.00     0  brave
02:46:13        0     10294    0.00    1.00    0.00    0.00    1.00     0  kworker/u32:1+events_unbound
02:46:13     1000     12638    0.00    1.00    0.00    1.00    1.00     0  pidstat

# Time        UID       PID    %usr %system  %guest   %wait    %CPU   CPU  Command
02:46:14        0       165    0.00    1.00    0.00    0.00    1.00     0  gfx
02:46:14      120       916    0.00    1.00    0.00    0.00    1.00     1  redis-server
02:46:14        0       934    1.00    0.00    0.00    0.00    1.00     0  containerd
02:46:14        0       968    3.00    3.00    0.00    0.00    6.00     0  Xorg
02:46:14     1000      3596   13.00    4.00    0.00   21.00   17.00     1  cinnamon
02:46:14     1000      4636    1.00    0.00    0.00    0.00    1.00     0  jetbrains-toolb
02:46:14     1000      5902    3.00    1.00    0.00    0.00    4.00     0  brave
02:46:14     1000      5942   19.00    1.00    0.00   15.00   20.00     0  brave
02:46:14     1000      6120    5.00    1.00    0.00    3.00    6.00     0  brave
02:46:14     1000      6344  100.00    2.00    0.00   11.00  102.00     1  brave
02:46:14        0     10294    0.00    1.00    0.00    1.00    1.00     1  kworker/u32:1-events_unbound
02:46:14     1000     12638    0.00    2.00    0.00    4.00    2.00     0  pidstat

# Time        UID       PID    %usr %system  %guest   %wait    %CPU   CPU  Command
02:46:15        0       968    2.00    1.00    0.00    1.00    3.00     0  Xorg
02:46:15     1000      3303    3.00    0.00    0.00    2.00    3.00     1  ibus-daemon
02:46:15     1000      3313    1.00    0.00    0.00    0.00    1.00     1  ibus-ui-gtk3
02:46:15     1000      3314    1.00    1.00    0.00    0.00    2.00     0  ibus-extension-
02:46:15     1000      3596    9.00    0.00    0.00   11.00    9.00     0  cinnamon
02:46:15     1000      5902    4.00    2.00    0.00    1.00    6.00     0  brave
02:46:15     1000      5942   11.00    2.00    0.00   18.00   13.00     0  brave
02:46:15     1000      5943    1.00    0.00    0.00    0.00    1.00     0  brave
02:46:15     1000      6120    2.00    1.00    0.00    1.00    3.00     0  brave
02:46:15     1000      6344   91.00    4.00    0.00   11.00   95.00     1  brave
02:46:15     1000      6626    1.00    0.00    0.00    0.00    1.00     0  brave
02:46:15     1000     12638    2.00    0.00    0.00    1.00    2.00     0  pidstat

# Time        UID       PID    %usr %system  %guest   %wait    %CPU   CPU  Command
02:46:16        0        15    0.00    1.00    0.00    0.00    1.00     1  rcu_preempt
02:46:16        0        36    0.00    1.00    0.00    0.00    1.00     0  khugepaged
02:46:16        0       165    0.00    1.00    0.00    0.00    1.00     0  gfx
02:46:16        0       968    1.00    3.00    0.00    0.00    4.00     0  Xorg
02:46:16     1000      3596    9.00    2.00    0.00    8.00   11.00     1  cinnamon
02:46:16     1000      5902    1.00    3.00    0.00    0.00    4.00     1  brave
02:46:16     1000      5942   11.00    3.00    0.00   10.00   14.00     1  brave
02:46:16     1000      6120    3.00    2.00    0.00    0.00    5.00     1  brave
02:46:16     1000      6344   53.00    3.00    0.00    5.00   56.00     1  brave
02:46:16        0     10294    0.00    1.00    0.00    0.00    1.00     1  kworker/u32:1-phy0
02:46:16        0     12078    0.00    1.00    0.00    0.00    1.00     1  kworker/1:0-events
02:46:16     1000     12638    0.00    3.00    0.00    0.00    3.00     0  pidstat

# Time        UID       PID    %usr %system  %guest   %wait    %CPU   CPU  Command
02:46:17        0       703    0.00    1.00    0.00    0.00    1.00     1  irq/63-rtw88_pci
02:46:17     1000      3596    1.00    0.00    0.00    1.00    1.00     1  cinnamon
02:46:17     1000      4636    0.00    1.00    0.00    0.00    1.00     0  jetbrains-toolb
02:46:17     1000      5902   16.00    6.00    0.00    1.00   22.00     0  brave
02:46:17     1000      5942    3.00    2.00    0.00    0.00    5.00     0  brave
02:46:17     1000      6021    7.00    5.00    0.00    0.00   12.00     0  brave
02:46:17     1000      6120    6.00    1.00    0.00    2.00    7.00     0  brave
02:46:17     1000      6344    6.00    2.00    0.00    4.00    8.00     0  brave
02:46:17     1000     12638    1.00    2.00    0.00    1.00    3.00     0  pidstat
02:46:17     1000     12641    0.00    1.00    0.00    0.00    1.00     1  sem

# Time        UID       PID    %usr %system  %guest   %wait    %CPU   CPU  Command
02:46:18     1000      4636    1.00    0.00    0.00    0.00    1.00     0  jetbrains-toolb
02:46:18     1000      5902   41.00   20.00    0.00    3.00   61.00     0  brave
02:46:18     1000      5942    1.00    2.00    0.00    3.00    3.00     0  brave
02:46:18     1000      5943    1.00    0.00    0.00    0.00    1.00     1  brave
02:46:18     1000      6021   32.00   15.00    0.00    0.00   47.00     0  brave
02:46:18     1000      6120    3.00    1.00    0.00    1.00    4.00     1  brave
02:46:18     1000      6344    9.00    1.00    0.00    5.00   10.00     1  brave
02:46:18     1000      6418    1.00    0.00    0.00    0.00    1.00     1  brave
02:46:18     1000     12638    1.00    2.00    0.00    4.00    3.00     0  pidstat

# Time        UID       PID    %usr %system  %guest   %wait    %CPU   CPU  Command
02:46:19     1000      5902   17.00    6.00    0.00    0.00   23.00     1  brave
02:46:19     1000      5942    2.00    1.00    0.00    0.00    3.00     0  brave
02:46:19     1000      6021   10.00    6.00    0.00    0.00   16.00     0  brave
02:46:19     1000      6120    4.00    1.00    0.00    1.00    5.00     1  brave
02:46:19     1000      6344   52.00    4.00    0.00   37.00   56.00     1  brave
02:46:19     1000     12638    0.00    2.00    0.00    0.00    2.00     0  pidstat

# Time        UID       PID    %usr %system  %guest   %wait    %CPU   CPU  Command
02:46:20        0       703    0.00    1.00    0.00    0.00    1.00     1  irq/63-rtw88_pci
02:46:20     1000      5902    2.00    2.00    0.00    1.00    4.00     1  brave
02:46:20     1000      5942    3.00    1.00    0.00    0.00    4.00     0  brave
02:46:20     1000      5943    1.00    1.00    0.00    0.00    2.00     1  brave
02:46:20     1000      6021    1.00    0.00    0.00    0.00    1.00     0  brave
02:46:20     1000      6097    1.00    0.00    0.00    1.00    1.00     1  brave
02:46:20     1000      6120    4.00    2.00    0.00    3.00    6.00     1  brave
02:46:20     1000      6344    6.00    1.00    0.00    5.00    7.00     0  brave
02:46:20     1000      6490    0.00    1.00    0.00    1.00    1.00     0  brave
02:46:20     1000      6626    4.00    1.00    0.00    3.00    5.00     1  brave
02:46:20     1000      6831    1.00    0.00    0.00    2.00    1.00     1  brave
02:46:20     1000      6987    1.00    0.00    0.00    1.00    1.00     0  brave
02:46:20     1000      7002    1.00    0.00    0.00    1.00    1.00     1  brave
02:46:20     1000     12638    1.00    2.00    0.00    1.00    3.00     1  pidstat

# Time        UID       PID    %usr %system  %guest   %wait    %CPU   CPU  Command
02:46:21        0       849    1.00    0.00    0.00    0.00    1.00     0  preload
02:46:21      120       916    0.00    1.00    0.00    0.00    1.00     0  redis-server
02:46:21     1000      4636    0.00    1.00    0.00    0.00    1.00     0  jetbrains-toolb
02:46:21     1000      5902    3.00    1.00    0.00    1.00    4.00     0  brave
02:46:21     1000      5942    2.00    1.00    0.00    0.00    3.00     0  brave
02:46:21     1000      5943    1.00    0.00    0.00    0.00    1.00     1  brave
02:46:21     1000      6021    0.00    1.00    0.00    0.00    1.00     0  brave
02:46:21     1000      6120    4.00    3.00    0.00    2.00    7.00     1  brave
02:46:21     1000      6344    5.00    2.00    0.00    2.00    7.00     1  brave
02:46:21     1000      6626    1.00    0.00    0.00    0.00    1.00     1  brave
02:46:21     1000     12561    1.00    0.00    0.00    0.00    1.00     0  brave
02:46:21     1000     12638    1.00    1.00    0.00    0.00    2.00     0  pidstat
02:46:21     1000     12641    0.00    1.00    0.00    0.00    1.00     1  sem

# Time        UID       PID    %usr %system  %guest   %wait    %CPU   CPU  Command
02:46:22      120       916    1.00    0.00    0.00    0.00    1.00     0  redis-server
02:46:22        0       968    1.00    0.00    0.00    0.00    1.00     1  Xorg
02:46:22     1000      3596    0.00    1.00    0.00    0.00    1.00     1  cinnamon
02:46:22     1000      4636    1.00    0.00    0.00    0.00    1.00     0  jetbrains-toolb
02:46:22     1000      5902    1.00    1.00    0.00    0.00    2.00     1  brave
02:46:22     1000      5942    2.00    1.00    0.00    0.00    3.00     0  brave
02:46:22     1000      6120    5.00    3.00    0.00    2.00    8.00     0  brave
02:46:22     1000      6344    8.00    3.00    0.00    3.00   11.00     0  brave
02:46:22     1000     12638    2.00    2.00    0.00    1.00    4.00     1  pidstat

# Time        UID       PID    %usr %system  %guest   %wait    %CPU   CPU  Command
02:46:23        0       968    0.00    1.00    0.00    0.00    1.00     1  Xorg
02:46:23     1000      3596    1.00    0.00    0.00    1.00    1.00     0  cinnamon
02:46:23     1000      5902    2.00    1.00    0.00    1.00    3.00     1  brave
02:46:23     1000      5942    3.00    2.00    0.00    0.00    5.00     1  brave
02:46:23     1000      6120    5.00    1.00    0.00    2.00    6.00     0  brave
02:46:23     1000      6344    7.00    4.00    0.00    3.00   11.00     0  brave
02:46:23        0     12399    0.00    1.00    0.00    0.00    1.00     0  kworker/u32:0-phy0
02:46:23     1000     12638    1.00    2.00    0.00    0.00    3.00     1  pidstat

# Time        UID       PID    %usr %system  %guest   %wait    %CPU   CPU  Command
02:46:24        0       703    0.00    1.00    0.00    0.00    1.00     1  irq/63-rtw88_pci
02:46:24     1000      3435    0.00    1.00    0.00    0.00    1.00     1  csd-housekeepin
02:46:24     1000      3596    1.00    0.00    0.00    0.00    1.00     0  cinnamon
02:46:24     1000      5902    1.00    0.00    0.00    0.00    1.00     0  brave
02:46:24     1000      5942    2.00    3.00    0.00    0.00    5.00     0  brave
02:46:24     1000      6120    5.00    2.00    0.00    1.00    7.00     0  brave
02:46:24     1000      6344    5.00    1.00    0.00    2.00    6.00     0  brave
02:46:24     1000     12638    2.00    2.00    0.00    0.00    4.00     1  pidstat
02:46:24     1000     12641    0.00    1.00    0.00    0.00    1.00     1  sem

# Time        UID       PID    %usr %system  %guest   %wait    %CPU   CPU  Command
02:46:25        0        15    0.00    1.00    0.00    0.00    1.00     1  rcu_preempt
02:46:25        0       968    1.00    0.00    0.00    0.00    1.00     0  Xorg
02:46:25     1000      3682    1.00    0.00    0.00    0.00    1.00     1  kdeconnectd
02:46:25     1000      3947    1.00    0.00    0.00    0.00    1.00     1  blueman-tray
02:46:25     1000      5902    1.00    1.00    0.00    0.00    2.00     0  brave
02:46:25     1000      5942    3.00    0.00    0.00    0.00    3.00     0  brave
02:46:25     1000      6120    4.00    2.00    0.00    2.00    6.00     1  brave
02:46:25     1000      6344   11.00    3.00    0.00    2.00   14.00     0  brave
02:46:25     1000     12638    1.00    2.00    0.00    1.00    3.00     1  pidstat

# Time        UID       PID    %usr %system  %guest   %wait    %CPU   CPU  Command
02:46:26        0       968    1.00    0.00    0.00    0.00    1.00     0  Xorg
02:46:26     1000      3596    1.00    1.00    0.00    0.00    2.00     1  cinnamon
02:46:26     1000      4636    0.00    1.00    0.00    0.00    1.00     0  jetbrains-toolb
02:46:26     1000      5902    3.00    0.00    0.00    0.00    3.00     0  brave
02:46:26     1000      5942    3.00    2.00    0.00    0.00    5.00     0  brave
02:46:26     1000      6021    2.00    0.00    0.00    0.00    2.00     0  brave
02:46:26     1000      6120    6.00    1.00    0.00    1.00    7.00     1  brave
02:46:26     1000      6344   14.00    3.00    0.00    3.00   17.00     0  brave
02:46:26     1000     12638    1.00    3.00    0.00    0.00    4.00     1  pidstat
02:46:26     1000     12641    0.00    1.00    0.00    0.00    1.00     1  sem
