Linux 6.1.0-34-amd64 (debian) 	06/04/25 	_x86_64_	(2 CPU)

# Time        UID       PID    %usr %system  %guest   %wait    %CPU   CPU  Command
02:40:38        0        21    0.00    0.99    0.00    0.00    0.99     1  ksoftirqd/1
02:40:38        0       703    0.00    0.99    0.00    0.00    0.99     1  irq/63-rtw88_pci
02:40:38        0       968    0.99    0.99    0.00    0.00    1.98     1  Xorg
02:40:38     1000      3303    0.99    1.98    0.00    0.00    2.97     0  ibus-daemon
02:40:38     1000      3313    0.99    0.00    0.00    0.00    0.99     1  ibus-ui-gtk3
02:40:38     1000      3596    2.97    0.00    0.00    4.95    2.97     1  cinnamon
02:40:38     1000      5902   13.86   30.69    0.00    6.93   44.55     1  brave
02:40:38     1000      5942    5.94    0.99    0.00    4.95    6.93     0  brave
02:40:38     1000      5943    4.95    2.97    0.00    0.00    7.92     0  brave
02:40:38     1000      6021    1.98    0.00    0.00    0.00    1.98     1  brave
02:40:38     1000      6120   27.72    6.93    0.00   23.76   34.65     0  brave
02:40:38     1000      6344    1.98    1.98    0.00    0.99    3.96     1  brave
02:40:38     1000     11670    0.99    0.00    0.00    0.00    0.99     1  brave
02:40:38     1000     12129    0.00    0.99    0.00    0.99    0.99     1  pidstat
02:40:38     1000     12132    5.94    5.94    0.00    0.00   11.88     0  spin-lock

# Time        UID       PID    %usr %system  %guest   %wait    %CPU   CPU  Command
02:40:39        0        15    0.00    1.00    0.00    0.00    1.00     0  rcu_preempt
02:40:39        0       968    0.00    1.00    0.00    0.00    1.00     0  Xorg
02:40:39     1000      3303    1.00    0.00    0.00    1.00    1.00     1  ibus-daemon
02:40:39     1000      3596    3.00    1.00    0.00    2.00    4.00     1  cinnamon
02:40:39     1000      5902   13.00    5.00    0.00    3.00   18.00     0  brave
02:40:39     1000      5942    4.00    2.00    0.00    1.00    6.00     0  brave
02:40:39     1000      5943    6.00    2.00    0.00    0.00    8.00     0  brave
02:40:39     1000      6021    2.00    0.00    0.00    0.00    2.00     1  brave
02:40:39     1000      6120   19.00    2.00    0.00    9.00   21.00     0  brave
02:40:39     1000      6344    2.00    2.00    0.00    0.00    4.00     0  brave
02:40:39     1000     11670    0.00    1.00    0.00    0.00    1.00     1  brave
02:40:39        0     11701    0.00    1.00    0.00    0.00    1.00     0  kworker/u32:7-phy0
02:40:39     1000     12129    1.00    1.00    0.00    0.00    2.00     1  pidstat
02:40:39     1000     12132    4.00    2.00    0.00    0.00    6.00     0  spin-lock

# Time        UID       PID    %usr %system  %guest   %wait    %CPU   CPU  Command
02:40:40        0       703    0.00    1.00    0.00    0.00    1.00     1  irq/63-rtw88_pci
02:40:40      120       916    0.00    1.00    0.00    0.00    1.00     0  redis-server
02:40:40        0       968    0.00    2.00    0.00    0.00    2.00     1  Xorg
02:40:40     1000      3303    1.00    0.00    0.00    0.00    1.00     1  ibus-daemon
02:40:40     1000      3436    1.00    0.00    0.00    0.00    1.00     0  ibus-engine-sim
02:40:40     1000      3596    2.00    1.00    0.00    3.00    3.00     1  cinnamon
02:40:40     1000      5902   13.00    1.00    0.00    2.00   14.00     0  brave
02:40:40     1000      5942    5.00    2.00    0.00    4.00    7.00     1  brave
02:40:40     1000      5943    5.00    1.00    0.00    0.00    6.00     0  brave
02:40:40     1000      5953    0.00    1.00    0.00    0.00    1.00     0  brave
02:40:40     1000      6021    2.00    1.00    0.00    0.00    3.00     1  brave
02:40:40     1000      6120   21.00    3.00    0.00    9.00   24.00     0  brave
02:40:40     1000      6344    3.00    0.00    0.00    1.00    3.00     1  brave
02:40:40     1000     12129    1.00    0.00    0.00    1.00    1.00     1  pidstat
02:40:40     1000     12132    3.00    3.00    0.00    0.00    6.00     0  spin-lock

# Time        UID       PID    %usr %system  %guest   %wait    %CPU   CPU  Command
02:40:41        0       165    0.00    1.00    0.00    0.00    1.00     0  gfx
02:40:41        0       703    0.00    1.00    0.00    0.00    1.00     1  irq/63-rtw88_pci
02:40:41        0       968    1.00    1.00    0.00    0.00    2.00     0  Xorg
02:40:41     1000      3303    1.00    1.00    0.00    1.00    2.00     0  ibus-daemon
02:40:41     1000      3436    0.00    1.00    0.00    0.00    1.00     0  ibus-engine-sim
02:40:41     1000      3596    3.00    1.00    0.00    5.00    4.00     0  cinnamon
02:40:41     1000      5902   20.00    4.00    0.00    4.00   24.00     0  brave
02:40:41     1000      5942    6.00    1.00    0.00    4.00    7.00     0  brave
02:40:41     1000      5943    6.00    3.00    0.00    0.00    9.00     0  brave
02:40:41     1000      6021    1.00    2.00    0.00    0.00    3.00     1  brave
02:40:41     1000      6120   25.00    5.00    0.00   14.00   30.00     0  brave
02:40:41     1000      6344    3.00    0.00    0.00    1.00    3.00     1  brave
02:40:41        0      9600    0.00    1.00    0.00    0.00    1.00     1  kworker/u33:1-rtw_tx_wq
02:40:41     1000     11670    1.00    0.00    0.00    0.00    1.00     1  brave
02:40:41     1000     12129    0.00    2.00    0.00    1.00    2.00     1  pidstat
02:40:41     1000     12132    0.00    8.00    0.00    0.00    8.00     0  spin-lock

# Time        UID       PID    %usr %system  %guest   %wait    %CPU   CPU  Command
02:40:42        0       849    1.00    0.00    0.00    0.00    1.00     0  preload
02:40:42        0       968    1.00    1.00    0.00    0.00    2.00     1  Xorg
02:40:42        0      2892    1.00    1.00    0.00    0.00    2.00     0  dockerd
02:40:42     1000      3596    1.00    0.00    0.00    1.00    1.00     1  cinnamon
02:40:42     1000      4636    1.00    0.00    0.00    0.00    1.00     1  jetbrains-toolb
02:40:42     1000      5902    7.00    4.00    0.00    3.00   11.00     1  brave
02:40:42     1000      5942    3.00    2.00    0.00    1.00    5.00     1  brave
02:40:42     1000      5943    3.00    1.00    0.00    0.00    4.00     0  brave
02:40:42     1000      6021    1.00    0.00    0.00    0.00    1.00     0  brave
02:40:42     1000      6120   15.00    1.00    0.00    7.00   16.00     1  brave
02:40:42     1000      6344    3.00    1.00    0.00    0.00    4.00     0  brave
02:40:42     1000      6626    2.00    0.00    0.00    0.00    2.00     0  brave
02:40:42     1000      6987    1.00    0.00    0.00    1.00    1.00     1  brave
02:40:42     1000     12129    1.00    0.00    0.00    0.00    1.00     0  pidstat
02:40:42     1000     12132    2.00    4.00    0.00    0.00    6.00     0  spin-lock

# Time        UID       PID    %usr %system  %guest   %wait    %CPU   CPU  Command
02:40:43        0       934    0.00    1.00    0.00    0.00    1.00     0  containerd
02:40:43        0       968    1.00    0.00    0.00    0.00    1.00     1  Xorg
02:40:43     1000      3303    0.00    1.00    0.00    1.00    1.00     0  ibus-daemon
02:40:43     1000      3417    0.00    1.00    0.00    0.00    1.00     1  csd-keyboard
02:40:43     1000      3436    1.00    0.00    0.00    0.00    1.00     0  ibus-engine-sim
02:40:43     1000      3596    2.00    0.00    0.00    1.00    2.00     0  cinnamon
02:40:43     1000      3947    0.00    1.00    0.00    0.00    1.00     0  blueman-tray
02:40:43     1000      5902    8.00    5.00    0.00    1.00   13.00     1  brave
02:40:43     1000      5942    4.00    2.00    0.00    1.00    6.00     1  brave
02:40:43     1000      5943    5.00    1.00    0.00    0.00    6.00     0  brave
02:40:43     1000      6021    2.00    0.00    0.00    0.00    2.00     0  brave
02:40:43     1000      6120   13.00    4.00    0.00    5.00   17.00     0  brave
02:40:43     1000      6344    3.00    0.00    0.00    1.00    3.00     0  brave
02:40:43     1000     11670    1.00    0.00    0.00    0.00    1.00     1  brave
02:40:43     1000     12129    1.00    1.00    0.00    1.00    2.00     1  pidstat
02:40:43     1000     12132    1.00    6.00    0.00    0.00    7.00     0  spin-lock

# Time        UID       PID    %usr %system  %guest   %wait    %CPU   CPU  Command
02:40:44        0       703    0.00    1.00    0.00    0.00    1.00     1  irq/63-rtw88_pci
02:40:44        0       968    1.00    0.00    0.00    0.00    1.00     0  Xorg
02:40:44     1000      3303    1.00    0.00    0.00    0.00    1.00     1  ibus-daemon
02:40:44     1000      3596    2.00    1.00    0.00    3.00    3.00     0  cinnamon
02:40:44     1000      5902   13.00   21.00    0.00    5.00   34.00     0  brave
02:40:44     1000      5942    3.00    1.00    0.00    2.00    4.00     0  brave
02:40:44     1000      5943    3.00    3.00    0.00    0.00    6.00     0  brave
02:40:44     1000      6021    2.00    0.00    0.00    0.00    2.00     0  brave
02:40:44     1000      6120   20.00    2.00    0.00   12.00   22.00     0  brave
02:40:44     1000      6344    3.00    1.00    0.00    0.00    4.00     1  brave
02:40:44     1000     12129    0.00    1.00    0.00    0.00    1.00     1  pidstat
02:40:44     1000     12132    2.00    5.00    0.00    0.00    7.00     0  spin-lock

# Time        UID       PID    %usr %system  %guest   %wait    %CPU   CPU  Command
02:40:45        0        16    0.00    1.00    0.00    0.00    1.00     0  migration/0
02:40:45        0       968    0.00    1.00    0.00    0.00    1.00     1  Xorg
02:40:45     1000      3303    1.00    1.00    0.00    1.00    2.00     0  ibus-daemon
02:40:45     1000      3436    1.00    0.00    0.00    0.00    1.00     1  ibus-engine-sim
02:40:45     1000      3596    2.00    1.00    0.00    2.00    3.00     1  cinnamon
02:40:45     1000      4636    0.00    1.00    0.00    0.00    1.00     1  jetbrains-toolb
02:40:45     1000      5902   12.00    4.00    0.00    3.00   16.00     0  brave
02:40:45     1000      5942    5.00    2.00    0.00    2.00    7.00     1  brave
02:40:45     1000      5943    5.00    1.00    0.00    0.00    6.00     0  brave
02:40:45     1000      6021    1.00    1.00    0.00    0.00    2.00     0  brave
02:40:45     1000      6120   20.00    3.00    0.00    8.00   23.00     0  brave
02:40:45     1000      6150    1.00    0.00    0.00    0.00    1.00     0  alacritty
02:40:45     1000      6344    2.00    2.00    0.00    1.00    4.00     0  brave
02:40:45     1000      6418    1.00    0.00    0.00    0.00    1.00     1  brave
02:40:45     1000     11670    1.00    0.00    0.00    0.00    1.00     1  brave
02:40:45        0     11701    0.00    1.00    0.00    0.00    1.00     0  kworker/u32:7-phy0
02:40:45     1000     12129    0.00    1.00    0.00    0.00    1.00     1  pidstat
02:40:45     1000     12132    2.00    5.00    0.00    0.00    7.00     0  spin-lock

# Time        UID       PID    %usr %system  %guest   %wait    %CPU   CPU  Command
02:40:46        0       703    0.00    1.00    0.00    0.00    1.00     1  irq/63-rtw88_pci
02:40:46        0       853    1.00    0.00    0.00    0.00    1.00     1  wpa_supplicant
02:40:46      120       916    1.00    0.00    0.00    0.00    1.00     0  redis-server
02:40:46        0       968    0.00    1.00    0.00    0.00    1.00     1  Xorg
02:40:46     1000      3303    2.00    0.00    0.00    0.00    2.00     1  ibus-daemon
02:40:46     1000      3314    1.00    0.00    0.00    0.00    1.00     0  ibus-extension-
02:40:46     1000      3596    2.00    0.00    0.00    4.00    2.00     1  cinnamon
02:40:46     1000      3682    1.00    0.00    0.00    0.00    1.00     1  kdeconnectd
02:40:46     1000      5902   12.00    4.00    0.00    3.00   16.00     0  brave
02:40:46     1000      5942    4.00    0.00    0.00    3.00    4.00     1  brave
02:40:46     1000      5943    4.00    2.00    0.00    0.00    6.00     0  brave
02:40:46     1000      6021    2.00    0.00    0.00    0.00    2.00     0  brave
02:40:46     1000      6120   20.00    3.00    0.00    8.00   23.00     0  brave
02:40:46     1000      6344    4.00    0.00    0.00    1.00    4.00     1  brave
02:40:46     1000     12129    0.00    1.00    0.00    0.00    1.00     1  pidstat
02:40:46     1000     12132    3.00    5.00    0.00    0.00    8.00     0  spin-lock

# Time        UID       PID    %usr %system  %guest   %wait    %CPU   CPU  Command
02:40:47        0       852    0.00    1.00    0.00    0.00    1.00     1  NetworkManager
02:40:47        0       968    0.00    1.00    0.00    0.00    1.00     1  Xorg
02:40:47     1000      3596    0.00    1.00    0.00    1.00    1.00     1  cinnamon
02:40:47     1000      3947    1.00    0.00    0.00    0.00    1.00     1  blueman-tray
02:40:47     1000      5902    5.00    3.00    0.00    1.00    8.00     0  brave
02:40:47     1000      5942    2.00    3.00    0.00    0.00    5.00     1  brave
02:40:47     1000      5943    3.00    1.00    0.00    0.00    4.00     0  brave
02:40:47     1000      6021    1.00    1.00    0.00    0.00    2.00     0  brave
02:40:47     1000      6027    1.00    0.00    0.00    0.00    1.00     0  brave
02:40:47     1000      6120   13.00    2.00    0.00    6.00   15.00     0  brave
02:40:47     1000      6344    3.00    1.00    0.00    0.00    4.00     1  brave
02:40:47     1000     12129    1.00    1.00    0.00    0.00    2.00     1  pidstat
02:40:47     1000     12132    1.00    7.00    0.00    0.00    8.00     0  spin-lock

# Time        UID       PID    %usr %system  %guest   %wait    %CPU   CPU  Command
02:40:48        0       968    1.00    0.00    0.00    0.00    1.00     0  Xorg
02:40:48     1000      3596    2.00    0.00    0.00    1.00    2.00     1  cinnamon
02:40:48     1000      5902    4.00    0.00    0.00    1.00    4.00     1  brave
02:40:48     1000      5942    3.00    2.00    0.00    1.00    5.00     0  brave
02:40:48     1000      5943    1.00    1.00    0.00    0.00    2.00     0  brave
02:40:48     1000      6021    1.00    0.00    0.00    0.00    1.00     0  brave
02:40:48     1000      6120    8.00    2.00    0.00    3.00   10.00     1  brave
02:40:48     1000      6344    3.00    0.00    0.00    0.00    3.00     0  brave
02:40:48     1000     11670    1.00    0.00    0.00    0.00    1.00     1  brave
02:40:48     1000     12129    0.00    3.00    0.00    1.00    3.00     0  pidstat
02:40:48     1000     12132    2.00    9.00    0.00    0.00   11.00     0  spin-lock

# Time        UID       PID    %usr %system  %guest   %wait    %CPU   CPU  Command
02:40:49        0       968    0.00    1.00    0.00    0.00    1.00     0  Xorg
02:40:49     1000      3596    4.00    1.00    0.00    1.00    5.00     0  cinnamon
02:40:49     1000      4636    0.00    1.00    0.00    0.00    1.00     1  jetbrains-toolb
02:40:49     1000      5902    1.00    1.00    0.00    0.00    2.00     1  brave
02:40:49     1000      5942    3.00    3.00    0.00    1.00    6.00     0  brave
02:40:49     1000      6120    5.00    2.00    0.00    1.00    7.00     0  brave
02:40:49     1000      6344    4.00    1.00    0.00    0.00    5.00     1  brave
02:40:49     1000      6626    5.00    0.00    0.00    0.00    5.00     0  brave
02:40:49     1000     12129    1.00    3.00    0.00    0.00    4.00     1  pidstat
02:40:49     1000     12132    2.00    6.00    0.00    0.00    8.00     0  spin-lock

# Time        UID       PID    %usr %system  %guest   %wait    %CPU   CPU  Command
02:40:50        0       165    0.00    1.00    0.00    0.00    1.00     1  gfx
02:40:50      120       916    0.00    1.00    0.00    0.00    1.00     0  redis-server
02:40:50        0       934    1.00    0.00    0.00    0.00    1.00     0  containerd
02:40:50        0       968    1.00    0.00    0.00    0.00    1.00     0  Xorg
02:40:50     1000      3596    4.00    0.00    0.00    0.00    4.00     0  cinnamon
02:40:50     1000      5902    1.00    1.00    0.00    0.00    2.00     0  brave
02:40:50     1000      5942    7.00    1.00    0.00    2.00    8.00     1  brave
02:40:50     1000      6120    8.00    2.00    0.00    2.00   10.00     0  brave
02:40:50     1000      6344    5.00    1.00    0.00    1.00    6.00     0  brave
02:40:50        0     10294    0.00    1.00    0.00    0.00    1.00     0  kworker/u32:1-ext4-rsv-conversion
02:40:50        0     12078    0.00    1.00    0.00    0.00    1.00     1  kworker/1:0-events
02:40:50     1000     12129    0.00    3.00    0.00    0.00    3.00     1  pidstat
02:40:50     1000     12132    2.00    7.00    0.00    0.00    9.00     0  spin-lock

# Time        UID       PID    %usr %system  %guest   %wait    %CPU   CPU  Command
02:40:51        0        15    0.00    1.00    0.00    0.00    1.00     0  rcu_preempt
02:40:51        0       140    0.00    1.00    0.00    0.00    1.00     0  irq/30-ELAN0708:00
02:40:51        0       703    0.00    1.00    0.00    0.00    1.00     1  irq/63-rtw88_pci
02:40:51        0       968    4.00    1.00    0.00    1.00    5.00     0  Xorg
02:40:51     1000      3303    2.00    0.00    0.00    7.00    2.00     0  ibus-daemon
02:40:51     1000      3313    1.00    1.00    0.00    0.00    2.00     1  ibus-ui-gtk3
02:40:51     1000      3314    1.00    0.00    0.00    0.00    1.00     1  ibus-extension-
02:40:51     1000      3436    1.00    0.00    0.00    2.00    1.00     1  ibus-engine-sim
02:40:51     1000      3596    5.00    3.00    0.00    7.00    8.00     0  cinnamon
02:40:51     1000      4636    1.00    0.00    0.00    0.00    1.00     1  jetbrains-toolb
02:40:51     1000      5902   17.00    3.00    0.00    6.00   20.00     0  brave
02:40:51     1000      5916    0.00    1.00    0.00    0.00    1.00     0  brave
02:40:51     1000      5942    6.00    5.00    0.00   13.00   11.00     0  brave
02:40:51     1000      5943    1.00    0.00    0.00    0.00    1.00     0  brave
02:40:51     1000      6021    1.00    0.00    0.00    0.00    1.00     0  brave
02:40:51     1000      6027    1.00    2.00    0.00    0.00    3.00     0  brave
02:40:51     1000      6120   61.00   11.00    0.00   44.00   72.00     0  brave
02:40:51     1000      6150    0.00    1.00    0.00    2.00    1.00     1  alacritty
02:40:51     1000      6344    4.00    0.00    0.00    2.00    4.00     1  brave
02:40:51     1000      6626    1.00    0.00    0.00    1.00    1.00     0  brave
02:40:51     1000     10241    1.00    1.00    0.00   17.00    2.00     0  brave
02:40:51     1000     12129    2.00    1.00    0.00    3.00    3.00     1  pidstat
02:40:51     1000     12132    8.00    4.00    0.00    0.00   12.00     0  spin-lock
02:40:51     1000     12140    2.00    1.00    0.00   15.00    3.00     1  brave

# Time        UID       PID    %usr %system  %guest   %wait    %CPU   CPU  Command
02:40:52        0       968    0.99    0.99    0.00    0.00    1.98     1  Xorg
02:40:52     1000      3303    1.98    0.00    0.00    1.98    1.98     0  ibus-daemon
02:40:52     1000      3596    2.97    0.00    0.00    6.93    2.97     1  cinnamon
02:40:52     1000      4636    0.99    0.00    0.00    0.00    0.99     1  jetbrains-toolb
02:40:52     1000      5902   44.55   14.85    0.00   20.79   59.41     0  brave
02:40:52     1000      5942    4.95    3.96    0.00   18.81    8.91     1  brave
02:40:52     1000      6027    4.95    0.00    0.00    0.00    4.95     0  brave
02:40:52     1000      6120    0.99    0.00    0.00    1.98    0.99     1  brave
02:40:52     1000      6344    2.97    0.99    0.00    1.98    3.96     1  brave
02:40:52     1000     10241   53.47   13.86    0.00   37.62   67.33     1  brave
02:40:52        0     10294    0.00    0.99    0.00    0.00    0.99     0  kworker/u32:1-writeback
02:40:52     1000     11670    1.98    0.00    0.00    0.00    1.98     1  brave
02:40:52     1000     12129    0.99    0.00    0.00    3.96    0.99     0  pidstat
02:40:52     1000     12132   11.88    0.00    0.00    0.00   11.88     0  spin-lock
02:40:52     1000     12150    2.97    1.98    0.00    5.94    4.95     1  brave

# Time        UID       PID    %usr %system  %guest   %wait    %CPU   CPU  Command
02:40:53        0       165    0.00    1.00    0.00    0.00    1.00     1  gfx
02:40:53        0       968    2.00    2.00    0.00    0.00    4.00     1  Xorg
02:40:53     1000      3303    6.00    2.00    0.00   12.00    8.00     1  ibus-daemon
02:40:53     1000      3313    2.00    0.00    0.00    2.00    2.00     0  ibus-ui-gtk3
02:40:53     1000      3314    2.00    0.00    0.00    0.00    2.00     1  ibus-extension-
02:40:53     1000      3436    1.00    0.00    0.00    0.00    1.00     1  ibus-engine-sim
02:40:53     1000      3596    5.00    2.00    0.00   11.00    7.00     1  cinnamon
02:40:53     1000      5902   44.00    9.00    0.00   23.00   53.00     0  brave
02:40:53     1000      5942   20.00    3.00    0.00   31.00   23.00     1  brave
02:40:53     1000      6120    1.00    0.00    0.00    0.00    1.00     1  brave
02:40:53     1000      6344    3.00    2.00    0.00    1.00    5.00     1  brave
02:40:53        0      9838    0.00    1.00    0.00    0.00    1.00     0  kworker/0:1-events
02:40:53     1000     10241   52.00   10.00    0.00   48.00   62.00     1  brave
02:40:53     1000     12129    1.00    2.00    0.00    2.00    3.00     0  pidstat
02:40:53     1000     12132   13.00    0.00    0.00    0.00   13.00     0  spin-lock

# Time        UID       PID    %usr %system  %guest   %wait    %CPU   CPU  Command
02:40:54        0       174    0.00    1.00    0.00    0.00    1.00     0  sdma0
02:40:54        0       968    1.00    1.00    0.00    0.00    2.00     0  Xorg
02:40:54     1000      3303    2.00    0.00    0.00    1.00    2.00     0  ibus-daemon
02:40:54     1000      3313    0.00    1.00    0.00    0.00    1.00     0  ibus-ui-gtk3
02:40:54     1000      3436    1.00    0.00    0.00    1.00    1.00     0  ibus-engine-sim
02:40:54     1000      3596    3.00    1.00    0.00    1.00    4.00     1  cinnamon
02:40:54     1000      5902   25.00    6.00    0.00    2.00   31.00     1  brave
02:40:54     1000      5942   12.00    2.00    0.00    3.00   14.00     1  brave
02:40:54     1000      5943    1.00    0.00    0.00    0.00    1.00     1  brave
02:40:54     1000      6344    4.00    1.00    0.00    0.00    5.00     0  brave
02:40:54     1000     10241    2.00    1.00    0.00    0.00    3.00     0  brave
02:40:54     1000     12129    1.00    2.00    0.00    0.00    3.00     1  pidstat
02:40:54     1000     12132    8.00    0.00    0.00    0.00    8.00     0  spin-lock

# Time        UID       PID    %usr %system  %guest   %wait    %CPU   CPU  Command
02:40:55        0       165    0.00    1.00    0.00    0.00    1.00     1  gfx
02:40:55        0       703    0.00    1.00    0.00    0.00    1.00     1  irq/63-rtw88_pci
02:40:55        0       968    2.00    2.00    0.00    0.00    4.00     0  Xorg
02:40:55     1000      3303    3.00    1.00    0.00    3.00    4.00     0  ibus-daemon
02:40:55     1000      3313    0.00    1.00    0.00    0.00    1.00     0  ibus-ui-gtk3
02:40:55     1000      3314    1.00    1.00    0.00    0.00    2.00     1  ibus-extension-
02:40:55     1000      3436    1.00    0.00    0.00    0.00    1.00     1  ibus-engine-sim
02:40:55     1000      3439    0.00    1.00    0.00    0.00    1.00     0  goa-identity-se
02:40:55     1000      3596    6.00    2.00    0.00    8.00    8.00     0  cinnamon
02:40:55     1000      4636    1.00    0.00    0.00    0.00    1.00     1  jetbrains-toolb
02:40:55     1000      5902   30.00    6.00    0.00    9.00   36.00     0  brave
02:40:55     1000      5942   14.00    5.00    0.00   14.00   19.00     0  brave
02:40:55     1000      5943    1.00    1.00    0.00    0.00    2.00     1  brave
02:40:55     1000      6021    2.00    0.00    0.00    0.00    2.00     0  brave
02:40:55     1000      6027    0.00    1.00    0.00    0.00    1.00     0  brave
02:40:55     1000      6344    4.00    2.00    0.00    1.00    6.00     0  brave
02:40:55        0     10294    0.00    1.00    0.00    0.00    1.00     1  kworker/u32:1+events_unbound
02:40:55     1000     11670    0.00    1.00    0.00    0.00    1.00     1  brave
02:40:55     1000     12129    0.00    2.00    0.00    3.00    2.00     1  pidstat
02:40:55     1000     12132    9.00    0.00    0.00    0.00    9.00     0  spin-lock
02:40:55     1000     12140    6.00    6.00    0.00   19.00   12.00     0  brave
02:40:55     1000     12160    3.00    2.00    0.00    8.00    5.00     0  brave

# Time        UID       PID    %usr %system  %guest   %wait    %CPU   CPU  Command
02:40:56        0       968    2.00    2.00    0.00    1.00    4.00     0  Xorg
02:40:56     1000      3596   10.00    1.00    0.00   16.00   11.00     0  cinnamon
02:40:56     1000      5902   20.00    3.00    0.00    3.00   23.00     0  brave
02:40:56     1000      5942   15.00    1.00    0.00   18.00   16.00     0  brave
02:40:56     1000      5943    6.00    3.00    0.00    0.00    9.00     1  brave
02:40:56     1000      6021    1.00    0.00    0.00    0.00    1.00     0  brave
02:40:56     1000      6344    4.00    0.00    0.00    2.00    4.00     0  brave
02:40:56     1000      6626   23.00    2.00    0.00   31.00   25.00     0  brave
02:40:56     1000     11670    9.00    2.00    0.00    0.00   11.00     1  brave
02:40:56     1000     12129    1.00    2.00    0.00    6.00    3.00     1  pidstat
02:40:56     1000     12132   15.00    2.00    0.00    0.00   17.00     0  spin-lock
02:40:56     1000     12140   43.00   13.00    0.00   53.00   56.00     1  brave
