Linux 6.1.0-34-amd64 (debian) 	06/04/25 	_x86_64_	(2 CPU)

# Time        UID       PID    %usr %system  %guest   %wait    %CPU   CPU  Command
02:52:19        0       165    0.00    0.98    0.00    0.00    0.98     1  gfx
02:52:19        0       968    0.98    1.96    0.00    0.00    2.94     0  Xorg
02:52:19     1000      3303    1.96    0.00    0.00    5.88    1.96     0  ibus-daemon
02:52:19     1000      3313    0.98    0.00    0.00    0.98    0.98     1  ibus-ui-gtk3
02:52:19     1000      3596    2.94    0.98    0.00   12.75    3.92     0  cinnamon
02:52:19     1000      5902   14.71    7.84    0.00    4.90   22.55     0  brave
02:52:19     1000      5942    6.86    1.96    0.00   13.73    8.82     0  brave
02:52:19     1000      5943    3.92    0.98    0.00    0.00    4.90     1  brave
02:52:19     1000      6027    2.94    0.98    0.00    0.00    3.92     1  brave
02:52:19     1000      6097    1.96    0.00    0.00    2.94    1.96     0  brave
02:52:19     1000      6120    5.88    0.00    0.00    9.80    5.88     1  brave
02:52:19     1000      6150    0.98    0.00    0.00    0.00    0.98     1  alacritty
02:52:19     1000      6319   33.33    3.92    0.00   18.63   37.25     1  brave
02:52:19     1000      6344    0.98    0.00    0.00    0.00    0.98     1  brave
02:52:19     1000      6490    0.98    0.00    0.00    0.98    0.98     0  brave
02:52:19     1000      8645    0.98    0.00    0.00    0.00    0.98     1  brave
02:52:19     1000     13012    6.86    0.00    0.00    0.00    6.86     1  brave
02:52:19     1000     13240    0.00    0.98    0.00    0.98    0.98     1  pidstat

# Time        UID       PID    %usr %system  %guest   %wait    %CPU   CPU  Command
02:52:20        0       140    0.00    1.00    0.00    0.00    1.00     0  irq/30-ELAN0708:00
02:52:20        0       703    0.00    1.00    0.00    0.00    1.00     1  irq/63-rtw88_pci
02:52:20      120       916    0.00    1.00    0.00    0.00    1.00     1  redis-server
02:52:20        0       968    3.00    1.00    0.00    0.00    4.00     1  Xorg
02:52:20     1000      3596    4.00    1.00    0.00    3.00    5.00     0  cinnamon
02:52:20     1000      5902   10.00    5.00    0.00    4.00   15.00     1  brave
02:52:20     1000      5942    3.00    3.00    0.00    2.00    6.00     0  brave
02:52:20     1000      5943    5.00    2.00    0.00    0.00    7.00     1  brave
02:52:20     1000      6021    1.00    0.00    0.00    0.00    1.00     1  brave
02:52:20     1000      6120    4.00    1.00    0.00    3.00    5.00     1  brave
02:52:20     1000      6150    0.00    1.00    0.00    1.00    1.00     0  alacritty
02:52:20     1000      6319  113.00    8.00    0.00   30.00  121.00     0  brave
02:52:20     1000      6447    0.00    1.00    0.00    0.00    1.00     1  brave
02:52:20     1000      6626    1.00    1.00    0.00    7.00    2.00     0  brave
02:52:20     1000      6831    1.00    0.00    0.00    5.00    1.00     1  brave
02:52:20     1000     13012   12.00    1.00    0.00    0.00   13.00     1  brave
02:52:20     1000     13240    0.00    2.00    0.00    5.00    2.00     1  pidstat

# Time        UID       PID    %usr %system  %guest   %wait    %CPU   CPU  Command
02:52:21        0       968    0.00    2.00    0.00    0.00    2.00     0  Xorg
02:52:21     1000      3170    0.00    1.00    0.00    0.00    1.00     0  kwalletd5
02:52:21     1000      3303    3.00    0.00    0.00    5.00    3.00     0  ibus-daemon
02:52:21     1000      3313    1.00    0.00    0.00    0.00    1.00     0  ibus-ui-gtk3
02:52:21     1000      3314    2.00    0.00    0.00    1.00    2.00     1  ibus-extension-
02:52:21     1000      3336    1.00    1.00    0.00    0.00    2.00     0  dbus-daemon
02:52:21     1000      3436    1.00    0.00    0.00    1.00    1.00     1  ibus-engine-sim
02:52:21     1000      3596    1.00    1.00    0.00    3.00    2.00     1  cinnamon
02:52:21     1000      3947    0.00    1.00    0.00    0.00    1.00     0  blueman-tray
02:52:21     1000      4636    0.00    1.00    0.00    0.00    1.00     0  jetbrains-toolb
02:52:21     1000      5902    4.00    2.00    0.00    0.00    6.00     0  brave
02:52:21     1000      5942    3.00    1.00    0.00    1.00    4.00     0  brave
02:52:21     1000      5943    0.00    1.00    0.00    0.00    1.00     1  brave
02:52:21     1000      6120    2.00    1.00    0.00    1.00    3.00     0  brave
02:52:21     1000      6319   79.00    7.00    0.00   13.00   86.00     1  brave
02:52:21     1000      6626    3.00    1.00    0.00    2.00    4.00     1  brave
02:52:21        0     10294    0.00    1.00    0.00    0.00    1.00     0  kworker/u32:1-phy0
02:52:21     1000     13240    1.00    1.00    0.00    0.00    2.00     1  pidstat

# Time        UID       PID    %usr %system  %guest   %wait    %CPU   CPU  Command
02:52:22        0        33    0.00    1.00    0.00    0.00    1.00     0  kcompactd0
02:52:22        0       849    1.00    0.00    0.00    0.00    1.00     1  preload
02:52:22        0       852    0.00    1.00    0.00    0.00    1.00     0  NetworkManager
02:52:22        0       968    1.00    1.00    0.00    0.00    2.00     1  Xorg
02:52:22     1000      3303    1.00    1.00    0.00    0.00    2.00     1  ibus-daemon
02:52:22     1000      3313    1.00    0.00    0.00    0.00    1.00     0  ibus-ui-gtk3
02:52:22     1000      3411    1.00    0.00    0.00    0.00    1.00     1  csd-screensaver
02:52:22     1000      3596    5.00    1.00    0.00    2.00    6.00     1  cinnamon
02:52:22     1000      3947    1.00    0.00    0.00    0.00    1.00     1  blueman-tray
02:52:22     1000      5902    3.00    2.00    0.00    1.00    5.00     1  brave
02:52:22     1000      5942    5.00    2.00    0.00    2.00    7.00     0  brave
02:52:22     1000      6097    1.00    0.00    0.00    0.00    1.00     0  brave
02:52:22     1000      6120    4.00    1.00    0.00    2.00    5.00     0  brave
02:52:22     1000      6319   31.00    3.00    0.00   26.00   34.00     1  brave
02:52:22     1000      6344   66.00    3.00    0.00   26.00   69.00     0  brave
02:52:22     1000     13240    0.00    1.00    0.00    1.00    1.00     1  pidstat

# Time        UID       PID    %usr %system  %guest   %wait    %CPU   CPU  Command
02:52:23      120       916    1.00    0.00    0.00    0.00    1.00     1  redis-server
02:52:23        0       968    1.00    2.00    0.00    0.00    3.00     1  Xorg
02:52:23     1000      3303    2.00    0.00    0.00    3.00    2.00     0  ibus-daemon
02:52:23     1000      3436    1.00    1.00    0.00    0.00    2.00     1  ibus-engine-sim
02:52:23     1000      3596    2.00    0.00    0.00    3.00    2.00     1  cinnamon
02:52:23     1000      5902    7.00    0.00    0.00    1.00    7.00     0  brave
02:52:23     1000      5942    2.00    3.00    0.00    2.00    5.00     0  brave
02:52:23     1000      6120    3.00    1.00    0.00    0.00    4.00     1  brave
02:52:23     1000      6319   76.00    7.00    0.00   15.00   83.00     0  brave
02:52:23     1000      6344   16.00    1.00    0.00    5.00   17.00     1  brave
02:52:23     1000     13240    1.00    1.00    0.00    1.00    2.00     1  pidstat

# Time        UID       PID    %usr %system  %guest   %wait    %CPU   CPU  Command
02:52:24        0       703    0.00    1.00    0.00    0.00    1.00     1  irq/63-rtw88_pci
02:52:24        0       968    2.00    1.00    0.00    1.00    3.00     1  Xorg
02:52:24     1000      3303    3.00    1.00    0.00    1.00    4.00     1  ibus-daemon
02:52:24     1000      3417    0.00    1.00    0.00    1.00    1.00     1  csd-keyboard
02:52:24     1000      3436    1.00    0.00    0.00    0.00    1.00     0  ibus-engine-sim
02:52:24     1000      3596    3.00    2.00    0.00    4.00    5.00     0  cinnamon
02:52:24     1000      4636    0.00    1.00    0.00    0.00    1.00     1  jetbrains-toolb
02:52:24     1000      5902    8.00    2.00    0.00    3.00   10.00     0  brave
02:52:24     1000      5942    4.00    1.00    0.00    2.00    5.00     0  brave
02:52:24     1000      6120    3.00    2.00    0.00    2.00    5.00     0  brave
02:52:24     1000      6319   68.00    4.00    0.00   10.00   72.00     0  brave
02:52:24     1000      6418    0.00    1.00    0.00    0.00    1.00     1  brave
02:52:24        0     10294    0.00    1.00    0.00    0.00    1.00     0  kworker/u32:1-events_unbound
02:52:24     1000     13240    0.00    2.00    0.00    0.00    2.00     1  pidstat

# Time        UID       PID    %usr %system  %guest   %wait    %CPU   CPU  Command
02:52:25        0        15    0.00    1.00    0.00    0.00    1.00     0  rcu_preempt
02:52:25        0       165    0.00    1.00    0.00    0.00    1.00     1  gfx
02:52:25        0       968    1.00    1.00    0.00    0.00    2.00     0  Xorg
02:52:25     1000      3303    3.00    0.00    0.00    1.00    3.00     0  ibus-daemon
02:52:25     1000      3313    0.00    1.00    0.00    0.00    1.00     0  ibus-ui-gtk3
02:52:25     1000      3314    1.00    0.00    0.00    0.00    1.00     1  ibus-extension-
02:52:25     1000      3436    1.00    0.00    0.00    1.00    1.00     1  ibus-engine-sim
02:52:25     1000      3596    2.00    1.00    0.00    2.00    3.00     0  cinnamon
02:52:25     1000      5902    9.00    1.00    0.00    0.00   10.00     0  brave
02:52:25     1000      5942    5.00    2.00    0.00    2.00    7.00     0  brave
02:52:25     1000      6120    4.00    1.00    0.00    1.00    5.00     1  brave
02:52:25     1000      6319   45.00    3.00    0.00    7.00   48.00     0  brave
02:52:25     1000      6626    1.00    0.00    0.00    0.00    1.00     0  brave
02:52:25     1000     13240    0.00    2.00    0.00    0.00    2.00     1  pidstat

# Time        UID       PID    %usr %system  %guest   %wait    %CPU   CPU  Command
02:52:26        0       968    0.00    1.00    0.00    0.00    1.00     0  Xorg
02:52:26     1000      3303    1.00    0.00    0.00    0.00    1.00     1  ibus-daemon
02:52:26     1000      3596    2.00    0.00    0.00    1.00    2.00     1  cinnamon
02:52:26     1000      5902    4.00    1.00    0.00    1.00    5.00     0  brave
02:52:26     1000      5942    2.00    3.00    0.00    1.00    5.00     0  brave
02:52:26     1000      6120    5.00    1.00    0.00    1.00    6.00     0  brave
02:52:26     1000      6319   22.00    3.00    0.00    4.00   25.00     0  brave
02:52:26        0     12078    0.00    1.00    0.00    0.00    1.00     1  kworker/1:0-events
02:52:26     1000     13240    1.00    3.00    0.00    1.00    4.00     1  pidstat

# Time        UID       PID    %usr %system  %guest   %wait    %CPU   CPU  Command
02:52:27      120       916    0.00    1.00    0.00    0.00    1.00     1  redis-server
02:52:27        0       968    1.00    0.00    0.00    0.00    1.00     1  Xorg
02:52:27     1000      3303    2.00    0.00    0.00    1.00    2.00     1  ibus-daemon
02:52:27     1000      3313    1.00    0.00    0.00    0.00    1.00     0  ibus-ui-gtk3
02:52:27     1000      3436    1.00    0.00    0.00    0.00    1.00     1  ibus-engine-sim
02:52:27     1000      3596    3.00    0.00    0.00    1.00    3.00     1  cinnamon
02:52:27     1000      5902    6.00    1.00    0.00    0.00    7.00     0  brave
02:52:27     1000      5942    4.00    1.00    0.00    1.00    5.00     1  brave
02:52:27     1000      6120    4.00    3.00    0.00    2.00    7.00     0  brave
02:52:27     1000      6150    1.00    0.00    0.00    0.00    1.00     0  alacritty
02:52:27     1000      6319   29.00    3.00    0.00    5.00   32.00     0  brave
02:52:27        0      9838    0.00    1.00    0.00    0.00    1.00     0  kworker/0:1-events
02:52:27     1000     13240    0.00    3.00    0.00    1.00    3.00     1  pidstat

# Time        UID       PID    %usr %system  %guest   %wait    %CPU   CPU  Command
02:52:28        0       703    0.00    1.00    0.00    0.00    1.00     1  irq/63-rtw88_pci
02:52:28        0       968    0.00    1.00    0.00    0.00    1.00     1  Xorg
02:52:28     1000      3303    2.00    1.00    0.00    0.00    3.00     0  ibus-daemon
02:52:28     1000      3436    0.00    1.00    0.00    0.00    1.00     1  ibus-engine-sim
02:52:28     1000      3596    1.00    1.00    0.00    2.00    2.00     0  cinnamon
02:52:28     1000      4636    1.00    0.00    0.00    0.00    1.00     1  jetbrains-toolb
02:52:28     1000      5902    6.00    0.00    0.00    2.00    6.00     1  brave
02:52:28     1000      5942    3.00    2.00    0.00    0.00    5.00     0  brave
02:52:28     1000      6120   44.00    2.00    0.00   22.00   46.00     0  brave
02:52:28     1000      6319   38.00    2.00    0.00   20.00   40.00     0  brave
02:52:28     1000     13240    1.00    0.00    0.00    1.00    1.00     1  pidstat

# Time        UID       PID    %usr %system  %guest   %wait    %CPU   CPU  Command
02:52:29        0        21    0.00    1.00    0.00    0.00    1.00     1  ksoftirqd/1
02:52:29        0       968    1.00    2.00    0.00    0.00    3.00     0  Xorg
02:52:29     1000      3303    1.00    1.00    0.00    2.00    2.00     1  ibus-daemon
02:52:29     1000      3417    1.00    0.00    0.00    1.00    1.00     1  csd-keyboard
02:52:29     1000      3436    1.00    0.00    0.00    0.00    1.00     0  ibus-engine-sim
02:52:29     1000      3596    2.00    1.00    0.00    3.00    3.00     1  cinnamon
02:52:29     1000      5902    5.00    4.00    0.00    1.00    9.00     0  brave
02:52:29     1000      5942    3.00    2.00    0.00    1.00    5.00     0  brave
02:52:29     1000      6120   60.00    4.00    0.00   15.00   64.00     0  brave
02:52:29     1000      6319   35.00    3.00    0.00    7.00   38.00     1  brave
02:52:29        0     10294    0.00    1.00    0.00    0.00    1.00     1  kworker/u32:1-writeback
02:52:29     1000     13240    0.00    2.00    0.00    0.00    2.00     0  pidstat

# Time        UID       PID    %usr %system  %guest   %wait    %CPU   CPU  Command
02:52:30        0       968    2.00    0.00    0.00    0.00    2.00     0  Xorg
02:52:30     1000      3303    3.00    0.00    0.00    0.00    3.00     0  ibus-daemon
02:52:30     1000      3436    1.00    0.00    0.00    0.00    1.00     1  ibus-engine-sim
02:52:30     1000      3596    2.00    0.00    0.00    2.00    2.00     1  cinnamon
02:52:30     1000      5902    8.00    0.00    0.00    1.00    8.00     0  brave
02:52:30     1000      5942    5.00    1.00    0.00    1.00    6.00     0  brave
02:52:30     1000      6120    5.00    0.00    0.00    2.00    5.00     0  brave
02:52:30     1000      6319   39.00    4.00    0.00    7.00   43.00     1  brave
02:52:30     1000     13240    0.00    1.00    0.00    0.00    1.00     0  pidstat

# Time        UID       PID    %usr %system  %guest   %wait    %CPU   CPU  Command
02:52:31        0       703    0.00    1.00    0.00    0.00    1.00     1  irq/63-rtw88_pci
02:52:31        0       968    0.00    1.00    0.00    0.00    1.00     1  Xorg
02:52:31     1000      3303    2.00    0.00    0.00    1.00    2.00     1  ibus-daemon
02:52:31     1000      3436    1.00    0.00    0.00    0.00    1.00     1  ibus-engine-sim
02:52:31     1000      3596    2.00    1.00    0.00    2.00    3.00     1  cinnamon
02:52:31     1000      4636    1.00    0.00    0.00    0.00    1.00     1  jetbrains-toolb
02:52:31     1000      5902    7.00    1.00    0.00    0.00    8.00     1  brave
02:52:31     1000      5942    4.00    2.00    0.00    1.00    6.00     0  brave
02:52:31     1000      6120    3.00    2.00    0.00    1.00    5.00     0  brave
02:52:31     1000      6319   44.00    4.00    0.00    7.00   48.00     1  brave
02:52:31     1000     13240    1.00    1.00    0.00    2.00    2.00     0  pidstat

# Time        UID       PID    %usr %system  %guest   %wait    %CPU   CPU  Command
02:52:32        0       165    0.00    1.00    0.00    0.00    1.00     0  gfx
02:52:32        0       968    1.00    1.00    0.00    0.00    2.00     1  Xorg
02:52:32     1000      3303    3.00    0.00    0.00    1.00    3.00     1  ibus-daemon
02:52:32     1000      3313    1.00    0.00    0.00    0.00    1.00     0  ibus-ui-gtk3
02:52:32     1000      3314    1.00    0.00    0.00    0.00    1.00     0  ibus-extension-
02:52:32     1000      3596    3.00    1.00    0.00    2.00    4.00     1  cinnamon
02:52:32     1000      5902    6.00    2.00    0.00    2.00    8.00     1  brave
02:52:32     1000      5942    4.00    3.00    0.00    2.00    7.00     1  brave
02:52:32     1000      6120    4.00    3.00    0.00    3.00    7.00     0  brave
02:52:32     1000      6319   39.00    2.00    0.00    6.00   41.00     1  brave
02:52:32     1000      6418    0.00    1.00    0.00    0.00    1.00     0  brave
02:52:32     1000     13240    1.00    2.00    0.00    0.00    3.00     0  pidstat

# Time        UID       PID    %usr %system  %guest   %wait    %CPU   CPU  Command
02:52:33        0       968    2.00    0.00    0.00    0.00    2.00     0  Xorg
02:52:33     1000      3303    1.00    0.00    0.00    0.00    1.00     1  ibus-daemon
02:52:33     1000      3436    1.00    0.00    0.00    0.00    1.00     0  ibus-engine-sim
02:52:33     1000      3596    1.00    1.00    0.00    1.00    2.00     0  cinnamon
02:52:33     1000      5902    4.00    2.00    0.00    1.00    6.00     1  brave
02:52:33     1000      5942    3.00    1.00    0.00    1.00    4.00     0  brave
02:52:33     1000      6120    5.00    1.00    0.00    1.00    6.00     1  brave
02:52:33     1000      6319   28.00    3.00    0.00    5.00   31.00     0  brave
02:52:33        0     11701    0.00    1.00    0.00    0.00    1.00     1  kworker/u32:7-events_unbound
02:52:33     1000     13240    1.00    3.00    0.00    0.00    4.00     1  pidstat

# Time        UID       PID    %usr %system  %guest   %wait    %CPU   CPU  Command
02:52:34      101       804    1.00    0.00    0.00    0.00    1.00     0  dbus-daemon
02:52:34      120       916    0.00    1.00    0.00    0.00    1.00     1  redis-server
02:52:34        0       968    1.00    2.00    0.00    0.00    3.00     1  Xorg
02:52:34     1000      3303    2.00    2.00    0.00    1.00    4.00     0  ibus-daemon
02:52:34     1000      3314    0.00    1.00    0.00    0.00    1.00     1  ibus-extension-
02:52:34     1000      3436    1.00    0.00    0.00    0.00    1.00     1  ibus-engine-sim
02:52:34     1000      3596    3.00    1.00    0.00    3.00    4.00     0  cinnamon
02:52:34     1000      4636    1.00    0.00    0.00    0.00    1.00     1  jetbrains-toolb
02:52:34     1000      5902    7.00    2.00    0.00    1.00    9.00     0  brave
02:52:34     1000      5942    5.00    2.00    0.00    2.00    7.00     0  brave
02:52:34     1000      6120    4.00    1.00    0.00    2.00    5.00     0  brave
02:52:34     1000      6319   39.00    2.00    0.00    6.00   41.00     0  brave
02:52:34        0     12399    0.00    1.00    0.00    0.00    1.00     0  kworker/u32:0-phy0
02:52:34     1000     13240    1.00    2.00    0.00    1.00    3.00     1  pidstat

# Time        UID       PID    %usr %system  %guest   %wait    %CPU   CPU  Command
02:52:35      120       916    1.00    0.00    0.00    0.00    1.00     1  redis-server
02:52:35        0       934    1.00    0.00    0.00    0.00    1.00     0  containerd
02:52:35        0       968    1.00    0.00    0.00    0.00    1.00     0  Xorg
02:52:35     1000      3303    1.00    0.00    0.00    1.00    1.00     1  ibus-daemon
02:52:35     1000      3596    3.00    0.00    0.00    2.00    3.00     1  cinnamon
02:52:35     1000      5902    4.00    0.00    0.00    1.00    4.00     0  brave
02:52:35     1000      5942    6.00    2.00    0.00    5.00    8.00     0  brave
02:52:35     1000      6120    4.00    2.00    0.00    2.00    6.00     0  brave
02:52:35     1000      6319   25.00    3.00    0.00    6.00   28.00     1  brave
02:52:35     1000     13240    0.00    2.00    0.00    0.00    2.00     0  pidstat

# Time        UID       PID    %usr %system  %guest   %wait    %CPU   CPU  Command
02:52:36        0        15    0.00    1.00    0.00    0.00    1.00     0  rcu_preempt
02:52:36        0       703    0.00    1.00    0.00    0.00    1.00     1  irq/63-rtw88_pci
02:52:36        0       968    1.00    2.00    0.00    0.00    3.00     0  Xorg
02:52:36     1000      3303    2.00    0.00    0.00    1.00    2.00     1  ibus-daemon
02:52:36     1000      3436    1.00    0.00    0.00    0.00    1.00     1  ibus-engine-sim
02:52:36     1000      3596    3.00    1.00    0.00    3.00    4.00     0  cinnamon
02:52:36     1000      4636    0.00    1.00    0.00    0.00    1.00     1  jetbrains-toolb
02:52:36     1000      5902    7.00    3.00    0.00    1.00   10.00     1  brave
02:52:36     1000      5942    5.00    3.00    0.00    5.00    8.00     0  brave
02:52:36     1000      6120    5.00    1.00    0.00    4.00    6.00     0  brave
02:52:36     1000      6319   43.00    4.00    0.00   10.00   47.00     1  brave
02:52:36     1000     13240    0.00    1.00    0.00    3.00    1.00     0  pidstat

# Time        UID       PID    %usr %system  %guest   %wait    %CPU   CPU  Command
02:52:37        0       934    0.00    1.00    0.00    0.00    1.00     0  containerd
02:52:37        0       968    1.00    1.00    0.00    0.00    2.00     0  Xorg
02:52:37     1000      3303    2.00    1.00    0.00    0.00    3.00     0  ibus-daemon
02:52:37     1000      3313    1.00    0.00    0.00    0.00    1.00     1  ibus-ui-gtk3
02:52:37     1000      3436    1.00    0.00    0.00    0.00    1.00     1  ibus-engine-sim
02:52:37     1000      3596    2.00    1.00    0.00    2.00    3.00     1  cinnamon
02:52:37     1000      5902    5.00   43.00    0.00    2.00   48.00     1  brave
02:52:37     1000      5942    4.00    1.00    0.00    1.00    5.00     1  brave
02:52:37     1000      5943    0.00    1.00    0.00    0.00    1.00     1  brave
02:52:37     1000      6027    1.00    0.00    0.00    0.00    1.00     1  brave
02:52:37     1000      6109    1.00    0.00    0.00    0.00    1.00     1  brave
02:52:37     1000      6120    3.00    0.00    0.00    1.00    3.00     1  brave
02:52:37     1000      6319   32.00    3.00    0.00   10.00   35.00     0  brave
02:52:37        0     12399    0.00    1.00    0.00    0.00    1.00     0  kworker/u32:0-flush-259:0
02:52:37        0     12895    0.00    1.00    0.00    0.00    1.00     0  kworker/u33:2-rtw_tx_wq
02:52:37     1000     13240    0.00    1.00    0.00    0.00    1.00     1  pidstat
