Linux 6.1.0-34-amd64 (debian) 	06/04/25 	_x86_64_	(2 CPU)

# Time        UID       PID    %usr %system  %guest   %wait    %CPU   CPU  Command
02:42:01        0        15    0.00    0.98    0.00    0.00    0.98     1  rcu_preempt
02:42:01        0       140    0.00    0.98    0.00    0.00    0.98     0  irq/30-ELAN0708:00
02:42:01        0       165    0.00    0.98    0.00    0.00    0.98     1  gfx
02:42:01        0       968    1.96    1.96    0.00    0.00    3.92     1  Xorg
02:42:01     1000      3303    1.96    0.98    0.00    5.88    2.94     0  ibus-daemon
02:42:01     1000      3313    0.00    0.98    0.00    0.98    0.98     1  ibus-ui-gtk3
02:42:01     1000      3314    0.98    0.00    0.00    1.96    0.98     0  ibus-extension-
02:42:01     1000      3436    0.98    0.00    0.00    0.00    0.98     0  ibus-engine-sim
02:42:01     1000      3596    3.92    0.98    0.00    5.88    4.90     1  cinnamon
02:42:01     1000      5902    8.82    1.96    0.00    1.96   10.78     1  brave
02:42:01     1000      5942    3.92    1.96    0.00    2.94    5.88     0  brave
02:42:01     1000      6097    3.92    0.00    0.00    0.98    3.92     0  brave
02:42:01     1000      6120   19.61    1.96    0.00    9.80   21.57     1  brave
02:42:01     1000      6150    0.98    0.00    0.00    0.98    0.98     1  alacritty
02:42:01     1000      6344    0.98    0.00    0.00    0.00    0.98     0  brave
02:42:01     1000     12255    0.00    0.98    0.00    0.00    0.98     0  pidstat
02:42:01     1000     12258    0.00    3.92    0.00    0.00    3.92     1  spin-lock

# Time        UID       PID    %usr %system  %guest   %wait    %CPU   CPU  Command
02:42:02        0       849    1.00    0.00    0.00    0.00    1.00     0  preload
02:42:02        0       968    2.00    0.00    0.00    0.00    2.00     1  Xorg
02:42:02     1000      3596    4.00    0.00    0.00    1.00    4.00     1  cinnamon
02:42:02     1000      5902    3.00    1.00    0.00    0.00    4.00     1  brave
02:42:02     1000      5942    4.00    2.00    0.00    1.00    6.00     1  brave
02:42:02     1000      5943    1.00    0.00    0.00    0.00    1.00     1  brave
02:42:02     1000      6097    3.00    1.00    0.00    1.00    4.00     1  brave
02:42:02     1000      6120    8.00    3.00    0.00    2.00   11.00     1  brave
02:42:02        0     10294    0.00    1.00    0.00    0.00    1.00     0  kworker/u32:1-events_unbound
02:42:02     1000     12255    1.00    2.00    0.00    0.00    3.00     0  pidstat

# Time        UID       PID    %usr %system  %guest   %wait    %CPU   CPU  Command
02:42:03        0       703    0.00    1.00    0.00    0.00    1.00     1  irq/63-rtw88_pci
02:42:03      120       916    0.00    1.00    0.00    0.00    1.00     1  redis-server
02:42:03        0       968    1.00    0.00    0.00    0.00    1.00     0  Xorg
02:42:03     1000      3303    1.00    0.00    0.00    0.00    1.00     1  ibus-daemon
02:42:03     1000      3436    0.00    1.00    0.00    0.00    1.00     0  ibus-engine-sim
02:42:03     1000      3596    4.00    0.00    0.00    0.00    4.00     0  cinnamon
02:42:03     1000      5902    1.00    2.00    0.00    0.00    3.00     1  brave
02:42:03     1000      5942    6.00    1.00    0.00    1.00    7.00     1  brave
02:42:03     1000      5943    1.00    1.00    0.00    0.00    2.00     1  brave
02:42:03     1000      6097    4.00    1.00    0.00    1.00    5.00     0  brave
02:42:03     1000      6120    9.00    1.00    0.00    2.00   10.00     1  brave
02:42:03     1000     12255    0.00    1.00    0.00    1.00    1.00     0  pidstat
02:42:03     1000     12258    0.00    1.00    0.00    0.00    1.00     1  spin-lock

# Time        UID       PID    %usr %system  %guest   %wait    %CPU   CPU  Command
02:42:04        0       968    0.00    1.00    0.00    0.00    1.00     1  Xorg
02:42:04     1000      3313    1.00    0.00    0.00    0.00    1.00     1  ibus-ui-gtk3
02:42:04     1000      3314    0.00    1.00    0.00    0.00    1.00     0  ibus-extension-
02:42:04     1000      3596    3.00    0.00    0.00    0.00    3.00     0  cinnamon
02:42:04     1000      5902    3.00    1.00    0.00    1.00    4.00     1  brave
02:42:04     1000      5942    5.00    3.00    0.00    1.00    8.00     1  brave
02:42:04     1000      6021    1.00    0.00    0.00    0.00    1.00     1  brave
02:42:04     1000      6097    4.00    2.00    0.00    2.00    6.00     0  brave
02:42:04     1000      6120   13.00    3.00    0.00    3.00   16.00     1  brave
02:42:04     1000     12255    0.00    4.00    0.00    0.00    4.00     0  pidstat

# Time        UID       PID    %usr %system  %guest   %wait    %CPU   CPU  Command
02:42:05        0       968    1.00    0.00    0.00    0.00    1.00     1  Xorg
02:42:05     1000      3303    1.00    0.00    0.00    1.00    1.00     1  ibus-daemon
02:42:05     1000      3596    3.00    1.00    0.00    3.00    4.00     1  cinnamon
02:42:05     1000      4636    1.00    0.00    0.00    0.00    1.00     0  jetbrains-toolb
02:42:05     1000      5902    3.00    0.00    0.00    0.00    3.00     1  brave
02:42:05     1000      5942    5.00    1.00    0.00    1.00    6.00     1  brave
02:42:05     1000      5943    2.00    1.00    0.00    0.00    3.00     1  brave
02:42:05     1000      6097    4.00    1.00    0.00    0.00    5.00     0  brave
02:42:05     1000      6120   70.00    3.00    0.00   17.00   73.00     1  brave
02:42:05     1000      6344    1.00    0.00    0.00    0.00    1.00     1  brave
02:42:05        0     10333    0.00    1.00    0.00    0.00    1.00     1  kworker/u33:0-rtw_tx_wq
02:42:05     1000     12255    1.00    2.00    0.00    0.00    3.00     0  pidstat

# Time        UID       PID    %usr %system  %guest   %wait    %CPU   CPU  Command
02:42:06        0       703    0.00    1.00    0.00    0.00    1.00     1  irq/63-rtw88_pci
02:42:06        0       968    0.00    1.00    0.00    0.00    1.00     1  Xorg
02:42:06     1000      3303    1.00    1.00    0.00    0.00    2.00     1  ibus-daemon
02:42:06     1000      3436    1.00    0.00    0.00    0.00    1.00     0  ibus-engine-sim
02:42:06     1000      3596    1.00    0.00    0.00    1.00    1.00     1  cinnamon
02:42:06     1000      5902   13.00    4.00    0.00    4.00   17.00     1  brave
02:42:06     1000      5942    4.00    2.00    0.00    3.00    6.00     1  brave
02:42:06     1000      5943    5.00    2.00    0.00    0.00    7.00     1  brave
02:42:06     1000      6021    2.00    0.00    0.00    0.00    2.00     1  brave
02:42:06     1000      6097    3.00    1.00    0.00    3.00    4.00     1  brave
02:42:06     1000      6120   22.00    3.00    0.00    6.00   25.00     0  brave
02:42:06     1000     12255    1.00    2.00    0.00    1.00    3.00     0  pidstat

# Time        UID       PID    %usr %system  %guest   %wait    %CPU   CPU  Command
02:42:07        0       703    0.00    1.00    0.00    0.00    1.00     1  irq/63-rtw88_pci
02:42:07      120       916    1.00    0.00    0.00    0.00    1.00     1  redis-server
02:42:07        0       968    0.00    1.00    0.00    0.00    1.00     1  Xorg
02:42:07     1000      3557    1.00    0.00    0.00    0.00    1.00     1  xdg-desktop-por
02:42:07     1000      3596    3.00    1.00    0.00    0.00    4.00     1  cinnamon
02:42:07     1000      5902    5.00    2.00    0.00    1.00    7.00     0  brave
02:42:07     1000      5942    4.00    1.00    0.00    0.00    5.00     1  brave
02:42:07     1000      5943    1.00    1.00    0.00    0.00    2.00     1  brave
02:42:07     1000      6021    1.00    0.00    0.00    0.00    1.00     1  brave
02:42:07     1000      6097    3.00    2.00    0.00    2.00    5.00     1  brave
02:42:07     1000      6120   12.00    1.00    0.00    3.00   13.00     1  brave
02:42:07     1000     11670    1.00    0.00    0.00    0.00    1.00     1  brave
02:42:07     1000     12255    1.00    3.00    0.00    0.00    4.00     0  pidstat

# Time        UID       PID    %usr %system  %guest   %wait    %CPU   CPU  Command
02:42:08        0       174    0.00    1.00    0.00    0.00    1.00     0  sdma0
02:42:08        0       968    1.00    1.00    0.00    0.00    2.00     1  Xorg
02:42:08     1000      3303    2.00    1.00    0.00    0.00    3.00     0  ibus-daemon
02:42:08     1000      3596    3.00    0.00    0.00    2.00    3.00     1  cinnamon
02:42:08     1000      4636    0.00    1.00    0.00    0.00    1.00     0  jetbrains-toolb
02:42:08     1000      5902   18.00    4.00    0.00    5.00   22.00     1  brave
02:42:08     1000      5942    3.00    3.00    0.00    2.00    6.00     0  brave
02:42:08     1000      5943    7.00    2.00    0.00    0.00    9.00     1  brave
02:42:08     1000      6021    3.00    0.00    0.00    0.00    3.00     1  brave
02:42:08     1000      6097    3.00    1.00    0.00    2.00    4.00     1  brave
02:42:08     1000      6120   29.00    3.00    0.00   13.00   32.00     1  brave
02:42:08        0     11698    0.00    1.00    0.00    0.00    1.00     0  kworker/u32:4-phy0
02:42:08     1000     12255    0.00    3.00    0.00    1.00    3.00     0  pidstat

# Time        UID       PID    %usr %system  %guest   %wait    %CPU   CPU  Command
02:42:09        0       165    0.00    1.00    0.00    0.00    1.00     0  gfx
02:42:09        0       703    0.00    1.00    0.00    0.00    1.00     1  irq/63-rtw88_pci
02:42:09        0       968    1.00    1.00    0.00    1.00    2.00     1  Xorg
02:42:09     1000      3303    2.00    0.00    0.00    1.00    2.00     0  ibus-daemon
02:42:09     1000      3417    1.00    0.00    0.00    1.00    1.00     1  csd-keyboard
02:42:09     1000      3436    1.00    0.00    0.00    0.00    1.00     0  ibus-engine-sim
02:42:09     1000      3596    2.00    0.00    0.00    3.00    2.00     0  cinnamon
02:42:09     1000      4636    1.00    0.00    0.00    0.00    1.00     0  jetbrains-toolb
02:42:09     1000      5902   18.00    5.00    0.00    4.00   23.00     0  brave
02:42:09     1000      5942    3.00    2.00    0.00    3.00    5.00     1  brave
02:42:09     1000      5943    8.00    1.00    0.00    0.00    9.00     1  brave
02:42:09     1000      6021    4.00    0.00    0.00    0.00    4.00     1  brave
02:42:09     1000      6097    3.00    1.00    0.00    1.00    4.00     1  brave
02:42:09     1000      6120   23.00    3.00    0.00    9.00   26.00     1  brave
02:42:09        0     10294    0.00    1.00    0.00    0.00    1.00     0  kworker/u32:1-phy0
02:42:09     1000     11670    1.00    0.00    0.00    0.00    1.00     1  brave
02:42:09     1000     12255    0.00    1.00    0.00    1.00    1.00     0  pidstat

# Time        UID       PID    %usr %system  %guest   %wait    %CPU   CPU  Command
02:42:10        0       968    2.00    0.00    0.00    0.00    2.00     0  Xorg
02:42:10     1000      3303    2.00    0.00    0.00    1.00    2.00     1  ibus-daemon
02:42:10     1000      3436    1.00    0.00    0.00    0.00    1.00     1  ibus-engine-sim
02:42:10     1000      3596    3.00    0.00    0.00    3.00    3.00     1  cinnamon
02:42:10     1000      5902   18.00    5.00    0.00    4.00   23.00     1  brave
02:42:10     1000      5942    3.00    3.00    0.00    1.00    6.00     0  brave
02:42:10     1000      5943    7.00    3.00    0.00    0.00   10.00     0  brave
02:42:10     1000      6021    2.00    1.00    0.00    0.00    3.00     1  brave
02:42:10     1000      6097    4.00    0.00    0.00    1.00    4.00     1  brave
02:42:10     1000      6120   22.00    4.00    0.00   11.00   26.00     1  brave
02:42:10     1000     11670    1.00    0.00    0.00    0.00    1.00     1  brave
02:42:10        0     12078    0.00    1.00    0.00    0.00    1.00     1  kworker/1:0-events
02:42:10     1000     12255    1.00    2.00    0.00    0.00    3.00     0  pidstat

# Time        UID       PID    %usr %system  %guest   %wait    %CPU   CPU  Command
02:42:11        0        15    0.00    1.00    0.00    0.00    1.00     1  rcu_preempt
02:42:11        0        36    0.00    2.00    0.00    0.00    2.00     0  khugepaged
02:42:11        0       703    0.00    1.00    0.00    0.00    1.00     1  irq/63-rtw88_pci
02:42:11        0       934    0.00    1.00    0.00    0.00    1.00     0  containerd
02:42:11     1000      3303    1.00    0.00    0.00    0.00    1.00     0  ibus-daemon
02:42:11     1000      3436    0.00    1.00    0.00    0.00    1.00     0  ibus-engine-sim
02:42:11     1000      3596    1.00    0.00    0.00    0.00    1.00     0  cinnamon
02:42:11     1000      3673    1.00    0.00    0.00    0.00    1.00     1  nm-applet
02:42:11     1000      5902    9.00    4.00    0.00    1.00   13.00     0  brave
02:42:11     1000      5942    3.00    1.00    0.00    1.00    4.00     1  brave
02:42:11     1000      5943    3.00    2.00    0.00    0.00    5.00     0  brave
02:42:11     1000      6021    1.00    0.00    0.00    0.00    1.00     1  brave
02:42:11     1000      6097    4.00    1.00    0.00    1.00    5.00     1  brave
02:42:11     1000      6120   15.00    1.00    0.00    5.00   16.00     0  brave
02:42:11     1000      6418    1.00    0.00    0.00    0.00    1.00     1  brave
02:42:11     1000     12255    1.00    0.00    0.00    0.00    1.00     1  pidstat
02:42:11     1000     12258    0.00    1.00    0.00    0.00    1.00     1  spin-lock

# Time        UID       PID    %usr %system  %guest   %wait    %CPU   CPU  Command
02:42:12        0       968    1.00    1.00    0.00    0.00    2.00     1  Xorg
02:42:12     1000      3303    1.00    0.00    0.00    0.00    1.00     1  ibus-daemon
02:42:12     1000      3596    2.00    0.00    0.00    3.00    2.00     1  cinnamon
02:42:12     1000      3947    0.00    1.00    0.00    0.00    1.00     0  blueman-tray
02:42:12     1000      4636    1.00    0.00    0.00    0.00    1.00     0  jetbrains-toolb
02:42:12     1000      5902   16.00    3.00    0.00    4.00   19.00     0  brave
02:42:12     1000      5942    4.00    1.00    0.00    2.00    5.00     1  brave
02:42:12     1000      5943    7.00    2.00    0.00    0.00    9.00     0  brave
02:42:12     1000      6021    3.00    1.00    0.00    0.00    4.00     1  brave
02:42:12     1000      6097    2.00    2.00    0.00    1.00    4.00     0  brave
02:42:12     1000      6120   23.00    1.00    0.00    7.00   24.00     0  brave
02:42:12     1000     12255    0.00    2.00    0.00    1.00    2.00     1  pidstat

# Time        UID       PID    %usr %system  %guest   %wait    %CPU   CPU  Command
02:42:13        0       703    0.00    1.00    0.00    0.00    1.00     1  irq/63-rtw88_pci
02:42:13        0       968    0.00    1.00    0.00    0.00    1.00     1  Xorg
02:42:13     1000      3303    2.00    0.00    0.00    1.00    2.00     0  ibus-daemon
02:42:13     1000      3313    1.00    0.00    0.00    0.00    1.00     0  ibus-ui-gtk3
02:42:13     1000      3436    1.00    0.00    0.00    0.00    1.00     1  ibus-engine-sim
02:42:13     1000      3596    3.00    0.00    0.00    3.00    3.00     1  cinnamon
02:42:13     1000      5902   16.00    4.00    0.00    2.00   20.00     0  brave
02:42:13     1000      5942    4.00    2.00    0.00    3.00    6.00     1  brave
02:42:13     1000      5943    5.00    2.00    0.00    0.00    7.00     0  brave
02:42:13     1000      6021    2.00    0.00    0.00    0.00    2.00     1  brave
02:42:13     1000      6097    3.00    0.00    0.00    0.00    3.00     1  brave
02:42:13     1000      6120   21.00    3.00    0.00    8.00   24.00     0  brave
02:42:13     1000     11670    1.00    0.00    0.00    0.00    1.00     1  brave
02:42:13     1000     12255    1.00    2.00    0.00    0.00    3.00     1  pidstat

# Time        UID       PID    %usr %system  %guest   %wait    %CPU   CPU  Command
02:42:14     1000      3596    1.00    0.00    0.00    1.00    1.00     1  cinnamon
02:42:14     1000      5902    6.00    1.00    0.00    0.00    7.00     1  brave
02:42:14     1000      5942    3.00    1.00    0.00    0.00    4.00     1  brave
02:42:14     1000      5943    2.00    1.00    0.00    0.00    3.00     0  brave
02:42:14     1000      6097    3.00    2.00    0.00    1.00    5.00     0  brave
02:42:14     1000      6109    1.00    0.00    0.00    0.00    1.00     1  brave
02:42:14     1000      6120   12.00    2.00    0.00    4.00   14.00     0  brave
02:42:14     1000     12255    1.00    1.00    0.00    0.00    2.00     1  pidstat

# Time        UID       PID    %usr %system  %guest   %wait    %CPU   CPU  Command
02:42:15        0       813    0.00    1.00    0.00    0.00    1.00     1  snapd
02:42:15      120       916    1.00    0.00    0.00    0.00    1.00     0  redis-server
02:42:15        0       968    1.00    0.00    0.00    0.00    1.00     0  Xorg
02:42:15     1000      3596    4.00    0.00    0.00    0.00    4.00     1  cinnamon
02:42:15     1000      5902    1.00    0.00    0.00    0.00    1.00     0  brave
02:42:15     1000      5942    3.00    3.00    0.00    1.00    6.00     0  brave
02:42:15     1000      6097    5.00    0.00    0.00    2.00    5.00     1  brave
02:42:15     1000      6120    7.00    1.00    0.00    2.00    8.00     0  brave
02:42:15     1000      6344    1.00    0.00    0.00    0.00    1.00     0  brave
02:42:15     1000      6626    2.00    0.00    0.00    0.00    2.00     0  brave
02:42:15     1000     12255    1.00    3.00    0.00    0.00    4.00     1  pidstat

# Time        UID       PID    %usr %system  %guest   %wait    %CPU   CPU  Command
02:42:16      120       916    0.00    1.00    0.00    0.00    1.00     0  redis-server
02:42:16        0       968    1.00    1.00    0.00    0.00    2.00     1  Xorg
02:42:16     1000      3596    4.00    0.00    0.00    3.00    4.00     0  cinnamon
02:42:16     1000      4636    0.00    1.00    0.00    0.00    1.00     0  jetbrains-toolb
02:42:16     1000      5902    1.00    1.00    0.00    1.00    2.00     0  brave
02:42:16     1000      5942    7.00    2.00    0.00    2.00    9.00     0  brave
02:42:16     1000      6097    4.00    1.00    0.00    1.00    5.00     1  brave
02:42:16     1000      6120   11.00    2.00    0.00    3.00   13.00     0  brave
02:42:16     1000      6344    5.00    2.00    0.00    1.00    7.00     1  brave
02:42:16        0     11698    0.00    1.00    0.00    0.00    1.00     0  kworker/u32:4-events_unbound
02:42:16     1000     12255    0.00    3.00    0.00    0.00    3.00     1  pidstat

# Time        UID       PID    %usr %system  %guest   %wait    %CPU   CPU  Command
02:42:17        0       165    0.00    1.00    0.00    0.00    1.00     0  gfx
02:42:17        0       703    0.00    2.00    0.00    0.00    2.00     1  irq/63-rtw88_pci
02:42:17        0       968    1.00    1.00    0.00    0.00    2.00     1  Xorg
02:42:17     1000      3303    2.00    0.00    0.00    1.00    2.00     0  ibus-daemon
02:42:17     1000      3314    1.00    0.00    0.00    0.00    1.00     1  ibus-extension-
02:42:17     1000      3436    1.00    0.00    0.00    0.00    1.00     1  ibus-engine-sim
02:42:17     1000      3596    2.00    1.00    0.00    2.00    3.00     1  cinnamon
02:42:17     1000      5902   21.00    3.00    0.00    6.00   24.00     1  brave
02:42:17     1000      5942    5.00    2.00    0.00    5.00    7.00     0  brave
02:42:17     1000      5943    5.00    4.00    0.00    0.00    9.00     0  brave
02:42:17     1000      6021    2.00    1.00    0.00    0.00    3.00     1  brave
02:42:17     1000      6097    4.00    0.00    0.00    1.00    4.00     0  brave
02:42:17     1000      6120   81.00    6.00    0.00   35.00   87.00     0  brave
02:42:17     1000      6150    0.00    1.00    0.00    0.00    1.00     0  alacritty
02:42:17     1000     11670    1.00    0.00    0.00    0.00    1.00     1  brave
02:42:17     1000     12255    1.00    2.00    0.00    2.00    3.00     0  pidstat
02:42:17     1000     12258    0.00    1.00    0.00    0.00    1.00     1  spin-lock

# Time        UID       PID    %usr %system  %guest   %wait    %CPU   CPU  Command
02:42:18        0       703    0.00    1.00    0.00    0.00    1.00     1  irq/63-rtw88_pci
02:42:18        0       968    1.00    0.00    0.00    0.00    1.00     0  Xorg
02:42:18     1000      3303    2.00    0.00    0.00    1.00    2.00     1  ibus-daemon
02:42:18     1000      3596    1.00    1.00    0.00    3.00    2.00     0  cinnamon
02:42:18     1000      5902   14.00    4.00    0.00    3.00   18.00     1  brave
02:42:18     1000      5942    4.00    1.00    0.00    1.00    5.00     1  brave
02:42:18     1000      5943    6.00    3.00    0.00    0.00    9.00     1  brave
02:42:18     1000      6021    2.00    0.00    0.00    0.00    2.00     1  brave
02:42:18     1000      6097    3.00    2.00    0.00    1.00    5.00     1  brave
02:42:18     1000      6120   19.00    4.00    0.00    9.00   23.00     1  brave
02:42:18     1000      6150    1.00    0.00    0.00    0.00    1.00     0  alacritty
02:42:18     1000     12255    0.00    2.00    0.00    0.00    2.00     0  pidstat

# Time        UID       PID    %usr %system  %guest   %wait    %CPU   CPU  Command
02:42:19        0       703    0.00    1.00    0.00    0.00    1.00     1  irq/63-rtw88_pci
02:42:19        0       968    0.00    1.00    0.00    0.00    1.00     0  Xorg
02:42:19     1000      3303    2.00    0.00    0.00    1.00    2.00     0  ibus-daemon
02:42:19     1000      3436    1.00    0.00    0.00    0.00    1.00     0  ibus-engine-sim
02:42:19     1000      3596    2.00    1.00    0.00    2.00    3.00     0  cinnamon
02:42:19     1000      4636    1.00    1.00    0.00    0.00    2.00     0  jetbrains-toolb
02:42:19     1000      5902   19.00    3.00    0.00    5.00   22.00     1  brave
02:42:19     1000      5942    4.00    2.00    0.00    0.00    6.00     1  brave
02:42:19     1000      5943    6.00    4.00    0.00    0.00   10.00     1  brave
02:42:19     1000      6021    6.00    2.00    0.00    0.00    8.00     1  brave
02:42:19     1000      6097    4.00    0.00    0.00    1.00    4.00     0  brave
02:42:19     1000      6120   23.00    2.00    0.00   10.00   25.00     1  brave
02:42:19     1000      6987    1.00    0.00    0.00    0.00    1.00     0  brave
02:42:19        0      9838    0.00    1.00    0.00    0.00    1.00     0  kworker/0:1-events
02:42:19     1000     11670    1.00    0.00    0.00    0.00    1.00     1  brave
02:42:19     1000     12255    1.00    3.00    0.00    2.00    4.00     0  pidstat
