Linux 6.1.0-34-amd64 (debian) 	06/04/25 	_x86_64_	(2 CPU)

# Time        UID       PID    %usr %system  %guest   %wait    %CPU   CPU  Command
02:38:55        0       703    0.00    0.99    0.00    0.00    0.99     1  irq/63-rtw88_pci
02:38:55        0       968    0.99    0.00    0.00    0.00    0.99     0  Xorg
02:38:55     1000      3436    0.99    0.00    0.00    0.99    0.99     1  ibus-engine-sim
02:38:55     1000      3596    1.98    0.00    0.00    3.96    1.98     1  cinnamon
02:38:55     1000      4636    0.99    0.00    0.00    0.00    0.99     1  jetbrains-toolb
02:38:55     1000      5902    8.91    3.96    0.00    1.98   12.87     0  brave
02:38:55     1000      5942    2.97    0.99    0.00    0.99    3.96     0  brave
02:38:55     1000      5943    3.96    0.99    0.00    0.00    4.95     1  brave
02:38:55     1000      6021    1.98    0.99    0.00    0.00    2.97     1  brave
02:38:55     1000      6120   13.86    1.98    0.00    6.93   15.84     1  brave
02:38:55     1000      6344    2.97    0.99    0.00    3.96    3.96     0  brave
02:38:55     1000     11670    0.99    0.00    0.00    0.00    0.99     1  brave
02:38:55     1000     11918    0.99    0.99    0.00    0.00    1.98     1  pidstat

# Time        UID       PID    %usr %system  %guest   %wait    %CPU   CPU  Command
02:38:56        0       968    0.99    0.00    0.00    0.00    0.99     0  Xorg
02:38:56     1000      3596    2.97    0.00    0.00    0.99    2.97     1  cinnamon
02:38:56     1000      5902    0.00    0.99    0.00    0.00    0.99     1  brave
02:38:56     1000      5942    4.95    0.99    0.00    1.98    5.94     1  brave
02:38:56     1000      6120    6.93    0.99    0.00    1.98    7.92     1  brave
02:38:56     1000      6344    4.95    1.98    0.00    1.98    6.93     1  brave
02:38:56     1000      6626   21.78    0.00    0.00    0.99   21.78     0  brave
02:38:56        0     11701    0.00    0.99    0.00    0.00    0.99     1  kworker/u32:7+events_unbound
02:38:56     1000     11918    0.00    0.99    0.00    0.00    0.99     0  pidstat

# Time        UID       PID    %usr %system  %guest   %wait    %CPU   CPU  Command
02:38:57        0       968    1.00    1.00    0.00    0.00    2.00     0  Xorg
02:38:57     1000      3303    1.00    0.00    0.00    0.00    1.00     0  ibus-daemon
02:38:57     1000      3596    2.00    0.00    0.00    1.00    2.00     1  cinnamon
02:38:57     1000      4636    0.00    1.00    0.00    0.00    1.00     1  jetbrains-toolb
02:38:57     1000      5902    3.00    0.00    0.00    1.00    3.00     0  brave
02:38:57     1000      5942    3.00    3.00    0.00    1.00    6.00     0  brave
02:38:57     1000      5943    1.00    0.00    0.00    0.00    1.00     1  brave
02:38:57     1000      6027    0.00    1.00    0.00    0.00    1.00     1  brave
02:38:57     1000      6120   14.00    2.00    0.00    3.00   16.00     1  brave
02:38:57     1000      6344    4.00    1.00    0.00    2.00    5.00     0  brave
02:38:57     1000     11918    0.00    1.00    0.00    0.00    1.00     0  pidstat

# Time        UID       PID    %usr %system  %guest   %wait    %CPU   CPU  Command
02:38:58        0       165    0.00    1.00    0.00    0.00    1.00     0  gfx
02:38:58        0       703    0.00    1.00    0.00    0.00    1.00     1  irq/63-rtw88_pci
02:38:58        0       968    1.00    1.00    0.00    0.00    2.00     0  Xorg
02:38:58     1000      3303    1.00    1.00    0.00    1.00    2.00     0  ibus-daemon
02:38:58     1000      3417    0.00    1.00    0.00    1.00    1.00     1  csd-keyboard
02:38:58     1000      3596    2.00    1.00    0.00    2.00    3.00     0  cinnamon
02:38:58     1000      5902   11.00    2.00    0.00    1.00   13.00     1  brave
02:38:58     1000      5942    6.00    1.00    0.00    2.00    7.00     1  brave
02:38:58     1000      5943    1.00    2.00    0.00    0.00    3.00     0  brave
02:38:58     1000      6021    1.00    0.00    0.00    0.00    1.00     1  brave
02:38:58     1000      6120   29.00    2.00    0.00    8.00   31.00     1  brave
02:38:58     1000      6344    4.00    1.00    0.00    2.00    5.00     1  brave
02:38:58        0      9839    0.00    1.00    0.00    0.00    1.00     1  kworker/1:2-events
02:38:58     1000     11918    0.00    3.00    0.00    0.00    3.00     0  pidstat

# Time        UID       PID    %usr %system  %guest   %wait    %CPU   CPU  Command
02:38:59      120       916    1.00    1.00    0.00    0.00    2.00     1  redis-server
02:38:59        0       968    1.00    0.00    0.00    0.00    1.00     0  Xorg
02:38:59     1000      3303    1.00    0.00    0.00    0.00    1.00     0  ibus-daemon
02:38:59     1000      3436    1.00    0.00    0.00    0.00    1.00     0  ibus-engine-sim
02:38:59     1000      3596    1.00    1.00    0.00    0.00    2.00     1  cinnamon
02:38:59     1000      3673    1.00    0.00    0.00    0.00    1.00     1  nm-applet
02:38:59     1000      5902    6.00    0.00    0.00    1.00    6.00     0  brave
02:38:59     1000      5942    2.00    3.00    0.00    0.00    5.00     0  brave
02:38:59     1000      5943    2.00    1.00    0.00    0.00    3.00     0  brave
02:38:59     1000      6021    1.00    0.00    0.00    0.00    1.00     1  brave
02:38:59     1000      6120   14.00    3.00    0.00    4.00   17.00     0  brave
02:38:59     1000      6344    5.00    2.00    0.00    1.00    7.00     1  brave
02:38:59     1000     11918    1.00    1.00    0.00    0.00    2.00     1  pidstat

# Time        UID       PID    %usr %system  %guest   %wait    %CPU   CPU  Command
02:39:00        0       703    0.00    1.00    0.00    0.00    1.00     1  irq/63-rtw88_pci
02:39:00        0       968    1.00    0.00    0.00    0.00    1.00     0  Xorg
02:39:00     1000      3303    1.00    1.00    0.00    0.00    2.00     0  ibus-daemon
02:39:00     1000      3314    0.00    1.00    0.00    0.00    1.00     0  ibus-extension-
02:39:00     1000      3417    1.00    0.00    0.00    0.00    1.00     1  csd-keyboard
02:39:00     1000      3596    2.00    0.00    0.00    2.00    2.00     1  cinnamon
02:39:00     1000      4636    1.00    0.00    0.00    0.00    1.00     1  jetbrains-toolb
02:39:00     1000      5902    9.00    1.00    0.00    2.00   10.00     0  brave
02:39:00     1000      5942    4.00    1.00    0.00    1.00    5.00     0  brave
02:39:00     1000      5943    3.00    1.00    0.00    0.00    4.00     0  brave
02:39:00     1000      6021    1.00    0.00    0.00    0.00    1.00     1  brave
02:39:00     1000      6120   19.00    3.00    0.00    6.00   22.00     1  brave
02:39:00     1000      6344    4.00    1.00    0.00    1.00    5.00     1  brave
02:39:00     1000     11918    1.00    1.00    0.00    1.00    2.00     1  pidstat

# Time        UID       PID    %usr %system  %guest   %wait    %CPU   CPU  Command
02:39:01     1000      3303    1.00    0.00    0.00    1.00    1.00     0  ibus-daemon
02:39:01     1000      3313    0.00    1.00    0.00    0.00    1.00     0  ibus-ui-gtk3
02:39:01     1000      3436    1.00    0.00    0.00    0.00    1.00     1  ibus-engine-sim
02:39:01     1000      3596    2.00    1.00    0.00    2.00    3.00     0  cinnamon
02:39:01     1000      5902   13.00    3.00    0.00    3.00   16.00     1  brave
02:39:01     1000      5942    3.00    2.00    0.00    0.00    5.00     0  brave
02:39:01     1000      5943    4.00    2.00    0.00    0.00    6.00     0  brave
02:39:01     1000      6021    3.00    0.00    0.00    0.00    3.00     1  brave
02:39:01     1000      6120   15.00    4.00    0.00    9.00   19.00     0  brave
02:39:01     1000      6344    4.00    0.00    0.00    0.00    4.00     1  brave
02:39:01     1000     11670    1.00    0.00    0.00    0.00    1.00     1  brave
02:39:01     1000     11918    0.00    1.00    0.00    0.00    1.00     1  pidstat

# Time        UID       PID    %usr %system  %guest   %wait    %CPU   CPU  Command
02:39:02        0       290    0.00    1.00    0.00    0.00    1.00     1  systemd-journal
02:39:02        0       703    0.00    1.00    0.00    0.00    1.00     1  irq/63-rtw88_pci
02:39:02        0       849    1.00    0.00    0.00    0.00    1.00     1  preload
02:39:02        0       968    1.00    1.00    0.00    0.00    2.00     1  Xorg
02:39:02     1000      3303    1.00    0.00    0.00    1.00    1.00     0  ibus-daemon
02:39:02     1000      3436    0.00    1.00    0.00    0.00    1.00     0  ibus-engine-sim
02:39:02     1000      3596    1.00    0.00    0.00    2.00    1.00     0  cinnamon
02:39:02     1000      5902    9.00    4.00    0.00    3.00   13.00     0  brave
02:39:02     1000      5942    3.00    2.00    0.00    2.00    5.00     0  brave
02:39:02     1000      5943    4.00    1.00    0.00    0.00    5.00     0  brave
02:39:02     1000      6021    1.00    0.00    0.00    0.00    1.00     1  brave
02:39:02     1000      6109    1.00    0.00    0.00    0.00    1.00     1  brave
02:39:02     1000      6120   19.00    3.00    0.00    5.00   22.00     0  brave
02:39:02     1000      6344    4.00    0.00    0.00    2.00    4.00     1  brave
02:39:02     1000     11918    0.00    1.00    0.00    0.00    1.00     1  pidstat

# Time        UID       PID    %usr %system  %guest   %wait    %CPU   CPU  Command
02:39:03        0       968    1.00    0.00    0.00    0.00    1.00     1  Xorg
02:39:03     1000      3303    1.00    1.00    0.00    0.00    2.00     1  ibus-daemon
02:39:03     1000      3314    1.00    0.00    0.00    0.00    1.00     1  ibus-extension-
02:39:03     1000      3436    1.00    0.00    0.00    0.00    1.00     0  ibus-engine-sim
02:39:03     1000      3596    2.00    0.00    0.00    1.00    2.00     1  cinnamon
02:39:03     1000      4636    0.00    1.00    0.00    0.00    1.00     1  jetbrains-toolb
02:39:03     1000      5902   12.00    6.00    0.00    3.00   18.00     0  brave
02:39:03     1000      5942    4.00    1.00    0.00    1.00    5.00     1  brave
02:39:03     1000      5943    6.00    1.00    0.00    0.00    7.00     0  brave
02:39:03     1000      6021    1.00    1.00    0.00    0.00    2.00     1  brave
02:39:03     1000      6120   18.00    1.00    0.00    8.00   19.00     1  brave
02:39:03     1000      6344    3.00    1.00    0.00    1.00    4.00     0  brave
02:39:03     1000      6626    3.00    1.00    0.00    2.00    4.00     1  brave
02:39:03     1000     11918    0.00    1.00    0.00    0.00    1.00     1  pidstat

# Time        UID       PID    %usr %system  %guest   %wait    %CPU   CPU  Command
02:39:04        0       703    0.00    1.00    0.00    0.00    1.00     1  irq/63-rtw88_pci
02:39:04        0       968    1.00    1.00    0.00    0.00    2.00     1  Xorg
02:39:04     1000      3303    2.00    0.00    0.00    1.00    2.00     1  ibus-daemon
02:39:04     1000      3596    1.00    1.00    0.00    2.00    2.00     0  cinnamon
02:39:04     1000      5902   19.00    4.00    0.00    4.00   23.00     1  brave
02:39:04     1000      5942    4.00    2.00    0.00    0.00    6.00     0  brave
02:39:04     1000      5943    8.00    2.00    0.00    0.00   10.00     0  brave
02:39:04     1000      6021    2.00    1.00    0.00    0.00    3.00     1  brave
02:39:04     1000      6120   25.00    2.00    0.00    9.00   27.00     0  brave
02:39:04     1000      6344    1.00    2.00    0.00    0.00    3.00     0  brave
02:39:04     1000     11670    1.00    0.00    0.00    0.00    1.00     1  brave
02:39:04     1000     11918    0.00    2.00    0.00    0.00    2.00     1  pidstat

# Time        UID       PID    %usr %system  %guest   %wait    %CPU   CPU  Command
02:39:05        0        15    0.00    1.00    0.00    0.00    1.00     0  rcu_preempt
02:39:05        0       968    1.00    1.00    0.00    0.00    2.00     0  Xorg
02:39:05     1000      3303    2.00    0.00    0.00    1.00    2.00     1  ibus-daemon
02:39:05     1000      3436    1.00    0.00    0.00    0.00    1.00     0  ibus-engine-sim
02:39:05     1000      3596    2.00    1.00    0.00    2.00    3.00     0  cinnamon
02:39:05     1000      5902   15.00    5.00    0.00    2.00   20.00     1  brave
02:39:05     1000      5942    4.00    1.00    0.00    1.00    5.00     1  brave
02:39:05     1000      5943    4.00    4.00    0.00    0.00    8.00     0  brave
02:39:05     1000      6021    2.00    0.00    0.00    0.00    2.00     1  brave
02:39:05     1000      6120   20.00    3.00    0.00    8.00   23.00     1  brave
02:39:05     1000      6344    4.00    1.00    0.00    1.00    5.00     0  brave
02:39:05        0      9838    0.00    1.00    0.00    0.00    1.00     0  kworker/0:1-events
02:39:05        0     10294    0.00    1.00    0.00    0.00    1.00     1  kworker/u32:1-events_unbound

# Time        UID       PID    %usr %system  %guest   %wait    %CPU   CPU  Command
02:39:06        0       968    2.00    0.00    0.00    1.00    2.00     1  Xorg
02:39:06     1000      3303    2.00    0.00    0.00    1.00    2.00     0  ibus-daemon
02:39:06     1000      3436    0.00    1.00    0.00    1.00    1.00     1  ibus-engine-sim
02:39:06     1000      3596    3.00    1.00    0.00    4.00    4.00     0  cinnamon
02:39:06     1000      3947    1.00    0.00    0.00    0.00    1.00     0  blueman-tray
02:39:06     1000      5902   12.00    5.00    0.00    5.00   17.00     1  brave
02:39:06     1000      5942    5.00    1.00    0.00    2.00    6.00     0  brave
02:39:06     1000      5943    5.00    2.00    0.00    0.00    7.00     0  brave
02:39:06     1000      6021    2.00    0.00    0.00    0.00    2.00     1  brave
02:39:06     1000      6120   74.00    1.00    0.00   25.00   75.00     0  brave
02:39:06     1000      6344    4.00    1.00    0.00    1.00    5.00     1  brave
02:39:06     1000     11918    1.00    1.00    0.00    3.00    2.00     0  pidstat

# Time        UID       PID    %usr %system  %guest   %wait    %CPU   CPU  Command
02:39:07        0       703    0.00    1.00    0.00    0.00    1.00     1  irq/63-rtw88_pci
02:39:07        0       968    1.00    0.00    0.00    0.00    1.00     0  Xorg
02:39:07     1000      3303    2.00    0.00    0.00    1.00    2.00     0  ibus-daemon
02:39:07     1000      3596    1.00    1.00    0.00    1.00    2.00     1  cinnamon
02:39:07     1000      4636    1.00    0.00    0.00    0.00    1.00     1  jetbrains-toolb
02:39:07     1000      5902   17.00    5.00    0.00    5.00   22.00     0  brave
02:39:07     1000      5942    5.00    0.00    0.00    1.00    5.00     1  brave
02:39:07     1000      5943    7.00    1.00    0.00    0.00    8.00     0  brave
02:39:07     1000      6021    2.00    1.00    0.00    0.00    3.00     1  brave
02:39:07     1000      6120   24.00    1.00    0.00    8.00   25.00     1  brave
02:39:07     1000      6344    3.00    1.00    0.00    1.00    4.00     1  brave
02:39:07     1000      6418    1.00    0.00    0.00    0.00    1.00     0  brave
02:39:07        0     10333    0.00    1.00    0.00    0.00    1.00     1  kworker/u33:0-rtw_tx_wq
02:39:07     1000     11670    0.00    1.00    0.00    0.00    1.00     1  brave
02:39:07     1000     11918    1.00    0.00    0.00    1.00    1.00     0  pidstat

# Time        UID       PID    %usr %system  %guest   %wait    %CPU   CPU  Command
02:39:08      120       916    1.00    0.00    0.00    0.00    1.00     1  redis-server
02:39:08     1000      3303    1.00    0.00    0.00    0.00    1.00     0  ibus-daemon
02:39:08     1000      3436    0.00    1.00    0.00    0.00    1.00     1  ibus-engine-sim
02:39:08     1000      3596    0.00    1.00    0.00    1.00    1.00     1  cinnamon
02:39:08     1000      5902    8.00    4.00    0.00    2.00   12.00     1  brave
02:39:08     1000      5942    2.00    2.00    0.00    0.00    4.00     1  brave
02:39:08     1000      5943    3.00    2.00    0.00    0.00    5.00     0  brave
02:39:08     1000      6021    1.00    1.00    0.00    0.00    2.00     1  brave
02:39:08     1000      6120   13.00    3.00    0.00    4.00   16.00     1  brave
02:39:08     1000      6150    1.00    0.00    0.00    0.00    1.00     0  alacritty
02:39:08     1000      6344    4.00    1.00    0.00    2.00    5.00     0  brave
02:39:08     1000     11670    1.00    0.00    0.00    0.00    1.00     1  brave
02:39:08     1000     11918    0.00    1.00    0.00    0.00    1.00     0  pidstat

# Time        UID       PID    %usr %system  %guest   %wait    %CPU   CPU  Command
02:39:09        0       165    0.00    1.00    0.00    0.00    1.00     0  gfx
02:39:09        0       703    0.00    1.00    0.00    0.00    1.00     1  irq/63-rtw88_pci
02:39:09        0       968    1.00    1.00    0.00    0.00    2.00     1  Xorg
02:39:09     1000      3303    1.00    1.00    0.00    2.00    2.00     1  ibus-daemon
02:39:09     1000      3596    3.00    0.00    0.00    2.00    3.00     1  cinnamon
02:39:09     1000      5902   18.00    4.00    0.00    3.00   22.00     0  brave
02:39:09     1000      5942    4.00    2.00    0.00    1.00    6.00     1  brave
02:39:09     1000      5943    6.00    4.00    0.00    0.00   10.00     0  brave
02:39:09     1000      6021    2.00    0.00    0.00    0.00    2.00     1  brave
02:39:09     1000      6120   21.00    3.00    0.00   10.00   24.00     0  brave
02:39:09     1000      6344    4.00    0.00    0.00    0.00    4.00     0  brave
02:39:09     1000     11918    1.00    1.00    0.00    0.00    2.00     1  pidstat

# Time        UID       PID    %usr %system  %guest   %wait    %CPU   CPU  Command
02:39:10        0       703    0.00    1.00    0.00    0.00    1.00     1  irq/63-rtw88_pci
02:39:10        0       965    0.00    1.00    0.00    0.00    1.00     1  apache2
02:39:10        0       968    2.00    0.00    0.00    0.00    2.00     0  Xorg
02:39:10     1000      3303    2.00    0.00    0.00    0.00    2.00     0  ibus-daemon
02:39:10     1000      3436    1.00    0.00    0.00    0.00    1.00     1  ibus-engine-sim
02:39:10     1000      3596    3.00    1.00    0.00    3.00    4.00     0  cinnamon
02:39:10     1000      4636    1.00    0.00    0.00    0.00    1.00     1  jetbrains-toolb
02:39:10     1000      5902   19.00    6.00    0.00    4.00   25.00     1  brave
02:39:10     1000      5942    4.00    2.00    0.00    2.00    6.00     0  brave
02:39:10     1000      5943    6.00    3.00    0.00    0.00    9.00     0  brave
02:39:10     1000      6021    2.00    1.00    0.00    0.00    3.00     1  brave
02:39:10     1000      6120   23.00    3.00    0.00   10.00   26.00     0  brave
02:39:10     1000      6344    3.00    1.00    0.00    0.00    4.00     1  brave
02:39:10     1000      6626    2.00    0.00    0.00    0.00    2.00     0  brave
02:39:10     1000     11670    1.00    0.00    0.00    0.00    1.00     1  brave
02:39:10     1000     11918    0.00    1.00    0.00    0.00    1.00     1  pidstat

# Time        UID       PID    %usr %system  %guest   %wait    %CPU   CPU  Command
02:39:11      120       916    0.00    1.00    0.00    0.00    1.00     1  redis-server
02:39:11        0       968    1.00    0.00    0.00    0.00    1.00     1  Xorg
02:39:11     1000      3596    2.00    0.00    0.00    1.00    2.00     1  cinnamon
02:39:11     1000      5902   11.00    4.00    0.00    2.00   15.00     0  brave
02:39:11     1000      5942    3.00    2.00    0.00    1.00    5.00     1  brave
02:39:11     1000      5943    5.00    2.00    0.00    0.00    7.00     0  brave
02:39:11     1000      6021    3.00    0.00    0.00    0.00    3.00     1  brave
02:39:11     1000      6120   14.00    1.00    0.00    5.00   15.00     0  brave
02:39:11     1000      6344    3.00    1.00    0.00    1.00    4.00     0  brave
02:39:11     1000      6418    0.00    1.00    0.00    0.00    1.00     1  brave
02:39:11        0     10294    0.00    1.00    0.00    0.00    1.00     0  kworker/u32:1-phy0
02:39:11     1000     11670    1.00    0.00    0.00    0.00    1.00     1  brave
02:39:11     1000     11918    0.00    1.00    0.00    0.00    1.00     1  pidstat

# Time        UID       PID    %usr %system  %guest   %wait    %CPU   CPU  Command
02:39:12        0       968    1.00    0.00    0.00    0.00    1.00     1  Xorg
02:39:12        0      1993    1.00    0.00    0.00    0.00    1.00     0  upowerd
02:39:12     1000      3303    1.00    1.00    0.00    1.00    2.00     0  ibus-daemon
02:39:12     1000      3417    1.00    0.00    0.00    0.00    1.00     1  csd-keyboard
02:39:12     1000      3436    1.00    0.00    0.00    0.00    1.00     1  ibus-engine-sim
02:39:12     1000      3596    0.00    1.00    0.00    1.00    1.00     1  cinnamon
02:39:12     1000      5902    9.00    2.00    0.00    2.00   11.00     0  brave
02:39:12     1000      5942    3.00    1.00    0.00    0.00    4.00     1  brave
02:39:12     1000      5943    3.00    1.00    0.00    0.00    4.00     0  brave
02:39:12     1000      6021    2.00    0.00    0.00    0.00    2.00     1  brave
02:39:12     1000      6120   17.00    3.00    0.00    5.00   20.00     0  brave
02:39:12     1000      6344    4.00    1.00    0.00    1.00    5.00     1  brave
02:39:12     1000      6447    1.00    0.00    0.00    0.00    1.00     1  brave
02:39:12     1000      6626    1.00    0.00    0.00    0.00    1.00     0  brave
02:39:12     1000     11918    0.00    1.00    0.00    1.00    1.00     1  pidstat

# Time        UID       PID    %usr %system  %guest   %wait    %CPU   CPU  Command
02:39:13        0       703    0.00    1.00    0.00    0.00    1.00     1  irq/63-rtw88_pci
02:39:13        0       968    0.00    1.00    0.00    0.00    1.00     0  Xorg
02:39:13     1000      3303    1.00    0.00    0.00    0.00    1.00     0  ibus-daemon
02:39:13     1000      3596    2.00    0.00    0.00    1.00    2.00     0  cinnamon
02:39:13     1000      4636    1.00    0.00    0.00    0.00    1.00     1  jetbrains-toolb
02:39:13     1000      5902    7.00    2.00    0.00    2.00    9.00     1  brave
02:39:13     1000      5942    2.00    2.00    0.00    1.00    4.00     1  brave
02:39:13     1000      5943    2.00    1.00    0.00    0.00    3.00     0  brave
02:39:13     1000      6021    1.00    0.00    0.00    0.00    1.00     1  brave
02:39:13     1000      6120   12.00    4.00    0.00    3.00   16.00     0  brave
02:39:13     1000      6344    4.00    1.00    0.00    1.00    5.00     0  brave
02:39:13     1000     11918    1.00    1.00    0.00    1.00    2.00     0  pidstat
