Linux 6.1.0-34-amd64 (debian) 	06/04/25 	_x86_64_	(2 CPU)

# Time        UID       PID    %usr %system  %guest   %wait    %CPU   CPU  Command
02:50:57        0       703    0.00    0.98    0.00    0.00    0.98     1  irq/63-rtw88_pci
02:50:57      120       916    0.00    0.98    0.00    0.00    0.98     0  redis-server
02:50:57     1000      4636    0.98    0.00    0.00    0.00    0.98     0  jetbrains-toolb
02:50:57     1000      5902    0.98    0.98    0.00    0.00    1.96     1  brave
02:50:57     1000      5942    2.94    0.98    0.00    0.00    3.92     1  brave
02:50:57     1000      6097    3.92    2.94    0.00    1.96    6.86     0  brave
02:50:57     1000      6120    3.92    2.94    0.00    2.94    6.86     0  brave
02:50:57        0     12399    0.00    0.98    0.00    0.00    0.98     0  kworker/u32:0-phy0
02:50:57     1000     12962    6.86    0.00    0.00    0.00    6.86     0  brave
02:50:57     1000     13106    0.00    2.94    0.00    2.94    2.94     0  pidstat

# Time        UID       PID    %usr %system  %guest   %wait    %CPU   CPU  Command
02:50:58        0        15    0.00    1.00    0.00    0.00    1.00     1  rcu_preempt
02:50:58        0       968    0.00    1.00    0.00    0.00    1.00     1  Xorg
02:50:58     1000      5902    2.00    0.00    0.00    0.00    2.00     1  brave
02:50:58     1000      5942    2.00    0.00    0.00    0.00    2.00     1  brave
02:50:58     1000      6097    4.00    1.00    0.00    1.00    5.00     0  brave
02:50:58     1000      6120    5.00    0.00    0.00    1.00    5.00     1  brave
02:50:58     1000      6831    1.00    0.00    0.00    0.00    1.00     0  brave
02:50:58     1000     13106    1.00    3.00    0.00    0.00    4.00     0  pidstat

# Time        UID       PID    %usr %system  %guest   %wait    %CPU   CPU  Command
02:50:59        0       140    0.00    1.00    0.00    0.00    1.00     0  irq/30-ELAN0708:00
02:50:59        0       968    1.00    1.00    0.00    0.00    2.00     1  Xorg
02:50:59     1000      3303    1.00    1.00    0.00    4.00    2.00     1  ibus-daemon
02:50:59     1000      3596    3.00    1.00    0.00    5.00    4.00     1  cinnamon
02:50:59     1000      5902    5.00    2.00    0.00    2.00    7.00     1  brave
02:50:59     1000      5942    5.00    2.00    0.00    3.00    7.00     1  brave
02:50:59     1000      6097    4.00    1.00    0.00    3.00    5.00     1  brave
02:50:59     1000      6120   10.00    3.00    0.00    6.00   13.00     1  brave
02:50:59     1000     13106    2.00    1.00    0.00    0.00    3.00     0  pidstat

# Time        UID       PID    %usr %system  %guest   %wait    %CPU   CPU  Command
02:51:00        0       703    0.00    1.00    0.00    0.00    1.00     1  irq/63-rtw88_pci
02:51:00        0       968    0.00    1.00    0.00    0.00    1.00     1  Xorg
02:51:00     1000      3303    2.00    0.00    0.00    1.00    2.00     0  ibus-daemon
02:51:00     1000      3313    1.00    0.00    0.00    0.00    1.00     0  ibus-ui-gtk3
02:51:00     1000      3436    1.00    0.00    0.00    1.00    1.00     0  ibus-engine-sim
02:51:00     1000      3596    2.00    0.00    0.00    4.00    2.00     0  cinnamon
02:51:00     1000      5902   11.00    4.00    0.00    3.00   15.00     0  brave
02:51:00     1000      5942    5.00    2.00    0.00    4.00    7.00     0  brave
02:51:00     1000      5943    5.00    1.00    0.00    0.00    6.00     0  brave
02:51:00     1000      6021    2.00    1.00    0.00    0.00    3.00     0  brave
02:51:00     1000      6097    4.00    2.00    0.00    2.00    6.00     1  brave
02:51:00     1000      6120   26.00    3.00    0.00    7.00   29.00     1  brave
02:51:00        0     12895    0.00    1.00    0.00    0.00    1.00     1  kworker/u33:2-rtw_tx_wq
02:51:00     1000     13106    0.00    1.00    0.00    2.00    1.00     0  pidstat

# Time        UID       PID    %usr %system  %guest   %wait    %CPU   CPU  Command
02:51:01        0       703    0.00    1.00    0.00    0.00    1.00     1  irq/63-rtw88_pci
02:51:01        0       968    2.00    1.00    0.00    0.00    3.00     0  Xorg
02:51:01     1000      3303    2.00    1.00    0.00    2.00    3.00     0  ibus-daemon
02:51:01     1000      3436    1.00    0.00    0.00    0.00    1.00     0  ibus-engine-sim
02:51:01     1000      3596    2.00    1.00    0.00    3.00    3.00     1  cinnamon
02:51:01     1000      4636    1.00    0.00    0.00    0.00    1.00     0  jetbrains-toolb
02:51:01     1000      5902   15.00    3.00    0.00    5.00   18.00     0  brave
02:51:01     1000      5942    5.00    0.00    0.00    2.00    5.00     0  brave
02:51:01     1000      5943    3.00    5.00    0.00    0.00    8.00     0  brave
02:51:01     1000      6021    1.00    0.00    0.00    0.00    1.00     0  brave
02:51:01     1000      6097    4.00    0.00    0.00    3.00    4.00     1  brave
02:51:01     1000      6120   24.00    3.00    0.00   10.00   27.00     1  brave
02:51:01        0     12078    0.00    1.00    0.00    0.00    1.00     1  kworker/1:0-events
02:51:01     1000     13012    1.00    0.00    0.00    0.00    1.00     1  brave
02:51:01     1000     13106    1.00    1.00    0.00    0.00    2.00     1  pidstat

# Time        UID       PID    %usr %system  %guest   %wait    %CPU   CPU  Command
02:51:02        0       703    0.00    1.00    0.00    0.00    1.00     1  irq/63-rtw88_pci
02:51:02        0       849    1.00    0.00    0.00    0.00    1.00     1  preload
02:51:02        0       968    0.00    1.00    0.00    0.00    1.00     0  Xorg
02:51:02     1000      3303    1.00    0.00    0.00    0.00    1.00     0  ibus-daemon
02:51:02     1000      3596    3.00    0.00    0.00    2.00    3.00     0  cinnamon
02:51:02     1000      5902    9.00    1.00    0.00    2.00   10.00     1  brave
02:51:02     1000      5942    5.00    1.00    0.00    3.00    6.00     0  brave
02:51:02     1000      5943    3.00    0.00    0.00    0.00    3.00     0  brave
02:51:02     1000      6021    3.00    1.00    0.00    0.00    4.00     0  brave
02:51:02     1000      6097    4.00    2.00    0.00    1.00    6.00     0  brave
02:51:02     1000      6120   16.00    2.00    0.00    4.00   18.00     1  brave
02:51:02     1000     13106    0.00    2.00    0.00    1.00    2.00     0  pidstat

# Time        UID       PID    %usr %system  %guest   %wait    %CPU   CPU  Command
02:51:03        0       968    0.00    1.00    0.00    0.00    1.00     1  Xorg
02:51:03     1000      3303    1.00    0.00    0.00    1.00    1.00     0  ibus-daemon
02:51:03     1000      3596    2.00    1.00    0.00    5.00    3.00     1  cinnamon
02:51:03     1000      3947    1.00    0.00    0.00    1.00    1.00     1  blueman-tray
02:51:03     1000      5902   11.00    2.00    0.00    2.00   13.00     0  brave
02:51:03     1000      5942    3.00    1.00    0.00    2.00    4.00     1  brave
02:51:03     1000      5943    3.00    2.00    0.00    0.00    5.00     0  brave
02:51:03     1000      6021    1.00    0.00    0.00    0.00    1.00     0  brave
02:51:03     1000      6097    4.00    0.00    0.00    0.00    4.00     1  brave
02:51:03     1000      6120   64.00    2.00    0.00   23.00   66.00     1  brave
02:51:03     1000      6626    3.00    0.00    0.00    5.00    3.00     0  brave
02:51:03     1000     13106    0.00    1.00    0.00    0.00    1.00     0  pidstat

# Time        UID       PID    %usr %system  %guest   %wait    %CPU   CPU  Command
02:51:04        0       703    0.00    1.00    0.00    0.00    1.00     1  irq/63-rtw88_pci
02:51:04        0       968    1.00    0.00    0.00    0.00    1.00     1  Xorg
02:51:04     1000      3303    1.00    2.00    0.00    0.00    3.00     0  ibus-daemon
02:51:04     1000      3436    1.00    0.00    0.00    0.00    1.00     1  ibus-engine-sim
02:51:04     1000      3596    3.00    0.00    0.00    3.00    3.00     0  cinnamon
02:51:04     1000      4636    0.00    1.00    0.00    0.00    1.00     0  jetbrains-toolb
02:51:04     1000      5902   18.00    5.00    0.00    3.00   23.00     1  brave
02:51:04     1000      5942    3.00    3.00    0.00    2.00    6.00     0  brave
02:51:04     1000      5943    6.00    5.00    0.00    0.00   11.00     0  brave
02:51:04     1000      6021    3.00    0.00    0.00    0.00    3.00     0  brave
02:51:04     1000      6097    2.00    1.00    0.00    1.00    3.00     1  brave
02:51:04     1000      6120   25.00    2.00    0.00    8.00   27.00     1  brave
02:51:04     1000     13106    1.00    2.00    0.00    1.00    3.00     0  pidstat

# Time        UID       PID    %usr %system  %guest   %wait    %CPU   CPU  Command
02:51:05        0       165    0.00    1.00    0.00    0.00    1.00     0  gfx
02:51:05        0       968    1.00    1.00    0.00    0.00    2.00     1  Xorg
02:51:05     1000      3303    1.00    0.00    0.00    1.00    1.00     0  ibus-daemon
02:51:05     1000      3436    1.00    1.00    0.00    0.00    2.00     0  ibus-engine-sim
02:51:05     1000      3596    2.00    1.00    0.00    2.00    3.00     0  cinnamon
02:51:05     1000      4636    1.00    0.00    0.00    0.00    1.00     0  jetbrains-toolb
02:51:05     1000      5902   19.00    3.00    0.00    4.00   22.00     1  brave
02:51:05     1000      5942    3.00    1.00    0.00    2.00    4.00     0  brave
02:51:05     1000      5943    7.00    2.00    0.00    0.00    9.00     0  brave
02:51:05     1000      6021    3.00    0.00    0.00    0.00    3.00     0  brave
02:51:05     1000      6097    3.00    0.00    0.00    0.00    3.00     1  brave
02:51:05     1000      6120   26.00    3.00    0.00    9.00   29.00     0  brave
02:51:05     1000     13012    1.00    1.00    0.00    0.00    2.00     1  brave
02:51:05     1000     13106    0.00    1.00    0.00    0.00    1.00     1  pidstat

# Time        UID       PID    %usr %system  %guest   %wait    %CPU   CPU  Command
02:51:06        0       703    0.00    1.00    0.00    0.00    1.00     1  irq/63-rtw88_pci
02:51:06        0       968    1.00    0.00    0.00    0.00    1.00     1  Xorg
02:51:06     1000      3303    1.00    0.00    0.00    0.00    1.00     1  ibus-daemon
02:51:06     1000      3596    2.00    0.00    0.00    1.00    2.00     1  cinnamon
02:51:06     1000      5902   13.00    5.00    0.00    2.00   18.00     0  brave
02:51:06     1000      5942    3.00    1.00    0.00    1.00    4.00     1  brave
02:51:06     1000      5943    5.00    2.00    0.00    0.00    7.00     0  brave
02:51:06     1000      6021    2.00    1.00    0.00    0.00    3.00     0  brave
02:51:06     1000      6097    4.00    0.00    0.00    1.00    4.00     1  brave
02:51:06     1000      6120   16.00    3.00    0.00    7.00   19.00     1  brave
02:51:06     1000     13106    0.00    1.00    0.00    1.00    1.00     1  pidstat

# Time        UID       PID    %usr %system  %guest   %wait    %CPU   CPU  Command
02:51:07     1000      3303    1.00    0.00    0.00    1.00    1.00     0  ibus-daemon
02:51:07     1000      3596    1.00    0.00    0.00    1.00    1.00     1  cinnamon
02:51:07     1000      5902    6.00    3.00    0.00    2.00    9.00     1  brave
02:51:07     1000      5942    2.00    2.00    0.00    1.00    4.00     1  brave
02:51:07     1000      5943    2.00    2.00    0.00    0.00    4.00     0  brave
02:51:07     1000      6021    1.00    0.00    0.00    0.00    1.00     0  brave
02:51:07     1000      6097    2.00    2.00    0.00    1.00    4.00     1  brave
02:51:07     1000      6120   14.00    3.00    0.00    4.00   17.00     1  brave
02:51:07     1000      6418    0.00    1.00    0.00    0.00    1.00     0  brave
02:51:07        0     10294    0.00    1.00    0.00    0.00    1.00     0  kworker/u32:1-phy0
02:51:07     1000     13106    1.00    3.00    0.00    1.00    4.00     0  pidstat

# Time        UID       PID    %usr %system  %guest   %wait    %CPU   CPU  Command
02:51:08      120       916    1.00    1.00    0.00    0.00    2.00     0  redis-server
02:51:08        0       968    1.00    2.00    0.00    0.00    3.00     0  Xorg
02:51:08     1000      3303    1.00    1.00    0.00    0.00    2.00     1  ibus-daemon
02:51:08     1000      3417    0.00    1.00    0.00    1.00    1.00     0  csd-keyboard
02:51:08     1000      3436    1.00    0.00    0.00    0.00    1.00     1  ibus-engine-sim
02:51:08     1000      3596    1.00    0.00    0.00    1.00    1.00     1  cinnamon
02:51:08     1000      5902   15.00    3.00    0.00    3.00   18.00     0  brave
02:51:08     1000      5942    3.00    2.00    0.00    0.00    5.00     0  brave
02:51:08     1000      5943    5.00    3.00    0.00    0.00    8.00     0  brave
02:51:08     1000      6021    2.00    0.00    0.00    0.00    2.00     0  brave
02:51:08     1000      6097    3.00    2.00    0.00    1.00    5.00     1  brave
02:51:08     1000      6120   20.00    3.00    0.00    8.00   23.00     1  brave
02:51:08     1000      6150    0.00    1.00    0.00    0.00    1.00     0  alacritty
02:51:08        0     12399    0.00    1.00    0.00    0.00    1.00     1  kworker/u32:0-phy0
02:51:08     1000     13106    0.00    1.00    0.00    0.00    1.00     0  pidstat

# Time        UID       PID    %usr %system  %guest   %wait    %CPU   CPU  Command
02:51:09        0        15    0.00    1.00    0.00    0.00    1.00     1  rcu_preempt
02:51:09        0       703    0.00    1.00    0.00    0.00    1.00     1  irq/63-rtw88_pci
02:51:09        0       968    0.00    1.00    0.00    0.00    1.00     1  Xorg
02:51:09     1000      3303    2.00    0.00    0.00    0.00    2.00     0  ibus-daemon
02:51:09     1000      3436    1.00    0.00    0.00    0.00    1.00     1  ibus-engine-sim
02:51:09     1000      3596    2.00    0.00    0.00    2.00    2.00     0  cinnamon
02:51:09     1000      4636    0.00    1.00    0.00    0.00    1.00     0  jetbrains-toolb
02:51:09     1000      5902   17.00    5.00    0.00    3.00   22.00     0  brave
02:51:09     1000      5942    4.00    1.00    0.00    1.00    5.00     1  brave
02:51:09     1000      5943    4.00    3.00    0.00    0.00    7.00     0  brave
02:51:09     1000      6021    1.00    1.00    0.00    0.00    2.00     0  brave
02:51:09     1000      6097    3.00    0.00    0.00    1.00    3.00     0  brave
02:51:09     1000      6120   24.00    3.00    0.00    8.00   27.00     1  brave
02:51:09     1000     13012    1.00    0.00    0.00    0.00    1.00     1  brave
02:51:09     1000     13106    1.00    1.00    0.00    0.00    2.00     1  pidstat

# Time        UID       PID    %usr %system  %guest   %wait    %CPU   CPU  Command
02:51:10        0       968    1.00    0.00    0.00    0.00    1.00     0  Xorg
02:51:10     1000      3303    1.00    0.00    0.00    1.00    1.00     0  ibus-daemon
02:51:10     1000      3596    2.00    0.00    0.00    1.00    2.00     1  cinnamon
02:51:10     1000      5902   14.00    4.00    0.00    3.00   18.00     1  brave
02:51:10     1000      5942    3.00    1.00    0.00    1.00    4.00     0  brave
02:51:10     1000      5943    5.00    3.00    0.00    0.00    8.00     0  brave
02:51:10     1000      6021    1.00    2.00    0.00    0.00    3.00     0  brave
02:51:10     1000      6097    2.00    2.00    0.00    0.00    4.00     0  brave
02:51:10     1000      6120   20.00    1.00    0.00    6.00   21.00     0  brave
02:51:10     1000      6626    2.00    0.00    0.00    0.00    2.00     1  brave
02:51:10     1000     13106    0.00    3.00    0.00    0.00    3.00     1  pidstat

# Time        UID       PID    %usr %system  %guest   %wait    %CPU   CPU  Command
02:51:11        0       703    0.00    1.00    0.00    0.00    1.00     1  irq/63-rtw88_pci
02:51:11        0       968    0.00    1.00    0.00    0.00    1.00     1  Xorg
02:51:11     1000      3303    2.00    0.00    0.00    0.00    2.00     0  ibus-daemon
02:51:11     1000      3314    1.00    0.00    0.00    0.00    1.00     1  ibus-extension-
02:51:11     1000      3436    1.00    0.00    0.00    1.00    1.00     0  ibus-engine-sim
02:51:11     1000      3596    2.00    1.00    0.00    2.00    3.00     1  cinnamon
02:51:11     1000      3673    1.00    0.00    0.00    0.00    1.00     1  nm-applet
02:51:11     1000      4636    1.00    0.00    0.00    0.00    1.00     0  jetbrains-toolb
02:51:11     1000      5902   17.00    3.00    0.00    3.00   20.00     1  brave
02:51:11     1000      5942    3.00    2.00    0.00    1.00    5.00     1  brave
02:51:11     1000      5943    7.00    2.00    0.00    0.00    9.00     0  brave
02:51:11     1000      6021    2.00    0.00    0.00    0.00    2.00     0  brave
02:51:11     1000      6097    3.00    1.00    0.00    1.00    4.00     1  brave
02:51:11     1000      6120   19.00    2.00    0.00    8.00   21.00     0  brave
02:51:11     1000     13012    1.00    1.00    0.00    0.00    2.00     1  brave

# Time        UID       PID    %usr %system  %guest   %wait    %CPU   CPU  Command
02:51:12        0       968    1.00    0.00    0.00    0.00    1.00     1  Xorg
02:51:12     1000      3303    1.00    1.00    0.00    0.00    2.00     0  ibus-daemon
02:51:12     1000      3596    1.00    0.00    0.00    2.00    1.00     1  cinnamon
02:51:12     1000      5902   11.00    2.00    0.00    2.00   13.00     0  brave
02:51:12     1000      5942    2.00    1.00    0.00    1.00    3.00     0  brave
02:51:12     1000      5943    4.00    1.00    0.00    0.00    5.00     0  brave
02:51:12     1000      6021    3.00    1.00    0.00    0.00    4.00     0  brave
02:51:12     1000      6097    3.00    1.00    0.00    1.00    4.00     0  brave
02:51:12     1000      6120   38.00    6.00    0.00   11.00   44.00     0  brave
02:51:12     1000      6344    1.00    0.00    0.00    0.00    1.00     1  brave
02:51:12        0      9838    0.00    1.00    0.00    0.00    1.00     0  kworker/0:1-events
02:51:12     1000     13106    1.00    1.00    0.00    2.00    2.00     1  pidstat

# Time        UID       PID    %usr %system  %guest   %wait    %CPU   CPU  Command
02:51:13        0       703    0.00    1.00    0.00    0.00    1.00     1  irq/63-rtw88_pci
02:51:13        0       968    0.00    1.00    0.00    0.00    1.00     0  Xorg
02:51:13     1000      3313    0.00    1.00    0.00    0.00    1.00     0  ibus-ui-gtk3
02:51:13     1000      3596    1.00    0.00    0.00    0.00    1.00     1  cinnamon
02:51:13     1000      5902    7.00    4.00    0.00    1.00   11.00     0  brave
02:51:13     1000      5942    4.00    1.00    0.00    0.00    5.00     0  brave
02:51:13     1000      5943    3.00    1.00    0.00    0.00    4.00     0  brave
02:51:13     1000      6021    1.00    0.00    0.00    0.00    1.00     0  brave
02:51:13     1000      6027    1.00    0.00    0.00    0.00    1.00     0  brave
02:51:13     1000      6097    4.00    1.00    0.00    2.00    5.00     1  brave
02:51:13     1000      6120   37.00    2.00    0.00   14.00   39.00     0  brave
02:51:13     1000      6626    0.00    1.00    0.00    0.00    1.00     0  brave
02:51:13     1000     13106    0.00    3.00    0.00    0.00    3.00     1  pidstat

# Time        UID       PID    %usr %system  %guest   %wait    %CPU   CPU  Command
02:51:14        0       968    0.00    1.00    0.00    0.00    1.00     1  Xorg
02:51:14     1000      3303    3.00    0.00    0.00    1.00    3.00     1  ibus-daemon
02:51:14     1000      3436    1.00    0.00    0.00    0.00    1.00     0  ibus-engine-sim
02:51:14     1000      3596    2.00    1.00    0.00    3.00    3.00     1  cinnamon
02:51:14     1000      5902   14.00    6.00    0.00    4.00   20.00     0  brave
02:51:14     1000      5942    4.00    1.00    0.00    2.00    5.00     1  brave
02:51:14     1000      5943    7.00    1.00    0.00    0.00    8.00     0  brave
02:51:14     1000      6021    3.00    0.00    0.00    0.00    3.00     0  brave
02:51:14     1000      6097    3.00    1.00    0.00    1.00    4.00     0  brave
02:51:14     1000      6120   25.00    3.00    0.00    7.00   28.00     1  brave
02:51:14        0     12895    0.00    1.00    0.00    0.00    1.00     1  kworker/u33:2-rtw_tx_wq
02:51:14     1000     13012    1.00    0.00    0.00    0.00    1.00     1  brave
02:51:14     1000     13106    1.00    0.00    0.00    0.00    1.00     0  pidstat

# Time        UID       PID    %usr %system  %guest   %wait    %CPU   CPU  Command
02:51:15        0       703    0.00    1.00    0.00    0.00    1.00     1  irq/63-rtw88_pci
02:51:15        0       968    1.00    1.00    0.00    0.00    2.00     0  Xorg
02:51:15     1000      3303    1.00    0.00    0.00    1.00    1.00     0  ibus-daemon
02:51:15     1000      3436    0.00    1.00    0.00    0.00    1.00     1  ibus-engine-sim
02:51:15     1000      3596    1.00    1.00    0.00    1.00    2.00     1  cinnamon
02:51:15     1000      4636    1.00    0.00    0.00    0.00    1.00     0  jetbrains-toolb
02:51:15     1000      5902   16.00    7.00    0.00    5.00   23.00     0  brave
02:51:15     1000      5942    3.00    1.00    0.00    1.00    4.00     1  brave
02:51:15     1000      5943    6.00    4.00    0.00    0.00   10.00     0  brave
02:51:15     1000      6021    2.00    2.00    0.00    0.00    4.00     0  brave
02:51:15     1000      6097    3.00    1.00    0.00    1.00    4.00     0  brave
02:51:15     1000      6120   19.00    1.00    0.00    9.00   20.00     0  brave
02:51:15        0     12078    0.00    1.00    0.00    0.00    1.00     1  kworker/1:0-events
02:51:15     1000     13012    1.00    0.00    0.00    0.00    1.00     1  brave
02:51:15     1000     13106    1.00    1.00    0.00    1.00    2.00     1  pidstat
