Linux 6.1.0-34-amd64 (debian) 	06/04/25 	_x86_64_	(2 CPU)

# Time        UID       PID    %usr %system  %guest   %wait    %CPU   CPU  Command
02:36:30     1000      3303    0.98    0.00    0.00    0.98    0.98     1  ibus-daemon
02:36:30     1000      3319    0.98    0.00    0.00    0.00    0.98     1  ibus-x11
02:36:30     1000      3596    0.98    0.98    0.00    0.00    1.96     1  cinnamon
02:36:30     1000      3947    0.98    0.00    0.00    0.00    0.98     0  blueman-tray
02:36:30     1000      4636    0.00    0.98    0.00    0.00    0.98     1  jetbrains-toolb
02:36:30     1000      5902    0.98    0.00    0.00    0.00    0.98     0  brave
02:36:30     1000      5942    2.94    0.00    0.00    0.00    2.94     0  brave
02:36:30     1000      6120    3.92    0.98    0.00    0.98    4.90     1  brave
02:36:30     1000      6344    3.92    0.98    0.00    0.00    4.90     1  brave
02:36:30     1000     11483    1.96    0.00    0.00    0.98    1.96     1  nemo
02:36:30     1000     11719    0.00    1.96    0.00    0.00    1.96     0  pidstat

# Time        UID       PID    %usr %system  %guest   %wait    %CPU   CPU  Command
02:36:31        0        15    0.00    1.00    0.00    0.00    1.00     1  rcu_preempt
02:36:31        0       140    0.00    1.00    0.00    0.00    1.00     0  irq/30-ELAN0708:00
02:36:31        0       849    1.00    0.00    0.00    0.00    1.00     1  preload
02:36:31      120       916    1.00    0.00    0.00    0.00    1.00     0  redis-server
02:36:31        0       968    1.00    1.00    0.00    0.00    2.00     0  Xorg
02:36:31     1000      5902    1.00    1.00    0.00    0.00    2.00     0  brave
02:36:31     1000      5942    3.00    2.00    0.00    0.00    5.00     1  brave
02:36:31     1000      6120    5.00    0.00    0.00    0.00    5.00     0  brave
02:36:31     1000      6150    1.00    0.00    0.00    1.00    1.00     1  alacritty
02:36:31     1000      6344    6.00    1.00    0.00    0.00    7.00     0  brave
02:36:31     1000     11719    2.00    2.00    0.00    0.00    4.00     1  pidstat

# Time        UID       PID    %usr %system  %guest   %wait    %CPU   CPU  Command
02:36:32        0       165    0.00    1.00    0.00    0.00    1.00     1  gfx
02:36:32        0       968    2.00    1.00    0.00    0.00    3.00     0  Xorg
02:36:32      114      1204    0.00    1.00    0.00    0.00    1.00     0  postgres
02:36:32     1000      3596    4.00    0.00    0.00    3.00    4.00     1  cinnamon
02:36:32     1000      4636    1.00    0.00    0.00    0.00    1.00     1  jetbrains-toolb
02:36:32     1000      5902    3.00    1.00    0.00    0.00    4.00     0  brave
02:36:32     1000      5942    1.00    3.00    0.00    3.00    4.00     0  brave
02:36:32     1000      6120    3.00    2.00    0.00    0.00    5.00     1  brave
02:36:32     1000      6344   16.00    1.00    0.00    4.00   17.00     0  brave
02:36:32        0      9839    0.00    1.00    0.00    0.00    1.00     1  kworker/1:2-mm_percpu_wq
02:36:32     1000     11719    1.00    2.00    0.00    0.00    3.00     1  pidstat

# Time        UID       PID    %usr %system  %guest   %wait    %CPU   CPU  Command
02:36:33        0       140    0.00    1.00    0.00    0.00    1.00     0  irq/30-ELAN0708:00
02:36:33        0       968    2.00    2.00    0.00    1.00    4.00     0  Xorg
02:36:33     1000      3596    3.00    3.00    0.00    2.00    6.00     0  cinnamon
02:36:33     1000      5902   10.00    1.00    0.00    1.00   11.00     0  brave
02:36:33     1000      5942    4.00    3.00    0.00    1.00    7.00     0  brave
02:36:33     1000      6120    3.00    1.00    0.00    0.00    4.00     1  brave
02:36:33     1000      6344    5.00    1.00    0.00    1.00    6.00     0  brave
02:36:33        0     10294    0.00    1.00    0.00    0.00    1.00     0  kworker/u32:1-ext4-rsv-conversion

# Time        UID       PID    %usr %system  %guest   %wait    %CPU   CPU  Command
02:36:34        0        33    0.00   17.00    0.00    1.00   17.00     1  kcompactd0
02:36:34        0       968    1.00    2.00    0.00    0.00    3.00     1  Xorg
02:36:34     1000      3596   13.00    0.00    0.00    4.00   13.00     0  cinnamon
02:36:34     1000      5902    0.00    2.00    0.00    0.00    2.00     0  brave
02:36:34     1000      5942    3.00    1.00    0.00    0.00    4.00     0  brave
02:36:34     1000      6120    5.00    0.00    0.00    1.00    5.00     1  brave
02:36:34     1000      6344    4.00    1.00    0.00    0.00    5.00     0  brave
02:36:34     1000      6626    3.00    0.00    0.00    3.00    3.00     0  brave
02:36:34     1000     11719    1.00    1.00    0.00    1.00    2.00     1  pidstat

# Time        UID       PID    %usr %system  %guest   %wait    %CPU   CPU  Command
02:36:35        0       140    0.00    1.00    0.00    0.00    1.00     0  irq/30-ELAN0708:00
02:36:35        0       968    1.00    1.00    0.00    0.00    2.00     0  Xorg
02:36:35     1000      3303    1.00    0.00    0.00    1.00    1.00     1  ibus-daemon
02:36:35     1000      3596    5.00    0.00    0.00    2.00    5.00     1  cinnamon
02:36:35     1000      5902    4.00    2.00    0.00    2.00    6.00     0  brave
02:36:35     1000      5942    4.00    3.00    0.00    4.00    7.00     1  brave
02:36:35     1000      6120   11.00    1.00    0.00    4.00   12.00     0  brave
02:36:35     1000      6150    0.00    1.00    0.00    0.00    1.00     1  alacritty
02:36:35     1000      6344    6.00    0.00    0.00    5.00    6.00     0  brave
02:36:35     1000      6418    0.00    1.00    0.00    0.00    1.00     0  brave
02:36:35        0     10294    0.00    1.00    0.00    0.00    1.00     0  kworker/u32:1-events_unbound
02:36:35     1000     11719    0.00    2.00    0.00    0.00    2.00     1  pidstat

# Time        UID       PID    %usr %system  %guest   %wait    %CPU   CPU  Command
02:36:36        0       140    0.00    1.00    0.00    0.00    1.00     0  irq/30-ELAN0708:00
02:36:36        0       165    0.00    1.00    0.00    0.00    1.00     1  gfx
02:36:36        0       703    0.00    1.00    0.00    0.00    1.00     1  irq/63-rtw88_pci
02:36:36        0       968    2.00    3.00    0.00    0.00    5.00     1  Xorg
02:36:36     1000      3596    5.00    2.00    0.00    5.00    7.00     1  cinnamon
02:36:36     1000      4636    1.00    0.00    0.00    0.00    1.00     1  jetbrains-toolb
02:36:36     1000      5902    5.00   13.00    0.00    1.00   18.00     1  brave
02:36:36     1000      5942    4.00    3.00    0.00    3.00    7.00     1  brave
02:36:36     1000      6097    1.00    0.00    0.00    4.00    1.00     1  brave
02:36:36     1000      6120    6.00    1.00    0.00    2.00    7.00     1  brave
02:36:36     1000      6150    1.00    0.00    0.00    2.00    1.00     1  alacritty
02:36:36     1000      6344   43.00    2.00    0.00   17.00   45.00     1  brave
02:36:36     1000      8625    1.00    0.00    0.00    0.00    1.00     1  brave

# Time        UID       PID    %usr %system  %guest   %wait    %CPU   CPU  Command
02:36:37        0       968    2.00    2.00    0.00    0.00    4.00     0  Xorg
02:36:37     1000      3303    1.00    1.00    0.00    5.00    2.00     1  ibus-daemon
02:36:37     1000      3313    1.00    0.00    0.00    2.00    1.00     0  ibus-ui-gtk3
02:36:37     1000      3314    1.00    0.00    0.00    1.00    1.00     1  ibus-extension-
02:36:37     1000      3436    1.00    0.00    0.00    0.00    1.00     1  ibus-engine-sim
02:36:37     1000      3596    5.00    1.00    0.00   23.00    6.00     0  cinnamon
02:36:37     1000      5902   17.00   42.00    0.00   15.00   59.00     0  brave
02:36:37     1000      5942    7.00    3.00    0.00   17.00   10.00     1  brave
02:36:37     1000      5943    2.00    0.00    0.00    0.00    2.00     1  brave
02:36:37     1000      6021    1.00    0.00    0.00    0.00    1.00     1  brave
02:36:37     1000      6027    4.00    2.00    0.00    0.00    6.00     1  brave
02:36:37     1000      6097    8.00    2.00    0.00   22.00   10.00     0  brave
02:36:37     1000      6120    7.00    2.00    0.00   23.00    9.00     0  brave
02:36:37     1000      6344    3.00    1.00    0.00   11.00    4.00     1  brave
02:36:37     1000     11719    1.00    3.00    0.00    0.00    4.00     1  pidstat

# Time        UID       PID    %usr %system  %guest   %wait    %CPU   CPU  Command
02:36:38        0       140    0.00    1.00    0.00    0.00    1.00     0  irq/30-ELAN0708:00
02:36:38      120       916    1.00    0.00    0.00    0.00    1.00     1  redis-server
02:36:38        0       968    1.00    0.00    0.00    0.00    1.00     0  Xorg
02:36:38     1000      3596    1.00    1.00    0.00    0.00    2.00     1  cinnamon
02:36:38     1000      4636    0.00    1.00    0.00    0.00    1.00     1  jetbrains-toolb
02:36:38     1000      5902    4.00    1.00    0.00    1.00    5.00     0  brave
02:36:38     1000      5942    2.00    2.00    0.00    0.00    4.00     0  brave
02:36:38     1000      5943    0.00    1.00    0.00    0.00    1.00     1  brave
02:36:38     1000      6097   11.00    1.00    0.00    3.00   12.00     0  brave
02:36:38     1000      6120    6.00    0.00    0.00    2.00    6.00     0  brave
02:36:38     1000     11719    2.00    2.00    0.00    0.00    4.00     1  pidstat

# Time        UID       PID    %usr %system  %guest   %wait    %CPU   CPU  Command
02:36:39        0       968    1.00    0.00    0.00    0.00    1.00     1  Xorg
02:36:39     1000      3303    2.00    0.00    0.00    4.00    2.00     1  ibus-daemon
02:36:39     1000      3313    1.00    1.00    0.00    0.00    2.00     1  ibus-ui-gtk3
02:36:39     1000      3314    1.00    0.00    0.00    0.00    1.00     1  ibus-extension-
02:36:39     1000      3596    2.00    0.00    0.00    1.00    2.00     0  cinnamon
02:36:39     1000      5902    2.00    1.00    0.00    0.00    3.00     0  brave
02:36:39     1000      5942    2.00    2.00    0.00    2.00    4.00     1  brave
02:36:39     1000      5943    1.00    0.00    0.00    0.00    1.00     1  brave
02:36:39     1000      6097    8.00    2.00    0.00    6.00   10.00     0  brave
02:36:39     1000      6120    4.00    2.00    0.00    2.00    6.00     0  brave
02:36:39     1000     11719    1.00    3.00    0.00    0.00    4.00     1  pidstat

# Time        UID       PID    %usr %system  %guest   %wait    %CPU   CPU  Command
02:36:40        0       703    0.00    1.00    0.00    0.00    1.00     1  irq/63-rtw88_pci
02:36:40     1000      5942    2.00    1.00    0.00    0.00    3.00     0  brave
02:36:40     1000      6097    4.00    2.00    0.00    2.00    6.00     0  brave
02:36:40     1000      6120    5.00    1.00    0.00    2.00    6.00     1  brave
02:36:40     1000      6626    1.00    0.00    0.00    0.00    1.00     0  brave
02:36:40     1000     11719    0.00    3.00    0.00    0.00    3.00     0  pidstat

# Time        UID       PID    %usr %system  %guest   %wait    %CPU   CPU  Command
02:36:41        0       849    1.00    0.00    0.00    0.00    1.00     1  preload
02:36:41        0       968    1.00    0.00    0.00    0.00    1.00     0  Xorg
02:36:41     1000      3392    1.00    0.00    0.00    0.00    1.00     1  csd-power
02:36:41     1000      3596    3.00    0.00    0.00    0.00    3.00     1  cinnamon
02:36:41     1000      4636    1.00    0.00    0.00    0.00    1.00     1  jetbrains-toolb
02:36:41     1000      5902    3.00    2.00    0.00    1.00    5.00     1  brave
02:36:41     1000      5942    4.00    3.00    0.00    0.00    7.00     0  brave
02:36:41     1000      6097   16.00    4.00    0.00    3.00   20.00     1  brave
02:36:41     1000      6120    5.00    2.00    0.00    1.00    7.00     1  brave
02:36:41     1000      6626    2.00    0.00    0.00    0.00    2.00     0  brave
02:36:41        0     10333    0.00    1.00    0.00    0.00    1.00     1  kworker/u33:0-rtw_tx_wq
02:36:41     1000     11719    2.00    2.00    0.00    0.00    4.00     0  pidstat

# Time        UID       PID    %usr %system  %guest   %wait    %CPU   CPU  Command
02:36:42        0       968    1.00    1.00    0.00    0.00    2.00     0  Xorg
02:36:42     1000      3596    2.00    0.00    0.00    1.00    2.00     0  cinnamon
02:36:42     1000      3947    1.00    0.00    0.00    0.00    1.00     0  blueman-tray
02:36:42     1000      5902    1.00   19.00    0.00    0.00   20.00     0  brave
02:36:42     1000      5942    4.00    0.00    0.00    0.00    4.00     0  brave
02:36:42     1000      6097   12.00    2.00    0.00    5.00   14.00     0  brave
02:36:42     1000      6120    3.00    2.00    0.00    2.00    5.00     0  brave
02:36:42        0     11698    1.00    0.00    0.00    0.00    1.00     0  kworker/u32:4-phy0
02:36:42     1000     11719    0.00    1.00    0.00    0.00    1.00     0  pidstat

# Time        UID       PID    %usr %system  %guest   %wait    %CPU   CPU  Command
02:36:43        0        15    0.00    1.00    0.00    0.00    1.00     0  rcu_preempt
02:36:43      120       916    0.00    1.00    0.00    0.00    1.00     1  redis-server
02:36:43        0       934    1.00    0.00    0.00    0.00    1.00     0  containerd
02:36:43        0       968    1.00    0.00    0.00    0.00    1.00     1  Xorg
02:36:43     1000      3596    1.00    0.00    0.00    0.00    1.00     1  cinnamon
02:36:43     1000      4636    1.00    0.00    0.00    0.00    1.00     1  jetbrains-toolb
02:36:43     1000      5902    3.00    5.00    0.00    0.00    8.00     1  brave
02:36:43     1000      5942    4.00    2.00    0.00    1.00    6.00     0  brave
02:36:43     1000      6097   13.00    2.00    0.00    3.00   15.00     0  brave
02:36:43     1000      6120    4.00    2.00    0.00    2.00    6.00     0  brave
02:36:43        0      9838    0.00    1.00    0.00    0.00    1.00     0  kworker/0:1-events
02:36:43     1000     11719    2.00    1.00    0.00    1.00    3.00     1  pidstat

# Time        UID       PID    %usr %system  %guest   %wait    %CPU   CPU  Command
02:36:44        0       165    0.00    1.00    0.00    0.00    1.00     1  gfx
02:36:44        0       968    2.00    2.00    0.00    0.00    4.00     0  Xorg
02:36:44     1000      3596    6.00    0.00    0.00    1.00    6.00     0  cinnamon
02:36:44     1000      5902    3.00    1.00    0.00    1.00    4.00     0  brave
02:36:44     1000      5942    2.00    1.00    0.00    0.00    3.00     1  brave
02:36:44     1000      6097    7.00    2.00    0.00    2.00    9.00     0  brave
02:36:44     1000      6120    3.00    2.00    0.00    1.00    5.00     1  brave
02:36:44     1000      6150    0.00    1.00    0.00    1.00    1.00     1  alacritty
02:36:44     1000     11719    1.00    2.00    0.00    0.00    3.00     1  pidstat

# Time        UID       PID    %usr %system  %guest   %wait    %CPU   CPU  Command
02:36:45        0       140    0.00    1.00    0.00    0.00    1.00     0  irq/30-ELAN0708:00
02:36:45        0       703    0.00    1.00    0.00    0.00    1.00     1  irq/63-rtw88_pci
02:36:45        0       968    0.00    2.00    0.00    0.00    2.00     0  Xorg
02:36:45     1000      3417    0.00    1.00    0.00    1.00    1.00     0  csd-keyboard
02:36:45     1000      3596    4.00    1.00    0.00    3.00    5.00     0  cinnamon
02:36:45     1000      3682    0.00    1.00    0.00    0.00    1.00     0  kdeconnectd
02:36:45     1000      4636    0.00    1.00    0.00    0.00    1.00     1  jetbrains-toolb
02:36:45     1000      5902    8.00    2.00    0.00    1.00   10.00     0  brave
02:36:45     1000      5942    4.00    3.00    0.00    2.00    7.00     0  brave
02:36:45     1000      6097    3.00    0.00    0.00    3.00    3.00     1  brave
02:36:45     1000      6120    4.00    1.00    0.00    1.00    5.00     1  brave
02:36:45     1000      6344    4.00    0.00    0.00    2.00    4.00     0  brave
02:36:45     1000      6626    0.00    1.00    0.00    0.00    1.00     0  brave
02:36:45     1000     11719    0.00    2.00    0.00    0.00    2.00     1  pidstat
02:36:45     1000     11722    1.00    0.00    0.00    0.00    1.00     1  mutex-cond

# Time        UID       PID    %usr %system  %guest   %wait    %CPU   CPU  Command
02:36:46        0       852    0.00    1.00    0.00    0.00    1.00     0  NetworkManager
02:36:46        0       968    0.00    1.00    0.00    0.00    1.00     1  Xorg
02:36:46     1000      3596    1.00    0.00    0.00    1.00    1.00     0  cinnamon
02:36:46     1000      5902    3.00    1.00    0.00    1.00    4.00     0  brave
02:36:46     1000      5942    1.00    1.00    0.00    0.00    2.00     0  brave
02:36:46     1000      6120    5.00    0.00    0.00    1.00    5.00     1  brave
02:36:46     1000      6344    9.00    1.00    0.00    2.00   10.00     0  brave
02:36:46     1000      6987    1.00    0.00    0.00    0.00    1.00     1  brave
02:36:46     1000     11719    1.00    1.00    0.00    1.00    2.00     1  pidstat

# Time        UID       PID    %usr %system  %guest   %wait    %CPU   CPU  Command
02:36:47        0       140    0.00    1.00    0.00    0.00    1.00     0  irq/30-ELAN0708:00
02:36:47      120       916    1.00    0.00    0.00    0.00    1.00     1  redis-server
02:36:47        0       968    1.00    1.00    0.00    0.00    2.00     0  Xorg
02:36:47     1000      3596    1.00    0.00    0.00    0.00    1.00     1  cinnamon
02:36:47     1000      5902    2.00    0.00    0.00    0.00    2.00     0  brave
02:36:47     1000      5942    1.00    3.00    0.00    0.00    4.00     0  brave
02:36:47     1000      6120    4.00    2.00    0.00    1.00    6.00     0  brave
02:36:47     1000      6344    6.00    5.00    0.00    3.00   11.00     0  brave
02:36:47        0     10333    0.00    1.00    0.00    0.00    1.00     0  kworker/u33:0-rtw_tx_wq
02:36:47     1000     11719    0.00    3.00    0.00    0.00    3.00     1  pidstat

# Time        UID       PID    %usr %system  %guest   %wait    %CPU   CPU  Command
02:36:48        0       968    2.00    0.00    0.00    1.00    2.00     1  Xorg
02:36:48     1000      3303    1.00    0.00    0.00    1.00    1.00     1  ibus-daemon
02:36:48     1000      3596    1.00    0.00    0.00    1.00    1.00     1  cinnamon
02:36:48     1000      4636    0.00    1.00    0.00    0.00    1.00     1  jetbrains-toolb
02:36:48     1000      5902    3.00    2.00    0.00    0.00    5.00     0  brave
02:36:48     1000      5942    3.00    1.00    0.00    1.00    4.00     0  brave
02:36:48     1000      6120    4.00    1.00    0.00    1.00    5.00     1  brave
02:36:48     1000      6344   16.00    2.00    0.00    3.00   18.00     0  brave
02:36:48     1000      6626    6.00    0.00    0.00    1.00    6.00     0  brave
02:36:48     1000     11719    2.00    2.00    0.00    0.00    4.00     1  pidstat
