Linux 6.1.0-34-amd64 (debian) 	06/04/25 	_x86_64_	(2 CPU)

# Time        UID       PID    %usr %system  %guest   %wait    %CPU   CPU  Command
02:39:15        0        15    0.00    0.98    0.00    0.00    0.98     0  rcu_preempt
02:39:15        0       934    0.00    0.98    0.00    0.00    0.98     0  containerd
02:39:15     1000      3596    2.94    0.00    0.00    0.00    2.94     1  cinnamon
02:39:15     1000      4636    0.98    0.00    0.00    0.00    0.98     1  jetbrains-toolb
02:39:15     1000      5942    3.92    1.96    0.00    0.98    5.88     1  brave
02:39:15     1000      6120    7.84    0.98    0.00    0.98    8.82     1  brave
02:39:15     1000      6344    4.90    0.00    0.00    1.96    4.90     0  brave
02:39:15        0      9839    0.00    0.98    0.00    0.00    0.98     1  kworker/1:2-mm_percpu_wq
02:39:15     1000     11952    0.00    2.94    0.00    0.00    2.94     0  pidstat

# Time        UID       PID    %usr %system  %guest   %wait    %CPU   CPU  Command
02:39:16        0       165    0.00    1.00    0.00    0.00    1.00     0  gfx
02:39:16        0       703    0.00    1.00    0.00    0.00    1.00     1  irq/63-rtw88_pci
02:39:16      120       916    0.00    1.00    0.00    0.00    1.00     1  redis-server
02:39:16        0       968    1.00    2.00    0.00    0.00    3.00     0  Xorg
02:39:16     1000      3596    7.00    0.00    0.00    3.00    7.00     1  cinnamon
02:39:16     1000      5902    5.00    1.00    0.00    1.00    6.00     0  brave
02:39:16     1000      5942    6.00    3.00    0.00    3.00    9.00     0  brave
02:39:16     1000      5943    1.00    0.00    0.00    0.00    1.00     0  brave
02:39:16     1000      6120   16.00    3.00    0.00    7.00   19.00     0  brave
02:39:16     1000      6344    9.00    2.00    0.00    4.00   11.00     1  brave
02:39:16     1000      6626    2.00    0.00    0.00    2.00    2.00     0  brave
02:39:16        0     10294    0.00    1.00    0.00    0.00    1.00     1  kworker/u32:1+events_unbound
02:39:16        0     11701    0.00    1.00    0.00    0.00    1.00     1  kworker/u32:7-phy0
02:39:16     1000     11952    0.00    1.00    0.00    1.00    1.00     0  pidstat

# Time        UID       PID    %usr %system  %guest   %wait    %CPU   CPU  Command
02:39:17        0       140    0.00    1.00    0.00    0.00    1.00     0  irq/30-ELAN0708:00
02:39:17        0       968    3.00    2.00    0.00    0.00    5.00     0  Xorg
02:39:17     1000      3303    3.00    0.00    0.00    8.00    3.00     1  ibus-daemon
02:39:17     1000      3313    1.00    1.00    0.00    2.00    2.00     0  ibus-ui-gtk3
02:39:17     1000      3314    1.00    0.00    0.00    0.00    1.00     0  ibus-extension-
02:39:17     1000      3596    5.00    1.00    0.00    6.00    6.00     0  cinnamon
02:39:17     1000      5902    8.00    2.00    0.00    3.00   10.00     0  brave
02:39:17     1000      5942    7.00    2.00    0.00    8.00    9.00     0  brave
02:39:17     1000      6120    7.00    2.00    0.00    7.00    9.00     1  brave
02:39:17     1000      6150    0.00    1.00    0.00    1.00    1.00     0  alacritty
02:39:17     1000      6344   46.00    3.00    0.00   14.00   49.00     0  brave
02:39:17     1000     11952    0.00    2.00    0.00    2.00    2.00     0  pidstat

# Time        UID       PID    %usr %system  %guest   %wait    %CPU   CPU  Command
02:39:18        0       968    0.00    1.00    0.00    1.00    1.00     1  Xorg
02:39:18     1000      3303    2.00    1.00    0.00    1.00    3.00     1  ibus-daemon
02:39:18     1000      3313    1.00    0.00    0.00    0.00    1.00     0  ibus-ui-gtk3
02:39:18     1000      3436    1.00    0.00    0.00    1.00    1.00     1  ibus-engine-sim
02:39:18     1000      3596    3.00    2.00    0.00    8.00    5.00     1  cinnamon
02:39:18     1000      4636    1.00    0.00    0.00    0.00    1.00     1  jetbrains-toolb
02:39:18     1000      5902    6.00    1.00    0.00    2.00    7.00     1  brave
02:39:18     1000      5942    6.00    2.00    0.00    5.00    8.00     1  brave
02:39:18     1000      5943    0.00    1.00    0.00    0.00    1.00     1  brave
02:39:18     1000      6097    1.00    0.00    0.00    0.00    1.00     1  brave
02:39:18     1000      6120    5.00    1.00    0.00    2.00    6.00     1  brave
02:39:18     1000      6344  117.00    4.00    0.00   19.00  121.00     0  brave
02:39:18     1000     11952    1.00    1.00    0.00    2.00    2.00     0  pidstat

# Time        UID       PID    %usr %system  %guest   %wait    %CPU   CPU  Command
02:39:19        0       968    1.00    1.00    0.00    0.00    2.00     1  Xorg
02:39:19     1000      3303    1.00    1.00    0.00    2.00    2.00     0  ibus-daemon
02:39:19     1000      3314    1.00    0.00    0.00    0.00    1.00     1  ibus-extension-
02:39:19     1000      3436    1.00    1.00    0.00    0.00    2.00     1  ibus-engine-sim
02:39:19     1000      3596    4.00    0.00    0.00    6.00    4.00     0  cinnamon
02:39:19     1000      5902    7.00    1.00    0.00    1.00    8.00     1  brave
02:39:19     1000      5942    2.00    2.00    0.00    1.00    4.00     0  brave
02:39:19     1000      5943    4.00    0.00    0.00    0.00    4.00     1  brave
02:39:19     1000      6120    3.00    1.00    0.00    2.00    4.00     0  brave
02:39:19     1000      6344   69.00    2.00    0.00    6.00   71.00     1  brave
02:39:19        0     10294    0.00    1.00    0.00    0.00    1.00     1  kworker/u32:1-writeback
02:39:19     1000     11952    1.00    0.00    0.00    0.00    1.00     0  pidstat

# Time        UID       PID    %usr %system  %guest   %wait    %CPU   CPU  Command
02:39:20        0       968    1.00    1.00    0.00    0.00    2.00     0  Xorg
02:39:20     1000      3303    2.00    0.00    0.00    0.00    2.00     0  ibus-daemon
02:39:20     1000      3596    2.00    0.00    0.00    5.00    2.00     0  cinnamon
02:39:20     1000      4636    1.00    0.00    0.00    0.00    1.00     1  jetbrains-toolb
02:39:20     1000      5902    7.00    3.00    0.00    3.00   10.00     0  brave
02:39:20     1000      5942    5.00    1.00    0.00    3.00    6.00     0  brave
02:39:20     1000      5943    0.00    1.00    0.00    0.00    1.00     1  brave
02:39:20     1000      6021    2.00    0.00    0.00    0.00    2.00     1  brave
02:39:20     1000      6120    4.00    2.00    0.00    3.00    6.00     1  brave
02:39:20     1000      6344   58.00    4.00    0.00    7.00   62.00     1  brave
02:39:20     1000      6626    2.00    0.00    0.00    8.00    2.00     0  brave
02:39:20     1000     11952    0.00    1.00    0.00    4.00    1.00     0  pidstat

# Time        UID       PID    %usr %system  %guest   %wait    %CPU   CPU  Command
02:39:21        0       165    0.00    1.00    0.00    0.00    1.00     0  gfx
02:39:21        0       703    0.00    1.00    0.00    0.00    1.00     1  irq/63-rtw88_pci
02:39:21        0       968    1.00    0.00    0.00    0.00    1.00     1  Xorg
02:39:21     1000      3303    2.00    1.00    0.00    1.00    3.00     1  ibus-daemon
02:39:21     1000      3417    0.00    1.00    0.00    0.00    1.00     1  csd-keyboard
02:39:21     1000      3436    0.00    1.00    0.00    0.00    1.00     0  ibus-engine-sim
02:39:21     1000      3596    3.00    0.00    0.00    5.00    3.00     0  cinnamon
02:39:21     1000      5902    6.00    3.00    0.00    1.00    9.00     1  brave
02:39:21     1000      5942    4.00    1.00    0.00    2.00    5.00     1  brave
02:39:21     1000      6120    4.00    1.00    0.00    3.00    5.00     0  brave
02:39:21     1000      6344   76.00    2.00    0.00    7.00   78.00     1  brave
02:39:21     1000      6626    1.00    0.00    0.00    0.00    1.00     0  brave
02:39:21     1000     11952    1.00    1.00    0.00    1.00    2.00     0  pidstat

# Time        UID       PID    %usr %system  %guest   %wait    %CPU   CPU  Command
02:39:22        0       968    2.00    1.00    0.00    0.00    3.00     1  Xorg
02:39:22      111      1452    0.00    1.00    0.00    0.00    1.00     0  rtkit-daemon
02:39:22     1000      3303    2.00    0.00    0.00    1.00    2.00     0  ibus-daemon
02:39:22     1000      3436    1.00    0.00    0.00    0.00    1.00     1  ibus-engine-sim
02:39:22     1000      3596    2.00    2.00    0.00    5.00    4.00     1  cinnamon
02:39:22     1000      3947    1.00    0.00    0.00    0.00    1.00     1  blueman-tray
02:39:22     1000      5902    6.00    2.00    0.00    1.00    8.00     1  brave
02:39:22     1000      5942    2.00    3.00    0.00    1.00    5.00     1  brave
02:39:22     1000      6120    4.00    1.00    0.00    1.00    5.00     1  brave
02:39:22     1000      6344   69.00    5.00    0.00    6.00   74.00     0  brave
02:39:22     1000     11952    0.00    1.00    0.00    0.00    1.00     0  pidstat

# Time        UID       PID    %usr %system  %guest   %wait    %CPU   CPU  Command
02:39:23     1000      3303    1.00    1.00    0.00    0.00    2.00     0  ibus-daemon
02:39:23     1000      3313    1.00    0.00    0.00    0.00    1.00     1  ibus-ui-gtk3
02:39:23     1000      3436    1.00    0.00    0.00    1.00    1.00     1  ibus-engine-sim
02:39:23     1000      3596    2.00    0.00    0.00    2.00    2.00     0  cinnamon
02:39:23     1000      4636    1.00    0.00    0.00    0.00    1.00     1  jetbrains-toolb
02:39:23     1000      5902    4.00    1.00    0.00    1.00    5.00     1  brave
02:39:23     1000      5942    3.00    3.00    0.00    2.00    6.00     0  brave
02:39:23     1000      6120    4.00    1.00    0.00    4.00    5.00     0  brave
02:39:23     1000      6344   45.00    4.00    0.00    5.00   49.00     1  brave
02:39:23     1000     11952    1.00    1.00    0.00    0.00    2.00     0  pidstat

# Time        UID       PID    %usr %system  %guest   %wait    %CPU   CPU  Command
02:39:24        0       231    0.00    1.00    0.00    0.00    1.00     0  jbd2/nvme0n1p2-8
02:39:24        0       703    0.00    1.00    0.00    0.00    1.00     1  irq/63-rtw88_pci
02:39:24        0       968    2.00    1.00    0.00    0.00    3.00     0  Xorg
02:39:24     1000      3303    1.00    1.00    0.00    1.00    2.00     0  ibus-daemon
02:39:24     1000      3435    1.00    0.00    0.00    0.00    1.00     0  csd-housekeepin
02:39:24     1000      3596    3.00    1.00    0.00    2.00    4.00     1  cinnamon
02:39:24     1000      5902    5.00    1.00    0.00    1.00    6.00     0  brave
02:39:24     1000      5942    5.00    2.00    0.00    3.00    7.00     0  brave
02:39:24     1000      5943    2.00    0.00    0.00    0.00    2.00     1  brave
02:39:24     1000      6120    4.00    2.00    0.00    3.00    6.00     1  brave
02:39:24     1000      6344   49.00    0.00    0.00    8.00   49.00     0  brave
02:39:24     1000      6418    1.00    0.00    0.00    0.00    1.00     1  brave
02:39:24     1000      6626    1.00    0.00    0.00    0.00    1.00     0  brave
02:39:24        0     11701    0.00    1.00    0.00    0.00    1.00     0  kworker/u32:7-events_unbound
02:39:24     1000     11952    1.00    0.00    0.00    0.00    1.00     1  pidstat

# Time        UID       PID    %usr %system  %guest   %wait    %CPU   CPU  Command
02:39:25        0        15    0.00    1.00    0.00    1.00    1.00     0  rcu_preempt
02:39:25        0       165    0.00    1.00    0.00    0.00    1.00     1  gfx
02:39:25        0       968    2.00    3.00    0.00    0.00    5.00     0  Xorg
02:39:25     1000      3596   12.00    2.00    0.00    9.00   14.00     0  cinnamon
02:39:25     1000      4636    0.00    1.00    0.00    0.00    1.00     1  jetbrains-toolb
02:39:25     1000      5902    3.00    2.00    0.00    1.00    5.00     0  brave
02:39:25     1000      5942   12.00    4.00    0.00   13.00   16.00     1  brave
02:39:25     1000      5943    1.00    0.00    0.00    0.00    1.00     1  brave
02:39:25     1000      6120    4.00    0.00    0.00    1.00    4.00     1  brave
02:39:25     1000      6344   43.00    2.00    0.00   12.00   45.00     1  brave
02:39:25        0      9838    0.00    1.00    0.00    0.00    1.00     0  kworker/0:1-events
02:39:25        0     11701    0.00    1.00    0.00    0.00    1.00     0  kworker/u32:7+events_unbound
02:39:25     1000     11952    0.00    1.00    0.00    0.00    1.00     0  pidstat

# Time        UID       PID    %usr %system  %guest   %wait    %CPU   CPU  Command
02:39:26        0       165    0.00    1.00    0.00    0.00    1.00     0  gfx
02:39:26        0       968    2.00    3.00    0.00    1.00    5.00     0  Xorg
02:39:26     1000      3596   15.00    1.00    0.00   12.00   16.00     1  cinnamon
02:39:26     1000      5902    2.00    0.00    0.00    0.00    2.00     1  brave
02:39:26     1000      5942   12.00    4.00    0.00    7.00   16.00     1  brave
02:39:26     1000      5943    0.00    1.00    0.00    0.00    1.00     1  brave
02:39:26     1000      6120    3.00    2.00    0.00    0.00    5.00     0  brave
02:39:26     1000      6344   35.00    2.00    0.00   10.00   37.00     1  brave
02:39:26        0     11701    0.00    1.00    0.00    0.00    1.00     0  kworker/u32:7-phy0
02:39:26     1000     11952    1.00    0.00    0.00    0.00    1.00     0  pidstat

# Time        UID       PID    %usr %system  %guest   %wait    %CPU   CPU  Command
02:39:27        0       703    0.00    1.00    0.00    0.00    1.00     1  irq/63-rtw88_pci
02:39:27      120       916    0.00    1.00    0.00    0.00    1.00     1  redis-server
02:39:27        0       968    5.00    0.00    0.00    0.00    5.00     1  Xorg
02:39:27     1000      3596   11.00    3.00    0.00   10.00   14.00     1  cinnamon
02:39:27     1000      5902    1.00    2.00    0.00    0.00    3.00     0  brave
02:39:27     1000      5942   11.00    4.00    0.00    9.00   15.00     1  brave
02:39:27     1000      6120    3.00    1.00    0.00    1.00    4.00     0  brave
02:39:27     1000      6344   34.00    3.00    0.00    8.00   37.00     1  brave
02:39:27        0     10294    0.00    1.00    0.00    0.00    1.00     1  kworker/u32:1+events_unbound
02:39:27     1000     11952    0.00    2.00    0.00    1.00    2.00     0  pidstat

# Time        UID       PID    %usr %system  %guest   %wait    %CPU   CPU  Command
02:39:28        0       165    0.00    1.00    0.00    0.00    1.00     0  gfx
02:39:28      101       804    0.00    1.00    0.00    0.00    1.00     1  dbus-daemon
02:39:28      120       916    1.00    0.00    0.00    0.00    1.00     1  redis-server
02:39:28        0       968    1.00    3.00    0.00    0.00    4.00     1  Xorg
02:39:28     1000      3596   11.00    1.00    0.00   12.00   12.00     1  cinnamon
02:39:28     1000      4636    1.00    0.00    0.00    0.00    1.00     1  jetbrains-toolb
02:39:28     1000      5902    2.00    0.00    0.00    1.00    2.00     1  brave
02:39:28     1000      5942   12.00    3.00    0.00   12.00   15.00     1  brave
02:39:28     1000      5943    1.00    0.00    0.00    0.00    1.00     1  brave
02:39:28     1000      6120    2.00    1.00    0.00    1.00    3.00     0  brave
02:39:28     1000      6344   76.00    2.00    0.00    9.00   78.00     0  brave
02:39:28        0     10294    0.00    1.00    0.00    1.00    1.00     0  kworker/u32:1-phy0
02:39:28        0     10333    0.00    1.00    0.00    0.00    1.00     0  kworker/u33:0-rtw_tx_wq
02:39:28     1000     11952    1.00    1.00    0.00    2.00    2.00     1  pidstat

# Time        UID       PID    %usr %system  %guest   %wait    %CPU   CPU  Command
02:39:29        0       165    0.00    1.00    0.00    0.00    1.00     0  gfx
02:39:29        0       968    3.00    2.00    0.00    1.00    5.00     0  Xorg
02:39:29     1000      3596   11.00    3.00    0.00   15.00   14.00     0  cinnamon
02:39:29     1000      5902    2.00    0.00    0.00    0.00    2.00     1  brave
02:39:29     1000      5942   13.00    5.00    0.00   13.00   18.00     0  brave
02:39:29     1000      6120    4.00    1.00    0.00    0.00    5.00     0  brave
02:39:29     1000      6344   75.00    7.00    0.00    7.00   82.00     1  brave
02:39:29        0     11701    0.00    1.00    0.00    1.00    1.00     0  kworker/u32:7+events_unbound
02:39:29     1000     11952    1.00    1.00    0.00    3.00    2.00     0  pidstat

# Time        UID       PID    %usr %system  %guest   %wait    %CPU   CPU  Command
02:39:30        0         1    1.00    0.00    0.00    1.00    1.00     0  systemd
02:39:30        0        14    0.00    1.00    0.00    1.00    1.00     0  ksoftirqd/0
02:39:30        0       165    0.00    1.00    0.00    0.00    1.00     0  gfx
02:39:30        0       703    0.00    1.00    0.00    0.00    1.00     1  irq/63-rtw88_pci
02:39:30      101       804    1.00    0.00    0.00    0.00    1.00     0  dbus-daemon
02:39:30        0       968    4.00    2.00    0.00    1.00    6.00     0  Xorg
02:39:30     1000      3596   12.00    4.00    0.00   15.00   16.00     0  cinnamon
02:39:30     1000      5902    1.00    2.00    0.00    0.00    3.00     1  brave
02:39:30     1000      5942   13.00    4.00    0.00   14.00   17.00     0  brave
02:39:30     1000      5943    0.00    1.00    0.00    0.00    1.00     1  brave
02:39:30     1000      6120    4.00    2.00    0.00    2.00    6.00     1  brave
02:39:30     1000      6344  106.00    3.00    0.00   51.00  109.00     1  brave
02:39:30     1000      6987    1.00    0.00    0.00    0.00    1.00     1  brave
02:39:30        0     11701    0.00    1.00    0.00    1.00    1.00     1  kworker/u32:7-phy0
02:39:30     1000     11952    1.00    1.00    0.00    1.00    2.00     0  pidstat

# Time        UID       PID    %usr %system  %guest   %wait    %CPU   CPU  Command
02:39:31        0       165    0.00    1.00    0.00    0.00    1.00     0  gfx
02:39:31        0       703    0.00    1.00    0.00    0.00    1.00     1  irq/63-rtw88_pci
02:39:31        0       968    1.00    3.00    0.00    0.00    4.00     0  Xorg
02:39:31     1000      3596    9.00    2.00    0.00   13.00   11.00     0  cinnamon
02:39:31     1000      5902    1.00    0.00    0.00    0.00    1.00     0  brave
02:39:31     1000      5942   12.00    4.00    0.00   12.00   16.00     0  brave
02:39:31     1000      6120    4.00    2.00    0.00    1.00    6.00     0  brave
02:39:31     1000      6344   97.00    5.00    0.00    9.00  102.00     1  brave
02:39:31     1000     11952    1.00    3.00    0.00    0.00    4.00     0  pidstat

# Time        UID       PID    %usr %system  %guest   %wait    %CPU   CPU  Command
02:39:32        0        15    0.00    1.00    0.00    0.00    1.00     0  rcu_preempt
02:39:32        0       140    0.00    1.00    0.00    0.00    1.00     0  irq/30-ELAN0708:00
02:39:32        0       849    1.00    0.00    0.00    0.00    1.00     1  preload
02:39:32        0       968    2.00    3.00    0.00    0.00    5.00     1  Xorg
02:39:32     1000      3303    2.00    0.00    0.00    2.00    2.00     0  ibus-daemon
02:39:32     1000      3313    1.00    0.00    0.00    0.00    1.00     1  ibus-ui-gtk3
02:39:32     1000      3314    1.00    0.00    0.00    1.00    1.00     1  ibus-extension-
02:39:32     1000      3436    1.00    0.00    0.00    0.00    1.00     0  ibus-engine-sim
02:39:32     1000      3596    7.00    1.00    0.00   10.00    8.00     1  cinnamon
02:39:32     1000      3947    0.00    1.00    0.00    0.00    1.00     1  blueman-tray
02:39:32     1000      4636    1.00    0.00    0.00    0.00    1.00     1  jetbrains-toolb
02:39:32     1000      5902    5.00    2.00    0.00    2.00    7.00     0  brave
02:39:32     1000      5942   11.00    2.00    0.00   12.00   13.00     1  brave
02:39:32     1000      5943    1.00    1.00    0.00    0.00    2.00     1  brave
02:39:32     1000      6021    1.00    0.00    0.00    0.00    1.00     1  brave
02:39:32     1000      6120    5.00    1.00    0.00    2.00    6.00     1  brave
02:39:32     1000      6150    1.00    0.00    0.00    0.00    1.00     1  alacritty
02:39:32     1000      6344   99.00    5.00    0.00   13.00  104.00     0  brave
02:39:32     1000     11670    1.00    0.00    0.00    0.00    1.00     1  brave
02:39:32        0     11701    0.00    1.00    0.00    0.00    1.00     0  kworker/u32:7-phy0
02:39:32     1000     11952    1.00    2.00    0.00    7.00    3.00     1  pidstat
02:39:32     1000     11955    1.00    0.00    0.00    0.00    1.00     1  mutex-cond

# Time        UID       PID    %usr %system  %guest   %wait    %CPU   CPU  Command
02:39:33        0       165    0.00    1.00    0.00    0.00    1.00     0  gfx
02:39:33        0       968    4.00    1.00    0.00    0.00    5.00     1  Xorg
02:39:33     1000      3303    1.00    0.00    0.00    1.00    1.00     0  ibus-daemon
02:39:33     1000      3313    1.00    0.00    0.00    0.00    1.00     1  ibus-ui-gtk3
02:39:33     1000      3314    1.00    0.00    0.00    0.00    1.00     1  ibus-extension-
02:39:33     1000      3596   13.00    2.00    0.00   13.00   15.00     0  cinnamon
02:39:33     1000      5902    2.00    0.00    0.00    1.00    2.00     1  brave
02:39:33     1000      5942   14.00    4.00    0.00   14.00   18.00     1  brave
02:39:33     1000      6120    5.00    0.00    0.00    2.00    5.00     1  brave
02:39:33     1000      6344   60.00    3.00    0.00    8.00   63.00     0  brave
02:39:33        0     10294    0.00    1.00    0.00    0.00    1.00     0  kworker/u32:1+events_unbound
02:39:33     1000     11952    0.00    1.00    0.00    0.00    1.00     1  pidstat
