Linux 6.1.0-34-amd64 (debian) 	06/04/25 	_x86_64_	(2 CPU)

# Time        UID       PID    %usr %system  %guest   %wait    %CPU   CPU  Command
02:37:12        0       703    0.00    0.98    0.00    0.00    0.98     1  irq/63-rtw88_pci
02:37:12        0       849    0.98    0.00    0.00    0.00    0.98     1  preload
02:37:12        0       968    0.98    0.98    0.00    0.98    1.96     1  Xorg
02:37:12     1000      3303    1.96    0.98    0.00    0.98    2.94     0  ibus-daemon
02:37:12     1000      3314    0.98    0.00    0.00    0.00    0.98     1  ibus-extension-
02:37:12     1000      3436    0.98    0.98    0.00    0.00    1.96     1  ibus-engine-sim
02:37:12     1000      3596    1.96    0.98    0.00    1.96    2.94     0  cinnamon
02:37:12     1000      5902    3.92    1.96    0.00    0.00    5.88     1  brave
02:37:12     1000      5942    3.92    1.96    0.00    0.00    5.88     0  brave
02:37:12     1000      6120   14.71    3.92    0.00    3.92   18.63     1  brave
02:37:12     1000      6344    3.92    0.98    0.00    0.98    4.90     0  brave
02:37:12     1000      6626    0.00    0.98    0.00    0.00    0.98     0  brave
02:37:12     1000      6987    0.98    0.00    0.00    0.00    0.98     1  brave
02:37:12        0      9839    0.00    0.98    0.00    0.00    0.98     1  kworker/1:2-events
02:37:12        0     10294    0.00    0.98    0.00    0.00    0.98     0  kworker/u32:1+events_unbound
02:37:12     1000     11764    0.00    0.98    0.00    0.98    0.98     1  pidstat

# Time        UID       PID    %usr %system  %guest   %wait    %CPU   CPU  Command
02:37:13        0        15    0.00    1.00    0.00    0.00    1.00     1  rcu_preempt
02:37:13        0       165    0.00    1.00    0.00    0.00    1.00     1  gfx
02:37:13        0       968    0.00    1.00    0.00    0.00    1.00     1  Xorg
02:37:13     1000      3303    1.00    0.00    0.00    0.00    1.00     0  ibus-daemon
02:37:13     1000      3596    1.00    2.00    0.00    2.00    3.00     1  cinnamon
02:37:13     1000      4636    0.00    1.00    0.00    0.00    1.00     1  jetbrains-toolb
02:37:13     1000      5902    2.00    2.00    0.00    0.00    4.00     1  brave
02:37:13     1000      5942    4.00    2.00    0.00    5.00    6.00     1  brave
02:37:13     1000      5943    1.00    1.00    0.00    0.00    2.00     0  brave
02:37:13     1000      6097    1.00    0.00    0.00    1.00    1.00     0  brave
02:37:13     1000      6120   59.00    3.00    0.00   20.00   62.00     0  brave
02:37:13     1000      6150    1.00    0.00    0.00    0.00    1.00     0  alacritty
02:37:13     1000      6344    4.00    1.00    0.00    1.00    5.00     1  brave
02:37:13     1000     11764    1.00    1.00    0.00    1.00    2.00     1  pidstat

# Time        UID       PID    %usr %system  %guest   %wait    %CPU   CPU  Command
02:37:14        0       703    0.00    1.00    0.00    0.00    1.00     1  irq/63-rtw88_pci
02:37:14     1000      3436    1.00    0.00    0.00    0.00    1.00     0  ibus-engine-sim
02:37:14     1000      4636    1.00    0.00    0.00    0.00    1.00     1  jetbrains-toolb
02:37:14     1000      5902    8.00    3.00    0.00    3.00   11.00     0  brave
02:37:14     1000      5942    1.00    2.00    0.00    0.00    3.00     1  brave
02:37:14     1000      5943    3.00    2.00    0.00    0.00    5.00     0  brave
02:37:14     1000      6021    2.00    0.00    0.00    0.00    2.00     1  brave
02:37:14     1000      6120   20.00    2.00    0.00    6.00   22.00     1  brave
02:37:14     1000      6344    3.00    2.00    0.00    1.00    5.00     0  brave
02:37:14     1000     11670    1.00    1.00    0.00    0.00    2.00     1  brave
02:37:14     1000     11764    1.00    1.00    0.00    0.00    2.00     1  pidstat

# Time        UID       PID    %usr %system  %guest   %wait    %CPU   CPU  Command
02:37:15      120       916    0.00    1.00    0.00    0.00    1.00     1  redis-server
02:37:15        0       968    1.00    1.00    0.00    0.00    2.00     1  Xorg
02:37:15     1000      3596    3.00    0.00    0.00    0.00    3.00     1  cinnamon
02:37:15     1000      5902    1.00    0.00    0.00    0.00    1.00     1  brave
02:37:15     1000      5942    5.00    2.00    0.00    1.00    7.00     0  brave
02:37:15     1000      6120    6.00    2.00    0.00    1.00    8.00     0  brave
02:37:15     1000      6344    5.00    1.00    0.00    1.00    6.00     1  brave
02:37:15     1000     11764    0.00    1.00    0.00    0.00    1.00     1  pidstat

# Time        UID       PID    %usr %system  %guest   %wait    %CPU   CPU  Command
02:37:16        0       968    0.00    1.00    0.00    0.00    1.00     0  Xorg
02:37:16     1000      3596    4.00    0.00    0.00    1.00    4.00     1  cinnamon
02:37:16     1000      5902    3.00    0.00    0.00    0.00    3.00     1  brave
02:37:16     1000      5942    5.00    3.00    0.00    2.00    8.00     0  brave
02:37:16     1000      6027    1.00    1.00    0.00    0.00    2.00     0  brave
02:37:16     1000      6120    6.00    3.00    0.00    3.00    9.00     1  brave
02:37:16     1000      6344    4.00    0.00    0.00    2.00    4.00     0  brave
02:37:16     1000     11764    1.00    1.00    0.00    1.00    2.00     1  pidstat

# Time        UID       PID    %usr %system  %guest   %wait    %CPU   CPU  Command
02:37:17        0       703    0.00    1.00    0.00    0.00    1.00     1  irq/63-rtw88_pci
02:37:17        0       968    0.00    1.00    0.00    0.00    1.00     0  Xorg
02:37:17     1000      3596    4.00    0.00    0.00    1.00    4.00     0  cinnamon
02:37:17     1000      4636    1.00    0.00    0.00    0.00    1.00     1  jetbrains-toolb
02:37:17     1000      5902    2.00    0.00    0.00    0.00    2.00     0  brave
02:37:17     1000      5942    3.00    4.00    0.00    1.00    7.00     0  brave
02:37:17     1000      6120    7.00    2.00    0.00    1.00    9.00     1  brave
02:37:17     1000      6344    3.00    3.00    0.00    3.00    6.00     0  brave
02:37:17     1000      6626    2.00    0.00    0.00    0.00    2.00     1  brave
02:37:17        0     11698    0.00    1.00    0.00    0.00    1.00     0  kworker/u32:4-writeback
02:37:17     1000     11764    1.00    2.00    0.00    0.00    3.00     1  pidstat

# Time        UID       PID    %usr %system  %guest   %wait    %CPU   CPU  Command
02:37:18        0       968    0.00    1.00    0.00    0.00    1.00     0  Xorg
02:37:18     1000      3596    3.00    2.00    0.00    0.00    5.00     0  cinnamon
02:37:18     1000      5902    1.00    1.00    0.00    0.00    2.00     0  brave
02:37:18     1000      5942    4.00    2.00    0.00    2.00    6.00     0  brave
02:37:18     1000      6120    8.00    0.00    0.00    2.00    8.00     1  brave
02:37:18     1000      6344    5.00    0.00    0.00    1.00    5.00     0  brave
02:37:18        0     10294    0.00    1.00    0.00    0.00    1.00     0  kworker/u32:1-events_unbound
02:37:18     1000     11764    0.00    2.00    0.00    1.00    2.00     1  pidstat

# Time        UID       PID    %usr %system  %guest   %wait    %CPU   CPU  Command
02:37:19        0        21    0.00    1.00    0.00    0.00    1.00     1  ksoftirqd/1
02:37:19        0       968    1.00    0.00    0.00    0.00    1.00     0  Xorg
02:37:19     1000      3596    2.00    1.00    0.00    1.00    3.00     0  cinnamon
02:37:19     1000      4636    0.00    1.00    0.00    0.00    1.00     1  jetbrains-toolb
02:37:19     1000      5942    5.00    1.00    0.00    1.00    6.00     0  brave
02:37:19     1000      6120    7.00    1.00    0.00    1.00    8.00     1  brave
02:37:19     1000      6344    3.00    2.00    0.00    1.00    5.00     0  brave
02:37:19     1000      6626    1.00    0.00    0.00    0.00    1.00     1  brave
02:37:19     1000     11764    1.00    3.00    0.00    0.00    4.00     1  pidstat

# Time        UID       PID    %usr %system  %guest   %wait    %CPU   CPU  Command
02:37:20        0       165    0.00    1.00    0.00    0.00    1.00     0  gfx
02:37:20        0       968    1.00    1.00    0.00    0.00    2.00     0  Xorg
02:37:20     1000      3596    3.00    1.00    0.00    1.00    4.00     0  cinnamon
02:37:20     1000      3947    1.00    0.00    0.00    0.00    1.00     1  blueman-tray
02:37:20     1000      4636    1.00    0.00    0.00    0.00    1.00     1  jetbrains-toolb
02:37:20     1000      5902    1.00    1.00    0.00    0.00    2.00     0  brave
02:37:20     1000      5942    5.00    2.00    0.00    1.00    7.00     0  brave
02:37:20     1000      6120    6.00    2.00    0.00    1.00    8.00     1  brave
02:37:20     1000      6344    4.00    2.00    0.00    1.00    6.00     0  brave
02:37:20     1000     11764    1.00    2.00    0.00    0.00    3.00     1  pidstat

# Time        UID       PID    %usr %system  %guest   %wait    %CPU   CPU  Command
02:37:21        0       703    0.00    1.00    0.00    0.00    1.00     1  irq/63-rtw88_pci
02:37:21      120       916    0.00    1.00    0.00    0.00    1.00     1  redis-server
02:37:21        0       968    0.00    1.00    0.00    0.00    1.00     1  Xorg
02:37:21     1000      3596    4.00    0.00    0.00    5.00    4.00     1  cinnamon
02:37:21     1000      5902    2.00    2.00    0.00    2.00    4.00     0  brave
02:37:21     1000      5942    4.00    2.00    0.00    2.00    6.00     1  brave
02:37:21     1000      6021    0.00    1.00    0.00    0.00    1.00     1  brave
02:37:21     1000      6120    7.00    1.00    0.00    4.00    8.00     1  brave
02:37:21     1000      6344    1.00    3.00    0.00    3.00    4.00     0  brave
02:37:21     1000      6626    3.00    0.00    0.00    2.00    3.00     1  brave
02:37:21     1000      6831    1.00    0.00    0.00    0.00    1.00     0  brave
02:37:21        0     10294    0.00    1.00    0.00    0.00    1.00     1  kworker/u32:1+events_unbound
02:37:21     1000     11764    0.00    2.00    0.00    0.00    2.00     0  pidstat

# Time        UID       PID    %usr %system  %guest   %wait    %CPU   CPU  Command
02:37:22        0       849    1.00    0.00    0.00    0.00    1.00     1  preload
02:37:22        0       968    0.00    1.00    0.00    0.00    1.00     0  Xorg
02:37:22     1000      3596    4.00    0.00    0.00    1.00    4.00     1  cinnamon
02:37:22     1000      5942    4.00    2.00    0.00    2.00    6.00     0  brave
02:37:22     1000      5943    0.00    1.00    0.00    0.00    1.00     1  brave
02:37:22     1000      6120    5.00    3.00    0.00    1.00    8.00     0  brave
02:37:22     1000      6344    4.00    1.00    0.00    1.00    5.00     1  brave
02:37:22        0      9838    0.00    1.00    0.00    0.00    1.00     0  kworker/0:1-events_power_efficient
02:37:22     1000     11764    1.00    1.00    0.00    1.00    2.00     1  pidstat

# Time        UID       PID    %usr %system  %guest   %wait    %CPU   CPU  Command
02:37:23      120       916    1.00    0.00    0.00    0.00    1.00     0  redis-server
02:37:23        0       968    1.00    1.00    0.00    0.00    2.00     0  Xorg
02:37:23     1000      3596    3.00    1.00    0.00    1.00    4.00     0  cinnamon
02:37:23     1000      4636    0.00    1.00    0.00    0.00    1.00     1  jetbrains-toolb
02:37:23     1000      5902    1.00    0.00    0.00    0.00    1.00     0  brave
02:37:23     1000      5942    5.00    2.00    0.00    2.00    7.00     1  brave
02:37:23     1000      6097    2.00    1.00    0.00    1.00    3.00     1  brave
02:37:23     1000      6120    6.00    2.00    0.00    2.00    8.00     1  brave
02:37:23     1000      6344    4.00    2.00    0.00    2.00    6.00     0  brave
02:37:23        0     10294    0.00    1.00    0.00    0.00    1.00     0  kworker/u32:1+events_unbound
02:37:23     1000     11764    0.00    2.00    0.00    0.00    2.00     1  pidstat

# Time        UID       PID    %usr %system  %guest   %wait    %CPU   CPU  Command
02:37:24        0       968    0.00    1.00    0.00    0.00    1.00     0  Xorg
02:37:24     1000      3596    2.00    1.00    0.00    0.00    3.00     0  cinnamon
02:37:24     1000      5902    1.00    0.00    0.00    0.00    1.00     0  brave
02:37:24     1000      5942    2.00    3.00    0.00    0.00    5.00     0  brave
02:37:24     1000      6120    7.00    2.00    0.00    1.00    9.00     1  brave
02:37:24     1000      6344    3.00    2.00    0.00    1.00    5.00     0  brave
02:37:24     1000     11764    3.00    1.00    0.00    0.00    4.00     1  pidstat

# Time        UID       PID    %usr %system  %guest   %wait    %CPU   CPU  Command
02:37:25        0        15    0.00    1.00    0.00    0.00    1.00     0  rcu_preempt
02:37:25        0       703    0.00    1.00    0.00    0.00    1.00     1  irq/63-rtw88_pci
02:37:25        0       968    1.00    1.00    0.00    1.00    2.00     0  Xorg
02:37:25     1000      3596    4.00    1.00    0.00    1.00    5.00     0  cinnamon
02:37:25     1000      5942    5.00    2.00    0.00    1.00    7.00     0  brave
02:37:25     1000      6120    7.00    1.00    0.00    1.00    8.00     0  brave
02:37:25     1000      6344    3.00    2.00    0.00    1.00    5.00     1  brave
02:37:25     1000     11764    1.00    2.00    0.00    1.00    3.00     1  pidstat

# Time        UID       PID    %usr %system  %guest   %wait    %CPU   CPU  Command
02:37:26        0       140    0.00    1.00    0.00    0.00    1.00     0  irq/30-ELAN0708:00
02:37:26        0       165    0.00    1.00    0.00    0.00    1.00     1  gfx
02:37:26        0       968    1.00    2.00    0.00    0.00    3.00     0  Xorg
02:37:26     1000      3596    4.00    1.00    0.00    3.00    5.00     1  cinnamon
02:37:26     1000      4636    1.00    0.00    0.00    0.00    1.00     1  jetbrains-toolb
02:37:26     1000      5902    3.00    1.00    0.00    1.00    4.00     0  brave
02:37:26     1000      5942    4.00    2.00    0.00    1.00    6.00     0  brave
02:37:26     1000      6109    1.00    1.00    0.00    0.00    2.00     1  brave
02:37:26     1000      6120    9.00    1.00    0.00    4.00   10.00     0  brave
02:37:26     1000      6344    9.00    2.00    0.00    3.00   11.00     0  brave
02:37:26        0     10294    0.00    1.00    0.00    0.00    1.00     0  kworker/u32:1+events_unbound
02:37:26     1000     11764    0.00    1.00    0.00    0.00    1.00     0  pidstat

# Time        UID       PID    %usr %system  %guest   %wait    %CPU   CPU  Command
02:37:27        0       968    0.00    2.00    0.00    0.00    2.00     0  Xorg
02:37:27     1000      3303    1.00    0.00    0.00    1.00    1.00     0  ibus-daemon
02:37:27     1000      3313    1.00    0.00    0.00    0.00    1.00     1  ibus-ui-gtk3
02:37:27     1000      3596    2.00    0.00    0.00    2.00    2.00     0  cinnamon
02:37:27     1000      5902    2.00    1.00    0.00    0.00    3.00     1  brave
02:37:27     1000      5942    1.00    3.00    0.00    1.00    4.00     0  brave
02:37:27     1000      6120   11.00    1.00    0.00    2.00   12.00     1  brave
02:37:27     1000      6344    3.00    2.00    0.00    0.00    5.00     0  brave
02:37:27     1000     11764    1.00    3.00    0.00    0.00    4.00     1  pidstat

# Time        UID       PID    %usr %system  %guest   %wait    %CPU   CPU  Command
02:37:28        0       968    1.00    0.00    0.00    0.00    1.00     1  Xorg
02:37:28     1000      3596    4.00    1.00    0.00    0.00    5.00     0  cinnamon
02:37:28     1000      4636    9.00    0.00    0.00    0.00    9.00     1  jetbrains-toolb
02:37:28     1000      5942    5.00    2.00    0.00    1.00    7.00     1  brave
02:37:28     1000      6120    7.00    2.00    0.00    1.00    9.00     1  brave
02:37:28     1000      6344    4.00    1.00    0.00    1.00    5.00     0  brave
02:37:28     1000     11764    0.00    2.00    0.00    1.00    2.00     1  pidstat

# Time        UID       PID    %usr %system  %guest   %wait    %CPU   CPU  Command
02:37:29        0       703    0.00    1.00    0.00    0.00    1.00     1  irq/63-rtw88_pci
02:37:29        0       968    0.00    1.00    0.00    0.00    1.00     0  Xorg
02:37:29     1000      3596    5.00    0.00    0.00    0.00    5.00     1  cinnamon
02:37:29     1000      3947    1.00    0.00    0.00    0.00    1.00     0  blueman-tray
02:37:29     1000      4636    1.00    0.00    0.00    0.00    1.00     1  jetbrains-toolb
02:37:29     1000      5942    4.00    2.00    0.00    1.00    6.00     1  brave
02:37:29     1000      6120    7.00    2.00    0.00    1.00    9.00     0  brave
02:37:29     1000      6344    3.00    2.00    0.00    2.00    5.00     0  brave
02:37:29     1000     11764    1.00    2.00    0.00    0.00    3.00     1  pidstat

# Time        UID       PID    %usr %system  %guest   %wait    %CPU   CPU  Command
02:37:30      120       916    1.00    0.00    0.00    0.00    1.00     1  redis-server
02:37:30        0       968    1.00    1.00    0.00    0.00    2.00     0  Xorg
02:37:30     1000      3171    1.00    0.00    0.00    0.00    1.00     0  cinnamon-sessio
02:37:30     1000      3303    1.00    0.00    0.00    0.00    1.00     1  ibus-daemon
02:37:30     1000      3442    0.00    1.00    0.00    0.00    1.00     1  csd-wacom
02:37:30     1000      3596    3.00    1.00    0.00    2.00    4.00     1  cinnamon
02:37:30     1000      5902    6.00    2.00    0.00    1.00    8.00     0  brave
02:37:30     1000      5942    5.00    2.00    0.00    1.00    7.00     0  brave
02:37:30     1000      5943    3.00    0.00    0.00    0.00    3.00     1  brave
02:37:30     1000      6120   18.00    2.00    0.00    7.00   20.00     0  brave
02:37:30     1000      6344    4.00    1.00    0.00    1.00    5.00     0  brave
02:37:30        0     10294    0.00    1.00    0.00    0.00    1.00     1  kworker/u32:1-writeback
02:37:30        0     10333    0.00    1.00    0.00    0.00    1.00     1  kworker/u33:0-rtw_tx_wq
02:37:30     1000     11764    1.00    3.00    0.00    0.00    4.00     1  pidstat
02:37:30     1000     11767    0.00    1.00    0.00    0.00    1.00     1  mutex-cond
