Linux 6.1.0-34-amd64 (debian) 	06/04/25 	_x86_64_	(2 CPU)

# Time        UID       PID    %usr %system  %guest   %wait    %CPU   CPU  Command
02:38:13        0       703    0.00    0.98    0.00    0.00    0.98     1  irq/63-rtw88_pci
02:38:13        0       968    0.98    0.00    0.00    0.00    0.98     0  Xorg
02:38:13     1000      3303    0.98    0.98    0.00    0.98    1.96     0  ibus-daemon
02:38:13     1000      3436    0.98    0.00    0.00    0.00    0.98     0  ibus-engine-sim
02:38:13     1000      3596    0.98    0.98    0.00    0.00    1.96     1  cinnamon
02:38:13     1000      5902    5.88    2.94    0.00    1.96    8.82     1  brave
02:38:13     1000      5942    3.92    1.96    0.00    0.98    5.88     0  brave
02:38:13     1000      5943    1.96    0.98    0.00    0.00    2.94     1  brave
02:38:13     1000      6120   23.53    3.92    0.00    4.90   27.45     0  brave
02:38:13     1000      6344    4.90    0.00    0.00    0.98    4.90     0  brave
02:38:13        0     10294    0.00    0.98    0.00    0.00    0.98     0  kworker/u32:1+events_unbound
02:38:13     1000     11846    0.98    0.00    0.00    0.00    0.98     1  pidstat

# Time        UID       PID    %usr %system  %guest   %wait    %CPU   CPU  Command
02:38:14        0       140    0.00    1.00    0.00    0.00    1.00     0  irq/30-ELAN0708:00
02:38:14      120       916    0.00    1.00    0.00    0.00    1.00     0  redis-server
02:38:14        0       968    1.00    0.00    0.00    0.00    1.00     0  Xorg
02:38:14     1000      3596    3.00    0.00    0.00    1.00    3.00     0  cinnamon
02:38:14     1000      5902    4.00    2.00    0.00    1.00    6.00     0  brave
02:38:14     1000      5942    3.00    3.00    0.00    1.00    6.00     0  brave
02:38:14     1000      5943    1.00    1.00    0.00    0.00    2.00     1  brave
02:38:14     1000      6120   11.00    1.00    0.00    2.00   12.00     0  brave
02:38:14     1000      6344    5.00    0.00    0.00    0.00    5.00     1  brave
02:38:14     1000      6987    1.00    0.00    0.00    0.00    1.00     1  brave
02:38:14     1000     11670    1.00    0.00    0.00    0.00    1.00     1  brave
02:38:14     1000     11846    0.00    1.00    0.00    0.00    1.00     1  pidstat

# Time        UID       PID    %usr %system  %guest   %wait    %CPU   CPU  Command
02:38:15        0       703    0.00    1.00    0.00    0.00    1.00     1  irq/63-rtw88_pci
02:38:15      120       916    1.00    0.00    0.00    0.00    1.00     0  redis-server
02:38:15        0       968    3.00    3.00    0.00    0.00    6.00     0  Xorg
02:38:15     1000      3303    2.00    0.00    0.00    4.00    2.00     0  ibus-daemon
02:38:15     1000      3313    1.00    0.00    0.00    0.00    1.00     1  ibus-ui-gtk3
02:38:15     1000      3314    0.00    1.00    0.00    0.00    1.00     1  ibus-extension-
02:38:15     1000      3596    6.00    1.00    0.00   17.00    7.00     1  cinnamon
02:38:15     1000      5902   20.00    6.00    0.00    6.00   26.00     0  brave
02:38:15     1000      5942    6.00    6.00    0.00   11.00   12.00     1  brave
02:38:15     1000      5943    1.00    0.00    0.00    0.00    1.00     1  brave
02:38:15     1000      6021    1.00    1.00    0.00    0.00    2.00     1  brave
02:38:15     1000      6027    3.00    1.00    0.00    0.00    4.00     1  brave
02:38:15     1000      6120    7.00    1.00    0.00   10.00    8.00     0  brave
02:38:15     1000      6344   17.00    2.00    0.00   13.00   19.00     0  brave
02:38:15     1000      6626    1.00    0.00    0.00    1.00    1.00     0  brave
02:38:15     1000      8625    0.00    1.00    0.00    0.00    1.00     1  brave
02:38:15        0      9839    0.00    1.00    0.00    0.00    1.00     1  kworker/1:2-events
02:38:15        0     11698    0.00    1.00    0.00    0.00    1.00     1  kworker/u32:4+events_unbound
02:38:15     1000     11846    0.00    1.00    0.00    1.00    1.00     1  pidstat
02:38:15     1000     11860    2.00    1.00    0.00    3.00    3.00     1  brave

# Time        UID       PID    %usr %system  %guest   %wait    %CPU   CPU  Command
02:38:16        0       140    0.00    1.00    0.00    0.00    1.00     0  irq/30-ELAN0708:00
02:38:16     1000      3596    2.00    0.00    0.00    4.00    2.00     0  cinnamon
02:38:16     1000      4636    0.00    1.00    0.00    0.00    1.00     1  jetbrains-toolb
02:38:16     1000      5902   13.00    4.00    0.00    3.00   17.00     0  brave
02:38:16     1000      5942    3.00    1.00    0.00    1.00    4.00     0  brave
02:38:16     1000      5943    4.00    2.00    0.00    0.00    6.00     1  brave
02:38:16     1000      6021    2.00    0.00    0.00    0.00    2.00     1  brave
02:38:16     1000      6120    4.00    1.00    0.00    1.00    5.00     0  brave
02:38:16     1000      6344   48.00    5.00    0.00   11.00   53.00     1  brave
02:38:16     1000     11670   35.00    0.00    0.00    0.00   35.00     1  brave
02:38:16     1000     11846    0.00    4.00    0.00    0.00    4.00     1  pidstat
02:38:16     1000     11860    1.00    0.00    0.00    0.00    1.00     1  brave

# Time        UID       PID    %usr %system  %guest   %wait    %CPU   CPU  Command
02:38:17     1000      4636    1.00    0.00    0.00    0.00    1.00     1  jetbrains-toolb
02:38:17     1000      5902    3.00    2.00    0.00    0.00    5.00     1  brave
02:38:17     1000      5942    1.00    1.00    0.00    0.00    2.00     1  brave
02:38:17     1000      5943    2.00    1.00    0.00    0.00    3.00     1  brave
02:38:17     1000      6021    1.00    0.00    0.00    0.00    1.00     1  brave
02:38:17     1000      6120    2.00    1.00    0.00    4.00    3.00     1  brave
02:38:17     1000      6344    1.00    0.00    0.00    1.00    1.00     1  brave
02:38:17     1000     11670   95.00    1.00    0.00    0.00   96.00     1  brave
02:38:17     1000     11846    1.00    1.00    0.00    0.00    2.00     1  pidstat

# Time        UID       PID    %usr %system  %guest   %wait    %CPU   CPU  Command
02:38:18        0       703    0.00    1.00    0.00    0.00    1.00     1  irq/63-rtw88_pci
02:38:18     1000      5902    1.00    1.00    0.00    0.00    2.00     0  brave
02:38:18     1000      5942    0.00    1.00    0.00    0.00    1.00     0  brave
02:38:18     1000      6097    1.00    0.00    0.00    0.00    1.00     0  brave
02:38:18     1000      6120    4.00    2.00    0.00    1.00    6.00     0  brave
02:38:18     1000     11670   62.00    2.00    0.00    0.00   64.00     1  brave
02:38:18     1000     11846    0.00    3.00    0.00    0.00    3.00     1  pidstat

# Time        UID       PID    %usr %system  %guest   %wait    %CPU   CPU  Command
02:38:19     1000      4636    1.00    0.00    0.00    0.00    1.00     1  jetbrains-toolb
02:38:19     1000      5902    1.00    0.00    0.00    0.00    1.00     0  brave
02:38:19     1000      5942    3.00    2.00    0.00    1.00    5.00     0  brave
02:38:19     1000      6097   58.00    0.00    0.00    9.00   58.00     1  brave
02:38:19     1000      6120    5.00    1.00    0.00    0.00    6.00     1  brave
02:38:19     1000     11846    1.00    0.00    0.00    0.00    1.00     1  pidstat

# Time        UID       PID    %usr %system  %guest   %wait    %CPU   CPU  Command
02:38:20        0        15    0.00    1.00    0.00    0.00    1.00     0  rcu_preempt
02:38:20     1000      3947    1.00    0.00    0.00    0.00    1.00     0  blueman-tray
02:38:20     1000      5902    3.00    3.00    0.00    2.00    6.00     0  brave
02:38:20     1000      5942    1.00    1.00    0.00    0.00    2.00     0  brave
02:38:20     1000      5943    1.00    1.00    0.00    0.00    2.00     1  brave
02:38:20     1000      6097    4.00    0.00    0.00    2.00    4.00     0  brave
02:38:20     1000      6120    4.00    1.00    0.00    2.00    5.00     1  brave
02:38:20     1000      6319    1.00    1.00    0.00    2.00    2.00     0  brave
02:38:20     1000      6447    0.00    1.00    0.00    2.00    1.00     0  brave
02:38:20     1000      6490    1.00    0.00    0.00    2.00    1.00     0  brave
02:38:20     1000      6626   25.00    3.00    0.00    7.00   28.00     1  brave
02:38:20        0     10333    0.00    1.00    0.00    0.00    1.00     1  kworker/u33:0-rtw_tx_wq
02:38:20        0     11698    0.00    1.00    0.00    0.00    1.00     0  kworker/u32:4-phy0
02:38:20     1000     11846    1.00    1.00    0.00    1.00    2.00     1  pidstat

# Time        UID       PID    %usr %system  %guest   %wait    %CPU   CPU  Command
02:38:21        0       165    0.00    1.00    0.00    0.00    1.00     1  gfx
02:38:21        0       703    0.00    1.00    0.00    0.00    1.00     1  irq/63-rtw88_pci
02:38:21        0       849    1.00    0.00    0.00    0.00    1.00     1  preload
02:38:21      120       916    1.00    0.00    0.00    0.00    1.00     0  redis-server
02:38:21        0       968    1.00    0.00    0.00    0.00    1.00     0  Xorg
02:38:21     1000      3596    1.00    0.00    0.00    1.00    1.00     1  cinnamon
02:38:21     1000      5902    8.00    1.00    0.00    3.00    9.00     0  brave
02:38:21     1000      5942    2.00    3.00    0.00    2.00    5.00     1  brave
02:38:21     1000      5943    2.00    1.00    0.00    0.00    3.00     1  brave
02:38:21     1000      6120    4.00    2.00    0.00    1.00    6.00     0  brave
02:38:21     1000      6344    7.00    2.00    0.00    4.00    9.00     0  brave
02:38:21     1000      6831    0.00    1.00    0.00    1.00    1.00     0  brave
02:38:21     1000     11846    1.00    2.00    0.00    0.00    3.00     1  pidstat

# Time        UID       PID    %usr %system  %guest   %wait    %CPU   CPU  Command
02:38:22        0       968    1.00    1.00    0.00    0.00    2.00     0  Xorg
02:38:22     1000      3596    1.00    1.00    0.00    1.00    2.00     1  cinnamon
02:38:22     1000      4636    1.00    1.00    0.00    0.00    2.00     1  jetbrains-toolb
02:38:22     1000      5902    3.00    1.00    0.00    1.00    4.00     0  brave
02:38:22     1000      5942    3.00    1.00    0.00    0.00    4.00     1  brave
02:38:22     1000      6120    5.00    2.00    0.00    2.00    7.00     0  brave
02:38:22     1000      6344    7.00    2.00    0.00    2.00    9.00     0  brave
02:38:22     1000     11846    1.00    2.00    0.00    0.00    3.00     1  pidstat

# Time        UID       PID    %usr %system  %guest   %wait    %CPU   CPU  Command
02:38:23        0        21    0.00    1.00    0.00    0.00    1.00     1  ksoftirqd/1
02:38:23        0       140    0.00    1.00    0.00    0.00    1.00     0  irq/30-ELAN0708:00
02:38:23        0       968    2.00    0.00    0.00    0.00    2.00     0  Xorg
02:38:23     1000      3303    1.00    0.00    0.00    3.00    1.00     0  ibus-daemon
02:38:23     1000      3313    1.00    0.00    0.00    0.00    1.00     1  ibus-ui-gtk3
02:38:23     1000      3314    1.00    0.00    0.00    0.00    1.00     1  ibus-extension-
02:38:23     1000      3596    2.00    0.00    0.00    5.00    2.00     1  cinnamon
02:38:23     1000      5902    5.00    1.00    0.00    1.00    6.00     0  brave
02:38:23     1000      5942    4.00    3.00    0.00    3.00    7.00     1  brave
02:38:23     1000      6120   13.00    1.00    0.00    7.00   14.00     0  brave
02:38:23     1000      6150    1.00    0.00    0.00    0.00    1.00     1  alacritty
02:38:23     1000      6344    4.00    1.00    0.00    2.00    5.00     0  brave
02:38:23        0      9838    0.00    1.00    0.00    0.00    1.00     0  kworker/0:1-events
02:38:23     1000     11846    1.00    3.00    0.00    0.00    4.00     1  pidstat

# Time        UID       PID    %usr %system  %guest   %wait    %CPU   CPU  Command
02:38:24        0       968    1.00    1.00    0.00    1.00    2.00     1  Xorg
02:38:24     1000      3596    4.00    1.00    0.00    0.00    5.00     0  cinnamon
02:38:24     1000      5902    2.00    0.00    0.00    0.00    2.00     0  brave
02:38:24     1000      5942    4.00    2.00    0.00    1.00    6.00     1  brave
02:38:24     1000      6120    9.00    0.00    0.00    1.00    9.00     0  brave
02:38:24     1000      6150    0.00    1.00    0.00    0.00    1.00     1  alacritty
02:38:24     1000      6344    3.00    1.00    0.00    2.00    4.00     0  brave
02:38:24     1000     11846    1.00    2.00    0.00    0.00    3.00     1  pidstat

# Time        UID       PID    %usr %system  %guest   %wait    %CPU   CPU  Command
02:38:25        0       703    0.00    1.00    0.00    0.00    1.00     1  irq/63-rtw88_pci
02:38:25     1000      3596    4.00    1.00    0.00    0.00    5.00     1  cinnamon
02:38:25     1000      3682    0.00    1.00    0.00    0.00    1.00     1  kdeconnectd
02:38:25     1000      5902    1.00    1.00    0.00    0.00    2.00     0  brave
02:38:25     1000      5942    3.00    3.00    0.00    1.00    6.00     0  brave
02:38:25     1000      6120    6.00    2.00    0.00    2.00    8.00     0  brave
02:38:25     1000      6344    5.00    2.00    0.00    2.00    7.00     0  brave
02:38:25     1000     11846    1.00    3.00    0.00    0.00    4.00     1  pidstat

# Time        UID       PID    %usr %system  %guest   %wait    %CPU   CPU  Command
02:38:26      120       916    1.00    0.00    0.00    0.00    1.00     0  redis-server
02:38:26        0       968    1.00    1.00    0.00    0.00    2.00     0  Xorg
02:38:26     1000      3596    5.00    0.00    0.00    0.00    5.00     1  cinnamon
02:38:26     1000      5902    2.00    0.00    0.00    0.00    2.00     1  brave
02:38:26     1000      5942    6.00    1.00    0.00    1.00    7.00     1  brave
02:38:26     1000      6120    6.00    2.00    0.00    2.00    8.00     0  brave
02:38:26     1000      6344    2.00    3.00    0.00    1.00    5.00     0  brave
02:38:26     1000      6626    1.00    0.00    0.00    0.00    1.00     1  brave
02:38:26        0     10294    0.00    1.00    0.00    0.00    1.00     1  kworker/u32:1-events_unbound
02:38:26     1000     11846    2.00    1.00    0.00    0.00    3.00     1  pidstat

# Time        UID       PID    %usr %system  %guest   %wait    %CPU   CPU  Command
02:38:27        0       968    2.00    1.00    0.00    0.00    3.00     0  Xorg
02:38:27     1000      3303    2.00    0.00    0.00    2.00    2.00     0  ibus-daemon
02:38:27     1000      3313    1.00    0.00    0.00    0.00    1.00     1  ibus-ui-gtk3
02:38:27     1000      3596    4.00    1.00    0.00    9.00    5.00     1  cinnamon
02:38:27     1000      4636    1.00    0.00    0.00    0.00    1.00     1  jetbrains-toolb
02:38:27     1000      5902    4.00    2.00    0.00    1.00    6.00     0  brave
02:38:27     1000      5942    3.00    4.00    0.00    4.00    7.00     0  brave
02:38:27     1000      6120    8.00    1.00    0.00    3.00    9.00     0  brave
02:38:27     1000      6344   41.00    3.00    0.00   18.00   44.00     0  brave
02:38:27     1000      6626    2.00    1.00    0.00    7.00    3.00     1  brave
02:38:27     1000      6831    1.00    0.00    0.00    0.00    1.00     0  brave
02:38:27     1000     11846    1.00    3.00    0.00    0.00    4.00     1  pidstat

# Time        UID       PID    %usr %system  %guest   %wait    %CPU   CPU  Command
02:38:28        0       165    0.00    1.00    0.00    0.00    1.00     0  gfx
02:38:28        0       703    0.00    1.00    0.00    0.00    1.00     1  irq/63-rtw88_pci
02:38:28        0       968    1.00    0.00    0.00    0.00    1.00     0  Xorg
02:38:28     1000      3596    1.00    1.00    0.00    1.00    2.00     0  cinnamon
02:38:28     1000      4636    0.00    1.00    0.00    0.00    1.00     1  jetbrains-toolb
02:38:28     1000      5902    2.00    1.00    0.00    0.00    3.00     1  brave
02:38:28     1000      5942    4.00    2.00    0.00    0.00    6.00     0  brave
02:38:28     1000      6120    4.00    3.00    0.00    3.00    7.00     0  brave
02:38:28     1000      6344   17.00    2.00    0.00    5.00   19.00     0  brave
02:38:28     1000      6418    1.00    0.00    0.00    0.00    1.00     0  brave
02:38:28        0     11698    0.00    1.00    0.00    0.00    1.00     0  kworker/u32:4-phy0
02:38:28     1000     11846    0.00    3.00    0.00    0.00    3.00     1  pidstat

# Time        UID       PID    %usr %system  %guest   %wait    %CPU   CPU  Command
02:38:29     1000      5902    4.00    1.00    0.00    1.00    5.00     1  brave
02:38:29     1000      5942    2.00    1.00    0.00    0.00    3.00     1  brave
02:38:29     1000      5943    3.00    1.00    0.00    0.00    4.00     1  brave
02:38:29     1000      6120    4.00    1.00    0.00    2.00    5.00     0  brave
02:38:29     1000      6344   12.00    4.00    0.00    4.00   16.00     0  brave
02:38:29     1000     11846    1.00    3.00    0.00    0.00    4.00     1  pidstat

# Time        UID       PID    %usr %system  %guest   %wait    %CPU   CPU  Command
02:38:30        0       703    0.00    1.00    0.00    0.00    1.00     1  irq/63-rtw88_pci
02:38:30     1000      3596    1.00    0.00    0.00    0.00    1.00     1  cinnamon
02:38:30     1000      5902    4.00    2.00    0.00    1.00    6.00     0  brave
02:38:30     1000      5942    3.00    1.00    0.00    0.00    4.00     0  brave
02:38:30     1000      5943    3.00    0.00    0.00    0.00    3.00     1  brave
02:38:30     1000      6021    1.00    0.00    0.00    0.00    1.00     1  brave
02:38:30     1000      6120    5.00    2.00    0.00    2.00    7.00     0  brave
02:38:30     1000      6319    1.00    0.00    0.00    2.00    1.00     1  brave
02:38:30     1000      6344    7.00    2.00    0.00    2.00    9.00     0  brave
02:38:30     1000     11846    2.00    2.00    0.00    0.00    4.00     1  pidstat

# Time        UID       PID    %usr %system  %guest   %wait    %CPU   CPU  Command
02:38:31        0        15    0.00    1.00    0.00    0.00    1.00     0  rcu_preempt
02:38:31        0       968    1.00    1.00    0.00    0.00    2.00     0  Xorg
02:38:31        0      2892    3.00    0.00    0.00    0.00    3.00     0  dockerd
02:38:31     1000      4636    1.00    0.00    0.00    0.00    1.00     1  jetbrains-toolb
02:38:31     1000      5902    3.00    0.00    0.00    1.00    3.00     1  brave
02:38:31     1000      5942    0.00    3.00    0.00    0.00    3.00     0  brave
02:38:31     1000      5943    0.00    2.00    0.00    0.00    2.00     1  brave
02:38:31     1000      6120    4.00    2.00    0.00    2.00    6.00     0  brave
02:38:31     1000      6319    1.00    0.00    0.00    0.00    1.00     1  brave
02:38:31     1000      6344    9.00    2.00    0.00    3.00   11.00     0  brave
02:38:31     1000      8654    1.00    0.00    0.00    0.00    1.00     0  brave
02:38:31     1000     11846    2.00    2.00    0.00    0.00    4.00     1  pidstat
