Linux 6.1.0-34-amd64 (debian) 	06/04/25 	_x86_64_	(2 CPU)

# Time        UID       PID    %usr %system  %guest   %wait    %CPU   CPU  Command
02:42:21        0        15    0.00    0.99    0.00    0.00    0.99     0  rcu_preempt
02:42:21        0       703    0.00    0.99    0.00    0.00    0.99     1  irq/63-rtw88_pci
02:42:21        0       968    0.99    0.00    0.00    0.00    0.99     1  Xorg
02:42:21     1000      3303    0.99    0.00    0.00    0.99    0.99     1  ibus-daemon
02:42:21     1000      3436    0.99    0.00    0.00    0.00    0.99     0  ibus-engine-sim
02:42:21     1000      3596    1.98    0.00    0.00    3.96    1.98     1  cinnamon
02:42:21     1000      5902   14.85    6.93    0.00    5.94   21.78     1  brave
02:42:21     1000      5942    3.96    1.98    0.00    0.00    5.94     1  brave
02:42:21     1000      5943    6.93    1.98    0.00    0.00    8.91     1  brave
02:42:21     1000      6021    2.97    0.00    0.00    0.00    2.97     1  brave
02:42:21     1000      6097    3.96    0.00    0.00    0.99    3.96     1  brave
02:42:21     1000      6120   21.78    2.97    0.00   16.83   24.75     1  brave
02:42:21     1000      6490    0.00    0.99    0.00    0.99    0.99     1  brave
02:42:21     1000      6626   33.66    3.96    0.00   10.89   37.62     1  brave
02:42:21     1000      6831    0.00    0.99    0.00    2.97    0.99     1  brave
02:42:21        0     10333    0.00    0.99    0.00    0.00    0.99     0  kworker/u33:0-rtw_tx_wq
02:42:21     1000     12282    0.00    0.99    0.00    0.00    0.99     0  pidstat
02:42:21     1000     12285    0.00    3.96    0.00    0.00    3.96     0  spin-lock

# Time        UID       PID    %usr %system  %guest   %wait    %CPU   CPU  Command
02:42:22        0       849    1.00    0.00    0.00    0.00    1.00     0  preload
02:42:22        0       968    1.00    1.00    0.00    0.00    2.00     0  Xorg
02:42:22     1000      3303    1.00    1.00    0.00    1.00    2.00     0  ibus-daemon
02:42:22     1000      3596    2.00    0.00    0.00    3.00    2.00     0  cinnamon
02:42:22     1000      5902   16.00    7.00    0.00    2.00   23.00     1  brave
02:42:22     1000      5942    3.00    1.00    0.00    2.00    4.00     1  brave
02:42:22     1000      5943    5.00    5.00    0.00    0.00   10.00     1  brave
02:42:22     1000      6021    1.00    2.00    0.00    0.00    3.00     1  brave
02:42:22     1000      6097    3.00    1.00    0.00    1.00    4.00     1  brave
02:42:22     1000      6120   19.00    3.00    0.00    9.00   22.00     0  brave
02:42:22     1000     11670    1.00    0.00    0.00    0.00    1.00     1  brave
02:42:22        0     11698    0.00    1.00    0.00    0.00    1.00     0  kworker/u32:4-phy0
02:42:22        0     12078    0.00    1.00    0.00    0.00    1.00     1  kworker/1:0-events
02:42:22     1000     12282    1.00    2.00    0.00    0.00    3.00     1  pidstat

# Time        UID       PID    %usr %system  %guest   %wait    %CPU   CPU  Command
02:42:23        0       140    0.00    1.00    0.00    0.00    1.00     0  irq/30-ELAN0708:00
02:42:23      120       916    1.00    0.00    0.00    0.00    1.00     0  redis-server
02:42:23        0       968    1.00    1.00    0.00    0.00    2.00     0  Xorg
02:42:23     1000      3436    1.00    0.00    0.00    0.00    1.00     1  ibus-engine-sim
02:42:23     1000      3596    1.00    1.00    0.00    0.00    2.00     1  cinnamon
02:42:23     1000      4636    0.00    1.00    0.00    0.00    1.00     0  jetbrains-toolb
02:42:23     1000      5902    7.00    1.00    0.00    1.00    8.00     1  brave
02:42:23     1000      5942    3.00    2.00    0.00    0.00    5.00     1  brave
02:42:23     1000      5943    1.00    0.00    0.00    0.00    1.00     1  brave
02:42:23     1000      6021    1.00    0.00    0.00    0.00    1.00     1  brave
02:42:23     1000      6027    1.00    0.00    0.00    0.00    1.00     1  brave
02:42:23     1000      6097    5.00    1.00    0.00    2.00    6.00     0  brave
02:42:23     1000      6120   12.00    2.00    0.00    4.00   14.00     1  brave
02:42:23     1000     12282    0.00    1.00    0.00    1.00    1.00     1  pidstat

# Time        UID       PID    %usr %system  %guest   %wait    %CPU   CPU  Command
02:42:24        0       968    1.00    2.00    0.00    0.00    3.00     0  Xorg
02:42:24     1000      3596    5.00    0.00    0.00    2.00    5.00     0  cinnamon
02:42:24     1000      4636    1.00    0.00    0.00    0.00    1.00     0  jetbrains-toolb
02:42:24     1000      5902    4.00    2.00    0.00    1.00    6.00     0  brave
02:42:24     1000      5942    4.00    1.00    0.00    1.00    5.00     0  brave
02:42:24     1000      5943    1.00    0.00    0.00    0.00    1.00     1  brave
02:42:24     1000      6021    1.00    0.00    0.00    0.00    1.00     1  brave
02:42:24     1000      6097    9.00    0.00    0.00    3.00    9.00     0  brave
02:42:24     1000      6120    5.00    2.00    0.00    2.00    7.00     0  brave
02:42:24     1000     12282    0.00    1.00    0.00    0.00    1.00     1  pidstat

# Time        UID       PID    %usr %system  %guest   %wait    %CPU   CPU  Command
02:42:25        0       165    0.00    1.00    0.00    0.00    1.00     1  gfx
02:42:25        0       703    0.00    1.00    0.00    0.00    1.00     1  irq/63-rtw88_pci
02:42:25        0       968    1.00    1.00    0.00    0.00    2.00     1  Xorg
02:42:25     1000      3596    4.00    1.00    0.00    1.00    5.00     0  cinnamon
02:42:25     1000      5902    3.00    0.00    0.00    0.00    3.00     0  brave
02:42:25     1000      5942    5.00    3.00    0.00    2.00    8.00     0  brave
02:42:25     1000      5943    0.00    1.00    0.00    0.00    1.00     1  brave
02:42:25     1000      6027    0.00    1.00    0.00    0.00    1.00     1  brave
02:42:25     1000      6097    4.00    1.00    0.00    2.00    5.00     0  brave
02:42:25     1000      6120    7.00    2.00    0.00    1.00    9.00     1  brave
02:42:25     1000      6150    1.00    0.00    0.00    0.00    1.00     1  alacritty
02:42:25     1000     12282    1.00    2.00    0.00    0.00    3.00     1  pidstat
02:42:25     1000     12285    0.00    1.00    0.00    0.00    1.00     0  spin-lock

# Time        UID       PID    %usr %system  %guest   %wait    %CPU   CPU  Command
02:42:26      120       916    0.00    1.00    0.00    0.00    1.00     1  redis-server
02:42:26        0       968    1.00    0.00    0.00    0.00    1.00     0  Xorg
02:42:26     1000      3596    2.00    2.00    0.00    0.00    4.00     0  cinnamon
02:42:26     1000      5902    1.00    0.00    0.00    0.00    1.00     0  brave
02:42:26     1000      5942    4.00    2.00    0.00    1.00    6.00     1  brave
02:42:26     1000      6097    4.00    2.00    0.00    1.00    6.00     0  brave
02:42:26     1000      6120    7.00    1.00    0.00    2.00    8.00     1  brave
02:42:26        0     11698    0.00    1.00    0.00    0.00    1.00     0  kworker/u32:4-phy0
02:42:26     1000     12282    2.00    0.00    0.00    0.00    2.00     1  pidstat

# Time        UID       PID    %usr %system  %guest   %wait    %CPU   CPU  Command
02:42:27        0       968    0.00    1.00    0.00    0.00    1.00     1  Xorg
02:42:27     1000      3596    5.00    0.00    0.00    0.00    5.00     1  cinnamon
02:42:27     1000      5902    1.00    1.00    0.00    0.00    2.00     0  brave
02:42:27     1000      5942    4.00    3.00    0.00    1.00    7.00     0  brave
02:42:27     1000      6097    5.00    0.00    0.00    2.00    5.00     0  brave
02:42:27     1000      6120    5.00    4.00    0.00    0.00    9.00     1  brave
02:42:27     1000      6626    1.00    0.00    0.00    1.00    1.00     0  brave
02:42:27     1000     12282    1.00    2.00    0.00    1.00    3.00     1  pidstat

# Time        UID       PID    %usr %system  %guest   %wait    %CPU   CPU  Command
02:42:28        0       703    0.00    1.00    0.00    0.00    1.00     1  irq/63-rtw88_pci
02:42:28        0       968    1.00    0.00    0.00    1.00    1.00     0  Xorg
02:42:28     1000      3596    4.00    0.00    0.00    0.00    4.00     1  cinnamon
02:42:28     1000      4636    0.00    1.00    0.00    0.00    1.00     0  jetbrains-toolb
02:42:28     1000      5942    5.00    3.00    0.00    1.00    8.00     0  brave
02:42:28     1000      6097    3.00    2.00    0.00    1.00    5.00     0  brave
02:42:28     1000      6120    6.00    2.00    0.00    2.00    8.00     1  brave
02:42:28     1000      6626    4.00    0.00    0.00    0.00    4.00     1  brave
02:42:28        0     11698    0.00    1.00    0.00    0.00    1.00     0  kworker/u32:4-phy0
02:42:28     1000     12282    0.00    2.00    0.00    0.00    2.00     1  pidstat

# Time        UID       PID    %usr %system  %guest   %wait    %CPU   CPU  Command
02:42:29        0       140    0.00    1.00    0.00    0.00    1.00     0  irq/30-ELAN0708:00
02:42:29        0       968    1.00    1.00    0.00    0.00    2.00     1  Xorg
02:42:29     1000      3303    3.00    0.00    0.00    6.00    3.00     1  ibus-daemon
02:42:29     1000      3313    1.00    0.00    0.00    1.00    1.00     1  ibus-ui-gtk3
02:42:29     1000      3314    1.00    0.00    0.00    0.00    1.00     1  ibus-extension-
02:42:29     1000      3596    5.00    1.00    0.00    9.00    6.00     0  cinnamon
02:42:29     1000      5902    7.00    2.00    0.00    4.00    9.00     0  brave
02:42:29     1000      5942    4.00    4.00    0.00    5.00    8.00     1  brave
02:42:29     1000      6027    2.00    0.00    0.00    1.00    2.00     0  brave
02:42:29     1000      6097    4.00    1.00    0.00    2.00    5.00     1  brave
02:42:29     1000      6120    9.00    1.00    0.00   10.00   10.00     0  brave
02:42:29     1000      6344    3.00    0.00    0.00    9.00    3.00     1  brave
02:42:29     1000     12282    0.00    1.00    0.00    3.00    1.00     1  pidstat

# Time        UID       PID    %usr %system  %guest   %wait    %CPU   CPU  Command
02:42:30        0        15    0.00    1.00    0.00    0.00    1.00     1  rcu_preempt
02:42:30        0       165    0.00    1.00    0.00    0.00    1.00     0  gfx
02:42:30        0       703    0.00    1.00    0.00    0.00    1.00     1  irq/63-rtw88_pci
02:42:30        0       968    1.00    3.00    0.00    0.00    4.00     0  Xorg
02:42:30     1000      3596    9.00    1.00    0.00    7.00   10.00     1  cinnamon
02:42:30     1000      4636    1.00    0.00    0.00    0.00    1.00     0  jetbrains-toolb
02:42:30     1000      5902    7.00    3.00    0.00    1.00   10.00     1  brave
02:42:30     1000      5942   13.00    6.00    0.00   16.00   19.00     1  brave
02:42:30     1000      5943    1.00    0.00    0.00    0.00    1.00     1  brave
02:42:30     1000      6027    3.00    0.00    0.00    0.00    3.00     0  brave
02:42:30     1000      6109    0.00    1.00    0.00    0.00    1.00     1  brave
02:42:30     1000      6120    3.00    1.00    0.00    1.00    4.00     0  brave
02:42:30     1000      6344   95.00    3.00    0.00   38.00   98.00     1  brave
02:42:30        0     11698    0.00    1.00    0.00    0.00    1.00     1  kworker/u32:4+events_unbound
02:42:30     1000     12282    1.00    1.00    0.00    1.00    2.00     0  pidstat

# Time        UID       PID    %usr %system  %guest   %wait    %CPU   CPU  Command
02:42:31        0        36    0.00    1.00    0.00    0.00    1.00     0  khugepaged
02:42:31        0       968    0.00    1.00    0.00    0.00    1.00     0  Xorg
02:42:31     1000      3596    3.00    0.00    0.00    2.00    3.00     1  cinnamon
02:42:31     1000      5902    5.00    1.00    0.00    1.00    6.00     1  brave
02:42:31     1000      5942    2.00    3.00    0.00    1.00    5.00     0  brave
02:42:31     1000      5943    1.00    0.00    0.00    0.00    1.00     1  brave
02:42:31     1000      6120    5.00    1.00    0.00    2.00    6.00     1  brave
02:42:31     1000      6344    8.00    2.00    0.00    3.00   10.00     1  brave
02:42:31     1000     12282    1.00    2.00    0.00    0.00    3.00     0  pidstat

# Time        UID       PID    %usr %system  %guest   %wait    %CPU   CPU  Command
02:42:32     1000      5902    1.00    0.00    0.00    0.00    1.00     1  brave
02:42:32     1000      5942    1.00    2.00    0.00    0.00    3.00     1  brave
02:42:32     1000      6120    4.00    2.00    0.00    2.00    6.00     1  brave
02:42:32     1000      6344    5.00    1.00    0.00    1.00    6.00     1  brave
02:42:32     1000     12282    1.00    4.00    0.00    0.00    5.00     0  pidstat
02:42:32     1000     12285    1.00    0.00    0.00    0.00    1.00     0  spin-lock

# Time        UID       PID    %usr %system  %guest   %wait    %CPU   CPU  Command
02:42:33        0       165    0.00    1.00    0.00    0.00    1.00     0  gfx
02:42:33        0       703    0.00    1.00    0.00    0.00    1.00     1  irq/63-rtw88_pci
02:42:33        0       968    0.00    1.00    0.00    0.00    1.00     1  Xorg
02:42:33     1000      3596    1.00    0.00    0.00    0.00    1.00     1  cinnamon
02:42:33     1000      3947    1.00    0.00    0.00    0.00    1.00     1  blueman-tray
02:42:33     1000      4636    1.00    0.00    0.00    0.00    1.00     0  jetbrains-toolb
02:42:33     1000      5902    1.00    0.00    0.00    1.00    1.00     1  brave
02:42:33     1000      5942    3.00    2.00    0.00    0.00    5.00     0  brave
02:42:33     1000      6120    4.00    2.00    0.00    1.00    6.00     1  brave
02:42:33     1000      6344    7.00    2.00    0.00    2.00    9.00     1  brave
02:42:33        0      9838    0.00    1.00    0.00    0.00    1.00     0  kworker/0:1-events

# Time        UID       PID    %usr %system  %guest   %wait    %CPU   CPU  Command
02:42:34        0        14    0.00    1.00    0.00    0.00    1.00     0  ksoftirqd/0
02:42:34      120       916    0.00    1.00    0.00    0.00    1.00     1  redis-server
02:42:34        0       968    1.00    0.00    0.00    0.00    1.00     1  Xorg
02:42:34     1000      3303    3.00    0.00    0.00    5.00    3.00     1  ibus-daemon
02:42:34     1000      3313    1.00    0.00    0.00    0.00    1.00     1  ibus-ui-gtk3
02:42:34     1000      3314    1.00    0.00    0.00    1.00    1.00     1  ibus-extension-
02:42:34     1000      3596    1.00    0.00    0.00    1.00    1.00     1  cinnamon
02:42:34     1000      5902    4.00    1.00    0.00    0.00    5.00     1  brave
02:42:34     1000      5942    3.00    0.00    0.00    0.00    3.00     0  brave
02:42:34     1000      6120    5.00    2.00    0.00    4.00    7.00     1  brave
02:42:34     1000      6344    8.00    4.00    0.00    5.00   12.00     0  brave
02:42:34        0     10294    0.00    1.00    0.00    0.00    1.00     0  kworker/u32:1-phy0
02:42:34     1000     12282    1.00    2.00    0.00    1.00    3.00     1  pidstat

# Time        UID       PID    %usr %system  %guest   %wait    %CPU   CPU  Command
02:42:35        0       968    1.00    0.00    0.00    0.00    1.00     0  Xorg
02:42:35     1000      3596    1.00    0.00    0.00    0.00    1.00     1  cinnamon
02:42:35     1000      4636    1.00    0.00    0.00    0.00    1.00     0  jetbrains-toolb
02:42:35     1000      5902    1.00    0.00    0.00    0.00    1.00     0  brave
02:42:35     1000      5942    1.00    3.00    0.00    1.00    4.00     1  brave
02:42:35     1000      6120    4.00    2.00    0.00    2.00    6.00     0  brave
02:42:35     1000      6344   12.00    1.00    0.00    2.00   13.00     1  brave
02:42:35     1000      6418    0.00    1.00    0.00    0.00    1.00     1  brave
02:42:35     1000      6626    3.00    0.00    0.00    0.00    3.00     1  brave
02:42:35     1000     12282    1.00    3.00    0.00    0.00    4.00     1  pidstat

# Time        UID       PID    %usr %system  %guest   %wait    %CPU   CPU  Command
02:42:36        0       703    0.00    1.00    0.00    0.00    1.00     1  irq/63-rtw88_pci
02:42:36        0       968    1.00    0.00    0.00    0.00    1.00     0  Xorg
02:42:36     1000      3596    0.00    1.00    0.00    0.00    1.00     1  cinnamon
02:42:36     1000      5902    2.00    1.00    0.00    0.00    3.00     0  brave
02:42:36     1000      5942    4.00    1.00    0.00    0.00    5.00     1  brave
02:42:36     1000      6120    6.00    1.00    0.00    2.00    7.00     0  brave
02:42:36     1000      6344    5.00    3.00    0.00    2.00    8.00     0  brave
02:42:36     1000     12282    0.00    1.00    0.00    0.00    1.00     1  pidstat

# Time        UID       PID    %usr %system  %guest   %wait    %CPU   CPU  Command
02:42:37        0       140    0.00    1.00    0.00    0.00    1.00     0  irq/30-ELAN0708:00
02:42:37        0       968    2.00    0.00    0.00    0.00    2.00     0  Xorg
02:42:37     1000      3596    1.00    0.00    0.00    2.00    1.00     0  cinnamon
02:42:37     1000      5902    2.00   46.00    0.00    1.00   48.00     0  brave
02:42:37     1000      5942    1.00    1.00    0.00    0.00    2.00     1  brave
02:42:37     1000      5943    1.00    0.00    0.00    0.00    1.00     0  brave
02:42:37     1000      6027    0.00    1.00    0.00    0.00    1.00     0  brave
02:42:37     1000      6120   10.00    3.00    0.00    5.00   13.00     0  brave
02:42:37     1000      6344    3.00    2.00    0.00    2.00    5.00     1  brave
02:42:37     1000     12282    2.00    1.00    0.00    0.00    3.00     1  pidstat

# Time        UID       PID    %usr %system  %guest   %wait    %CPU   CPU  Command
02:42:38        0       140    0.00    1.00    0.00    0.00    1.00     0  irq/30-ELAN0708:00
02:42:38      120       916    0.00    1.00    0.00    0.00    1.00     0  redis-server
02:42:38        0       968    1.00    2.00    0.00    0.00    3.00     0  Xorg
02:42:38     1000      3303    1.00    0.00    0.00    3.00    1.00     0  ibus-daemon
02:42:38     1000      3313    1.00    0.00    0.00    0.00    1.00     1  ibus-ui-gtk3
02:42:38     1000      3314    1.00    0.00    0.00    0.00    1.00     1  ibus-extension-
02:42:38     1000      3363    1.00    0.00    0.00    0.00    1.00     0  at-spi2-registr
02:42:38     1000      3436    1.00    0.00    0.00    0.00    1.00     1  ibus-engine-sim
02:42:38     1000      3596    4.00    1.00    0.00    3.00    5.00     1  cinnamon
02:42:38     1000      4636    1.00    0.00    0.00    0.00    1.00     0  jetbrains-toolb
02:42:38     1000      5902    6.00    2.00    0.00    1.00    8.00     0  brave
02:42:38     1000      5942    5.00    3.00    0.00    7.00    8.00     0  brave
02:42:38     1000      6120   22.00    2.00    0.00    7.00   24.00     1  brave
02:42:38     1000      6150    1.00    0.00    0.00    1.00    1.00     1  alacritty
02:42:38     1000      6344    4.00    0.00    0.00    2.00    4.00     1  brave
02:42:38        0     10294    0.00    1.00    0.00    0.00    1.00     0  kworker/u32:1+events_unbound
02:42:38     1000     12282    0.00    1.00    0.00    1.00    1.00     1  pidstat

# Time        UID       PID    %usr %system  %guest   %wait    %CPU   CPU  Command
02:42:39        0       813    1.00    0.00    0.00    0.00    1.00     1  snapd
02:42:39        0       968    0.00    1.00    0.00    0.00    1.00     0  Xorg
02:42:39      114      1074    0.00    1.00    0.00    0.00    1.00     0  postgres
02:42:39     1000      3596    5.00    0.00    0.00    0.00    5.00     1  cinnamon
02:42:39     1000      5902    1.00    2.00    0.00    0.00    3.00     0  brave
02:42:39     1000      5942    4.00    3.00    0.00    2.00    7.00     0  brave
02:42:39     1000      5943    0.00    1.00    0.00    0.00    1.00     0  brave
02:42:39     1000      6120    7.00    1.00    0.00    1.00    8.00     1  brave
02:42:39     1000      6344    4.00    2.00    0.00    1.00    6.00     1  brave
02:42:39     1000     12282    0.00    2.00    0.00    0.00    2.00     0  pidstat
