Linux 6.1.0-34-amd64 (debian) 	06/04/25 	_x86_64_	(2 CPU)

# Time        UID       PID    %usr %system  %guest   %wait    %CPU   CPU  Command
02:44:46        0        15    0.00    0.98    0.00    0.00    0.98     0  rcu_preempt
02:44:46      120       916    0.00    0.98    0.00    0.00    0.98     1  redis-server
02:44:46        0       968    1.96    0.00    0.00    0.00    1.96     0  Xorg
02:44:46     1000      3596    2.94    0.00    0.00    0.98    2.94     1  cinnamon
02:44:46     1000      4636    0.98    0.00    0.00    0.00    0.98     0  jetbrains-toolb
02:44:46     1000      5902    0.98    0.00    0.00    0.00    0.98     0  brave
02:44:46     1000      5942    4.90    0.98    0.00    0.98    5.88     1  brave
02:44:46     1000      6120    5.88    1.96    0.00    0.98    7.84     0  brave
02:44:46     1000      6344    3.92    1.96    0.00    1.96    5.88     1  brave
02:44:46        0     12399    0.00    0.98    0.00    0.00    0.98     1  kworker/u32:0-events_unbound
02:44:46     1000     12528    0.98    1.96    0.00    0.00    2.94     1  pidstat

# Time        UID       PID    %usr %system  %guest   %wait    %CPU   CPU  Command
02:44:47        0       140    0.00    1.00    0.00    0.00    1.00     0  irq/30-ELAN0708:00
02:44:47      120       916    1.00    0.00    0.00    0.00    1.00     0  redis-server
02:44:47        0       968    1.00    1.00    0.00    0.00    2.00     0  Xorg
02:44:47     1000      3596    5.00    1.00    0.00    1.00    6.00     1  cinnamon
02:44:47     1000      5902    3.00    1.00    0.00    0.00    4.00     0  brave
02:44:47     1000      5942    7.00    3.00    0.00    2.00   10.00     0  brave
02:44:47     1000      6120    8.00    2.00    0.00    2.00   10.00     0  brave
02:44:47     1000      6150    1.00    0.00    0.00    0.00    1.00     1  alacritty
02:44:47     1000      6344    9.00    2.00    0.00    1.00   11.00     0  brave
02:44:47     1000      8625    1.00    0.00    0.00    0.00    1.00     0  brave
02:44:47     1000     12528    1.00    2.00    0.00    0.00    3.00     1  pidstat

# Time        UID       PID    %usr %system  %guest   %wait    %CPU   CPU  Command
02:44:48        0       968    1.00    1.00    0.00    0.00    2.00     1  Xorg
02:44:48     1000      3303    2.00    0.00    0.00    4.00    2.00     1  ibus-daemon
02:44:48     1000      3313    1.00    0.00    0.00    0.00    1.00     1  ibus-ui-gtk3
02:44:48     1000      3314    1.00    0.00    0.00    0.00    1.00     1  ibus-extension-
02:44:48     1000      3596    3.00    0.00    0.00    5.00    3.00     1  cinnamon
02:44:48     1000      4636    0.00    1.00    0.00    0.00    1.00     0  jetbrains-toolb
02:44:48     1000      5902    3.00    3.00    0.00    2.00    6.00     1  brave
02:44:48     1000      5942    4.00    3.00    0.00    6.00    7.00     0  brave
02:44:48     1000      6120    7.00    2.00    0.00    9.00    9.00     0  brave
02:44:48     1000      6344   13.00    4.00    0.00    8.00   17.00     1  brave
02:44:48     1000     12528    1.00    2.00    0.00    0.00    3.00     0  pidstat

# Time        UID       PID    %usr %system  %guest   %wait    %CPU   CPU  Command
02:44:49        0       703    0.00    1.00    0.00    0.00    1.00     1  irq/63-rtw88_pci
02:44:49        0       968    1.00    0.00    0.00    0.00    1.00     0  Xorg
02:44:49     1000      3596    1.00    0.00    0.00    0.00    1.00     0  cinnamon
02:44:49     1000      4636    1.00    0.00    0.00    0.00    1.00     0  jetbrains-toolb
02:44:49     1000      5902    2.00    0.00    0.00    0.00    2.00     1  brave
02:44:49     1000      5942    4.00    1.00    0.00    0.00    5.00     1  brave
02:44:49     1000      5943    1.00    0.00    0.00    0.00    1.00     1  brave
02:44:49     1000      6027    1.00    0.00    0.00    0.00    1.00     0  brave
02:44:49     1000      6120    5.00    1.00    0.00    1.00    6.00     1  brave
02:44:49     1000      6344   10.00    2.00    0.00    4.00   12.00     1  brave
02:44:49     1000      6626    5.00    0.00    0.00    1.00    5.00     1  brave
02:44:49        0     12078    0.00    1.00    0.00    0.00    1.00     1  kworker/1:0-events
02:44:49     1000     12528    1.00    3.00    0.00    1.00    4.00     0  pidstat

# Time        UID       PID    %usr %system  %guest   %wait    %CPU   CPU  Command
02:44:50     1000      3947    1.00    0.00    0.00    0.00    1.00     0  blueman-tray
02:44:50     1000      5902    1.00    0.00    0.00    0.00    1.00     0  brave
02:44:50     1000      5942    1.00    3.00    0.00    0.00    4.00     0  brave
02:44:50     1000      6120    4.00    3.00    0.00    2.00    7.00     0  brave
02:44:50     1000      6344    5.00    1.00    0.00    1.00    6.00     1  brave
02:44:50     1000     12528    1.00    2.00    0.00    0.00    3.00     1  pidstat

# Time        UID       PID    %usr %system  %guest   %wait    %CPU   CPU  Command
02:44:51        0       165    0.00    1.00    0.00    0.00    1.00     0  gfx
02:44:51     1000      3358    0.00    1.00    0.00    0.00    1.00     0  gvfs-afc-volume
02:44:51     1000      3596    1.00    0.00    0.00    0.00    1.00     1  cinnamon
02:44:51     1000      5902    2.00    1.00    0.00    0.00    3.00     0  brave
02:44:51     1000      5942    3.00    2.00    0.00    1.00    5.00     1  brave
02:44:51     1000      5943    1.00    0.00    0.00    0.00    1.00     1  brave
02:44:51     1000      6120    5.00    1.00    0.00    2.00    6.00     0  brave
02:44:51     1000      6344   19.00    2.00    0.00    5.00   21.00     0  brave
02:44:51        0     10294    0.00    1.00    0.00    0.00    1.00     1  kworker/u32:1-writeback
02:44:51     1000     12528    1.00    3.00    0.00    0.00    4.00     1  pidstat
02:44:51     1000     12531    0.00    1.00    0.00    0.00    1.00     1  sem

# Time        UID       PID    %usr %system  %guest   %wait    %CPU   CPU  Command
02:44:52        0       703    0.00    1.00    0.00    0.00    1.00     1  irq/63-rtw88_pci
02:44:52      120       916    0.00    1.00    0.00    0.00    1.00     1  redis-server
02:44:52        0      2892    3.00    0.00    0.00    0.00    3.00     0  dockerd
02:44:52     1000      3596    1.00    0.00    0.00    0.00    1.00     1  cinnamon
02:44:52     1000      4636    1.00    0.00    0.00    0.00    1.00     0  jetbrains-toolb
02:44:52     1000      5902    2.00    1.00    0.00    0.00    3.00     1  brave
02:44:52     1000      5942    2.00    1.00    0.00    0.00    3.00     1  brave
02:44:52     1000      6120    6.00    1.00    0.00    1.00    7.00     0  brave
02:44:52     1000      6344    6.00    1.00    0.00    2.00    7.00     0  brave
02:44:52     1000     12528    1.00    2.00    0.00    0.00    3.00     1  pidstat

# Time        UID       PID    %usr %system  %guest   %wait    %CPU   CPU  Command
02:44:53     1000      3673    0.00    1.00    0.00    1.00    1.00     0  nm-applet
02:44:53     1000      5902    1.00    0.00    0.00    0.00    1.00     0  brave
02:44:53     1000      5942    1.00    2.00    0.00    0.00    3.00     0  brave
02:44:53     1000      6120    5.00    1.00    0.00    2.00    6.00     0  brave
02:44:53     1000      6344    4.00    3.00    0.00    1.00    7.00     0  brave
02:44:53     1000     12528    0.00    3.00    0.00    0.00    3.00     1  pidstat

# Time        UID       PID    %usr %system  %guest   %wait    %CPU   CPU  Command
02:44:54        0       968    1.00    0.00    0.00    0.00    1.00     0  Xorg
02:44:54     1000      4636    1.00    0.00    0.00    0.00    1.00     0  jetbrains-toolb
02:44:54     1000      5902    1.00    0.00    0.00    0.00    1.00     0  brave
02:44:54     1000      5942    4.00    1.00    0.00    0.00    5.00     0  brave
02:44:54     1000      6120    5.00    2.00    0.00    2.00    7.00     0  brave
02:44:54     1000      6344    8.00    2.00    0.00    3.00   10.00     0  brave
02:44:54     1000      6626    1.00    1.00    0.00    0.00    2.00     1  brave
02:44:54        0     10333    0.00    1.00    0.00    0.00    1.00     0  kworker/u33:0-rtw_tx_wq
02:44:54     1000     12528    1.00    3.00    0.00    0.00    4.00     1  pidstat

# Time        UID       PID    %usr %system  %guest   %wait    %CPU   CPU  Command
02:44:55        0        21    0.00    1.00    0.00    0.00    1.00     1  ksoftirqd/1
02:44:55        0       703    0.00    1.00    0.00    0.00    1.00     1  irq/63-rtw88_pci
02:44:55      120       916    1.00    0.00    0.00    0.00    1.00     1  redis-server
02:44:55        0       968    0.00    1.00    0.00    0.00    1.00     0  Xorg
02:44:55     1000      3596    1.00    0.00    0.00    0.00    1.00     1  cinnamon
02:44:55     1000      5902    2.00    1.00    0.00    0.00    3.00     0  brave
02:44:55     1000      5942    2.00    2.00    0.00    0.00    4.00     0  brave
02:44:55     1000      6120    4.00    2.00    0.00    2.00    6.00     0  brave
02:44:55     1000      6344    8.00    2.00    0.00    2.00   10.00     0  brave
02:44:55     1000     12528    1.00    2.00    0.00    1.00    3.00     1  pidstat

# Time        UID       PID    %usr %system  %guest   %wait    %CPU   CPU  Command
02:44:56        0        43    0.00    1.00    0.00    0.00    1.00     1  kworker/1:1H-kblockd
02:44:56        0       968    0.00    1.00    0.00    0.00    1.00     0  Xorg
02:44:56     1000      3596    2.00    0.00    0.00    0.00    2.00     1  cinnamon
02:44:56     1000      4636    0.00    1.00    0.00    0.00    1.00     0  jetbrains-toolb
02:44:56     1000      5902    1.00    1.00    0.00    1.00    2.00     0  brave
02:44:56     1000      5942    3.00    0.00    0.00    1.00    3.00     1  brave
02:44:56     1000      6120    4.00    2.00    0.00    2.00    6.00     0  brave
02:44:56     1000      6344   11.00    3.00    0.00    5.00   14.00     0  brave
02:44:56     1000      6626   28.00    0.00    0.00    3.00   28.00     0  brave
02:44:56        0     10294    0.00    1.00    0.00    0.00    1.00     0  kworker/u32:1-phy0
02:44:56     1000     12528    0.00    2.00    0.00    0.00    2.00     1  pidstat
02:44:56     1000     12531    0.00    1.00    0.00    0.00    1.00     1  sem

# Time        UID       PID    %usr %system  %guest   %wait    %CPU   CPU  Command
02:44:57        0       934    1.00    0.00    0.00    0.00    1.00     0  containerd
02:44:57     1000      3596    1.00    0.00    0.00    1.00    1.00     1  cinnamon
02:44:57     1000      5902    1.00    1.00    0.00    0.00    2.00     0  brave
02:44:57     1000      5942    3.00    2.00    0.00    0.00    5.00     0  brave
02:44:57     1000      6120    4.00    2.00    0.00    2.00    6.00     0  brave
02:44:57     1000      6344   12.00    2.00    0.00    2.00   14.00     0  brave
02:44:57        0      9838    0.00    1.00    0.00    0.00    1.00     0  kworker/0:1-events
02:44:57     1000     12528    2.00    1.00    0.00    0.00    3.00     1  pidstat

# Time        UID       PID    %usr %system  %guest   %wait    %CPU   CPU  Command
02:44:58        0        15    0.00    1.00    0.00    0.00    1.00     0  rcu_preempt
02:44:58        0       703    0.00    1.00    0.00    0.00    1.00     1  irq/63-rtw88_pci
02:44:58        0       968    1.00    0.00    0.00    0.00    1.00     0  Xorg
02:44:58     1000      5902    2.00    1.00    0.00    0.00    3.00     0  brave
02:44:58     1000      5942    2.00    1.00    0.00    0.00    3.00     1  brave
02:44:58     1000      6120    4.00    2.00    0.00    2.00    6.00     0  brave
02:44:58     1000      6344    6.00    1.00    0.00    2.00    7.00     0  brave
02:44:58     1000     12528    0.00    2.00    0.00    0.00    2.00     1  pidstat

# Time        UID       PID    %usr %system  %guest   %wait    %CPU   CPU  Command
02:44:59     1000      3596    1.00    0.00    0.00    0.00    1.00     1  cinnamon
02:44:59     1000      4636    1.00    0.00    0.00    0.00    1.00     0  jetbrains-toolb
02:44:59     1000      5902    1.00    1.00    0.00    0.00    2.00     0  brave
02:44:59     1000      5942    3.00    2.00    0.00    0.00    5.00     1  brave
02:44:59     1000      6120    6.00    2.00    0.00    2.00    8.00     0  brave
02:44:59     1000      6344    4.00    2.00    0.00    2.00    6.00     0  brave
02:44:59     1000     12528    1.00    2.00    0.00    0.00    3.00     1  pidstat

# Time        UID       PID    %usr %system  %guest   %wait    %CPU   CPU  Command
02:45:00      120       916    1.00    0.00    0.00    0.00    1.00     1  redis-server
02:45:00     1000      3947    1.00    0.00    0.00    0.00    1.00     0  blueman-tray
02:45:00     1000      4636    0.00    1.00    0.00    0.00    1.00     0  jetbrains-toolb
02:45:00     1000      5902    1.00    0.00    0.00    0.00    1.00     0  brave
02:45:00     1000      5942    2.00    1.00    0.00    0.00    3.00     1  brave
02:45:00     1000      5943    1.00    0.00    0.00    0.00    1.00     0  brave
02:45:00     1000      6097    1.00    0.00    0.00    0.00    1.00     0  brave
02:45:00     1000      6120    4.00    2.00    0.00    2.00    6.00     0  brave
02:45:00     1000      6344    4.00    2.00    0.00    2.00    6.00     0  brave
02:45:00     1000     12528    1.00    3.00    0.00    0.00    4.00     1  pidstat

# Time        UID       PID    %usr %system  %guest   %wait    %CPU   CPU  Command
02:45:01        0       703    0.00    1.00    0.00    0.00    1.00     1  irq/63-rtw88_pci
02:45:01     1000      3596    1.00    0.00    0.00    0.00    1.00     1  cinnamon
02:45:01     1000      5902    1.00    0.00    0.00    0.00    1.00     0  brave
02:45:01     1000      5942    1.00    2.00    0.00    0.00    3.00     1  brave
02:45:01     1000      6120    5.00    1.00    0.00    2.00    6.00     0  brave
02:45:01     1000      6319    1.00    0.00    0.00    0.00    1.00     1  brave
02:45:01     1000      6344    5.00    2.00    0.00    2.00    7.00     0  brave
02:45:01     1000      6626    1.00    0.00    0.00    0.00    1.00     1  brave
02:45:01     1000     12528    2.00    1.00    0.00    0.00    3.00     1  pidstat
02:45:01     1000     12531    0.00    1.00    0.00    0.00    1.00     1  sem

# Time        UID       PID    %usr %system  %guest   %wait    %CPU   CPU  Command
02:45:02        0       290    0.00    1.00    0.00    0.00    1.00     0  systemd-journal
02:45:02        0       849    1.00    0.00    0.00    0.00    1.00     1  preload
02:45:02      120       916    0.00    1.00    0.00    0.00    1.00     0  redis-server
02:45:02     1000      5902    1.00    1.00    0.00    0.00    2.00     1  brave
02:45:02     1000      5942    1.00    3.00    0.00    0.00    4.00     1  brave
02:45:02     1000      5943    1.00    0.00    0.00    0.00    1.00     0  brave
02:45:02     1000      6120    5.00    2.00    0.00    1.00    7.00     0  brave
02:45:02     1000      6344    4.00    2.00    0.00    2.00    6.00     0  brave
02:45:02     1000     12528    1.00    2.00    0.00    0.00    3.00     1  pidstat

# Time        UID       PID    %usr %system  %guest   %wait    %CPU   CPU  Command
02:45:03     1000      3596    1.00    1.00    0.00    0.00    2.00     0  cinnamon
02:45:03     1000      4636    0.00    1.00    0.00    0.00    1.00     0  jetbrains-toolb
02:45:03     1000      5902    1.00    0.00    0.00    0.00    1.00     1  brave
02:45:03     1000      5942    1.00    2.00    0.00    0.00    3.00     1  brave
02:45:03     1000      6120    5.00    1.00    0.00    2.00    6.00     1  brave
02:45:03     1000      6344    4.00    2.00    0.00    2.00    6.00     1  brave
02:45:03     1000      6626    6.00    1.00    0.00    0.00    7.00     0  brave
02:45:03     1000     12528    1.00    3.00    0.00    0.00    4.00     0  pidstat

# Time        UID       PID    %usr %system  %guest   %wait    %CPU   CPU  Command
02:45:04        0       703    0.00    1.00    0.00    0.00    1.00     1  irq/63-rtw88_pci
02:45:04     1000      4636    1.00    0.00    0.00    0.00    1.00     0  jetbrains-toolb
02:45:04     1000      5902    1.00    0.00    0.00    0.00    1.00     1  brave
02:45:04     1000      5942    1.00    2.00    0.00    0.00    3.00     1  brave
02:45:04     1000      5943    0.00    1.00    0.00    0.00    1.00     0  brave
02:45:04     1000      6021    1.00    0.00    0.00    0.00    1.00     0  brave
02:45:04     1000      6120    4.00    3.00    0.00    2.00    7.00     1  brave
02:45:04     1000      6344    5.00    2.00    0.00    2.00    7.00     1  brave
02:45:04     1000     12528    1.00    2.00    0.00    0.00    3.00     0  pidstat
