Linux 6.1.0-34-amd64 (debian) 	06/04/25 	_x86_64_	(2 CPU)

# Time        UID       PID    %usr %system  %guest   %wait    %CPU   CPU  Command
02:51:59        0       703    0.00    0.99    0.00    0.00    0.99     1  irq/63-rtw88_pci
02:51:59      120       916    0.99    0.00    0.00    0.00    0.99     0  redis-server
02:51:59        0       968    0.99    0.00    0.00    0.00    0.99     1  Xorg
02:51:59     1000      3303    1.98    0.99    0.00    0.99    2.97     0  ibus-daemon
02:51:59     1000      3596    1.98    0.00    0.00    1.98    1.98     0  cinnamon
02:51:59     1000      5902   16.83    2.97    0.00    3.96   19.80     0  brave
02:51:59     1000      5942    2.97    0.99    0.00    1.98    3.96     1  brave
02:51:59     1000      5943    4.95    1.98    0.00    0.00    6.93     1  brave
02:51:59     1000      6021    2.97    0.99    0.00    0.00    3.96     1  brave
02:51:59     1000      6097    2.97    0.99    0.00    0.00    3.96     1  brave
02:51:59     1000      6120   19.80    0.99    0.00    7.92   20.79     0  brave
02:51:59     1000     13012    0.99    0.99    0.00    0.00    1.98     1  brave
02:51:59     1000     13204    0.00    1.98    0.00    0.00    1.98     1  pidstat

# Time        UID       PID    %usr %system  %guest   %wait    %CPU   CPU  Command
02:52:00        0       231    0.00    1.00    0.00    0.00    1.00     0  jbd2/nvme0n1p2-8
02:52:00        0       968    1.00    0.00    0.00    0.00    1.00     0  Xorg
02:52:00     1000      3303    1.00    0.00    0.00    1.00    1.00     0  ibus-daemon
02:52:00     1000      3436    1.00    0.00    0.00    0.00    1.00     1  ibus-engine-sim
02:52:00     1000      3596    2.00    0.00    0.00    2.00    2.00     1  cinnamon
02:52:00     1000      3947    1.00    0.00    0.00    0.00    1.00     0  blueman-tray
02:52:00     1000      5902   14.00    3.00    0.00    3.00   17.00     0  brave
02:52:00     1000      5942    4.00    2.00    0.00    1.00    6.00     1  brave
02:52:00     1000      5943    4.00    3.00    0.00    0.00    7.00     1  brave
02:52:00     1000      6021    2.00    0.00    0.00    0.00    2.00     1  brave
02:52:00     1000      6097    2.00    1.00    0.00    1.00    3.00     1  brave
02:52:00     1000      6120   21.00    2.00    0.00    9.00   23.00     1  brave
02:52:00     1000     13204    2.00    1.00    0.00    2.00    3.00     0  pidstat

# Time        UID       PID    %usr %system  %guest   %wait    %CPU   CPU  Command
02:52:01        0       703    0.00    1.00    0.00    0.00    1.00     1  irq/63-rtw88_pci
02:52:01        0       968    1.00    1.00    0.00    0.00    2.00     1  Xorg
02:52:01     1000      3303    2.00    0.00    0.00    0.00    2.00     0  ibus-daemon
02:52:01     1000      3596    2.00    0.00    0.00    1.00    2.00     1  cinnamon
02:52:01     1000      5902   15.00    3.00    0.00    3.00   18.00     1  brave
02:52:01     1000      5942    5.00    0.00    0.00    1.00    5.00     1  brave
02:52:01     1000      5943    6.00    1.00    0.00    0.00    7.00     1  brave
02:52:01     1000      6021    1.00    0.00    0.00    0.00    1.00     1  brave
02:52:01     1000      6097    3.00    1.00    0.00    0.00    4.00     1  brave
02:52:01     1000      6120   23.00    2.00    0.00    9.00   25.00     1  brave
02:52:01     1000     13204    0.00    1.00    0.00    0.00    1.00     0  pidstat

# Time        UID       PID    %usr %system  %guest   %wait    %CPU   CPU  Command
02:52:02        0       849    1.00    0.00    0.00    0.00    1.00     1  preload
02:52:02        0       968    1.00    0.00    0.00    0.00    1.00     1  Xorg
02:52:02     1000      3303    1.00    0.00    0.00    1.00    1.00     1  ibus-daemon
02:52:02     1000      3436    1.00    0.00    0.00    0.00    1.00     1  ibus-engine-sim
02:52:02     1000      3596    2.00    1.00    0.00    2.00    3.00     0  cinnamon
02:52:02     1000      5902   19.00    2.00    0.00    2.00   21.00     0  brave
02:52:02     1000      5942    4.00    2.00    0.00    0.00    6.00     0  brave
02:52:02     1000      5943    7.00    3.00    0.00    0.00   10.00     1  brave
02:52:02     1000      6021    2.00    1.00    0.00    0.00    3.00     1  brave
02:52:02     1000      6097    2.00    2.00    0.00    1.00    4.00     1  brave
02:52:02     1000      6120   21.00    4.00    0.00    8.00   25.00     0  brave
02:52:02     1000      6150    1.00    0.00    0.00    1.00    1.00     0  alacritty
02:52:02        0     10294    0.00    1.00    0.00    0.00    1.00     1  kworker/u32:1+events_unbound
02:52:02        0     12895    0.00    1.00    0.00    0.00    1.00     1  kworker/u33:2-rtw_tx_wq
02:52:02     1000     13012    1.00    0.00    0.00    0.00    1.00     1  brave
02:52:02     1000     13204    1.00    1.00    0.00    0.00    2.00     1  pidstat

# Time        UID       PID    %usr %system  %guest   %wait    %CPU   CPU  Command
02:52:03        0       703    0.00    1.00    0.00    0.00    1.00     1  irq/63-rtw88_pci
02:52:03        0       968    0.00    2.00    0.00    0.00    2.00     1  Xorg
02:52:03     1000      3303    2.00    0.00    0.00    1.00    2.00     1  ibus-daemon
02:52:03     1000      3436    0.00    1.00    0.00    0.00    1.00     0  ibus-engine-sim
02:52:03     1000      3596    5.00    0.00    0.00    3.00    5.00     0  cinnamon
02:52:03     1000      5902   12.00    2.00    0.00    4.00   14.00     0  brave
02:52:03     1000      5942    4.00    1.00    0.00    1.00    5.00     1  brave
02:52:03     1000      5943    2.00    2.00    0.00    0.00    4.00     1  brave
02:52:03     1000      6021    2.00    0.00    0.00    0.00    2.00     1  brave
02:52:03     1000      6097    4.00    0.00    0.00    2.00    4.00     1  brave
02:52:03     1000      6120   23.00    2.00    0.00    7.00   25.00     1  brave
02:52:03     1000     13204    0.00    1.00    0.00    0.00    1.00     0  pidstat

# Time        UID       PID    %usr %system  %guest   %wait    %CPU   CPU  Command
02:52:04        0       968    1.00    1.00    0.00    0.00    2.00     1  Xorg
02:52:04     1000      3303    2.00    0.00    0.00    0.00    2.00     1  ibus-daemon
02:52:04     1000      3314    1.00    0.00    0.00    0.00    1.00     1  ibus-extension-
02:52:04     1000      3436    1.00    0.00    0.00    1.00    1.00     0  ibus-engine-sim
02:52:04     1000      3596    2.00    0.00    0.00    1.00    2.00     0  cinnamon
02:52:04     1000      5902    8.00    4.00    0.00    2.00   12.00     1  brave
02:52:04     1000      5942    5.00    0.00    0.00    1.00    5.00     0  brave
02:52:04     1000      5943    4.00    0.00    0.00    0.00    4.00     1  brave
02:52:04     1000      6097    4.00    1.00    0.00    2.00    5.00     0  brave
02:52:04     1000      6120   20.00    2.00    0.00    5.00   22.00     1  brave
02:52:04     1000     13204    0.00    1.00    0.00    1.00    1.00     0  pidstat

# Time        UID       PID    %usr %system  %guest   %wait    %CPU   CPU  Command
02:52:05        0        15    0.00    1.00    0.00    0.00    1.00     1  rcu_preempt
02:52:05        0       165    0.00    1.00    0.00    0.00    1.00     0  gfx
02:52:05        0       968    1.00    0.00    0.00    0.00    1.00     0  Xorg
02:52:05     1000      3303    0.00    1.00    0.00    1.00    1.00     1  ibus-daemon
02:52:05     1000      3596    1.00    0.00    0.00    2.00    1.00     1  cinnamon
02:52:05     1000      4636    1.00    0.00    0.00    0.00    1.00     0  jetbrains-toolb
02:52:05     1000      5902   14.00    5.00    0.00    2.00   19.00     1  brave
02:52:05     1000      5942    3.00    2.00    0.00    1.00    5.00     1  brave
02:52:05     1000      5943    7.00    2.00    0.00    0.00    9.00     1  brave
02:52:05     1000      6021    3.00    0.00    0.00    0.00    3.00     1  brave
02:52:05     1000      6097    2.00    1.00    0.00    0.00    3.00     0  brave
02:52:05     1000      6120   61.00    3.00    0.00   23.00   64.00     1  brave
02:52:05     1000     13012    1.00    0.00    0.00    0.00    1.00     1  brave
02:52:05     1000     13204    1.00    3.00    0.00    0.00    4.00     0  pidstat

# Time        UID       PID    %usr %system  %guest   %wait    %CPU   CPU  Command
02:52:06        0       703    0.00    1.00    0.00    0.00    1.00     1  irq/63-rtw88_pci
02:52:06     1000      3303    1.00    0.00    0.00    0.00    1.00     0  ibus-daemon
02:52:06     1000      3596    2.00    0.00    0.00    0.00    2.00     1  cinnamon
02:52:06     1000      5902    2.00    1.00    0.00    1.00    3.00     0  brave
02:52:06     1000      5942    3.00    1.00    0.00    0.00    4.00     1  brave
02:52:06     1000      6021    2.00    0.00    0.00    0.00    2.00     1  brave
02:52:06     1000      6097    5.00    0.00    0.00    1.00    5.00     0  brave
02:52:06     1000      6120    9.00    2.00    0.00    3.00   11.00     1  brave
02:52:06     1000      6150    0.00    1.00    0.00    0.00    1.00     0  alacritty
02:52:06     1000     13204    0.00    1.00    0.00    0.00    1.00     0  pidstat

# Time        UID       PID    %usr %system  %guest   %wait    %CPU   CPU  Command
02:52:07        0       968    1.00    1.00    0.00    0.00    2.00     1  Xorg
02:52:07     1000      3596    3.00    1.00    0.00    0.00    4.00     1  cinnamon
02:52:07     1000      4636    0.00    1.00    0.00    0.00    1.00     0  jetbrains-toolb
02:52:07     1000      5902    1.00    0.00    0.00    0.00    1.00     1  brave
02:52:07     1000      5942    4.00    4.00    0.00    2.00    8.00     0  brave
02:52:07     1000      6097    3.00    2.00    0.00    1.00    5.00     0  brave
02:52:07     1000      6120    7.00    1.00    0.00    2.00    8.00     1  brave
02:52:07     1000     13204    1.00    0.00    0.00    0.00    1.00     0  pidstat

# Time        UID       PID    %usr %system  %guest   %wait    %CPU   CPU  Command
02:52:08     1000      3303    1.00    0.00    0.00    0.00    1.00     1  ibus-daemon
02:52:08     1000      3596    2.00    0.00    0.00    2.00    2.00     1  cinnamon
02:52:08     1000      5902    7.00    2.00    0.00    2.00    9.00     0  brave
02:52:08     1000      5942    6.00    1.00    0.00    1.00    7.00     1  brave
02:52:08     1000      5943    3.00    1.00    0.00    0.00    4.00     1  brave
02:52:08     1000      6021    1.00    0.00    0.00    0.00    1.00     1  brave
02:52:08     1000      6097    4.00    1.00    0.00    1.00    5.00     1  brave
02:52:08     1000      6120   19.00    3.00    0.00    6.00   22.00     1  brave
02:52:08        0     10294    0.00    1.00    0.00    0.00    1.00     1  kworker/u32:1-events_unbound
02:52:08     1000     13204    1.00    3.00    0.00    3.00    4.00     1  pidstat

# Time        UID       PID    %usr %system  %guest   %wait    %CPU   CPU  Command
02:52:09        0       703    0.00    2.00    0.00    0.00    2.00     1  irq/63-rtw88_pci
02:52:09      120       916    1.00    0.00    0.00    0.00    1.00     0  redis-server
02:52:09        0       968    1.00    1.00    0.00    0.00    2.00     1  Xorg
02:52:09     1000      3303    2.00    0.00    0.00    1.00    2.00     0  ibus-daemon
02:52:09     1000      3436    1.00    0.00    0.00    0.00    1.00     1  ibus-engine-sim
02:52:09     1000      3596    2.00    0.00    0.00    1.00    2.00     0  cinnamon
02:52:09     1000      5902   15.00    2.00    0.00    4.00   17.00     1  brave
02:52:09     1000      5942    4.00    0.00    0.00    1.00    4.00     1  brave
02:52:09     1000      5943    5.00    3.00    0.00    0.00    8.00     1  brave
02:52:09     1000      6021    1.00    1.00    0.00    0.00    2.00     1  brave
02:52:09     1000      6097    3.00    1.00    0.00    1.00    4.00     1  brave
02:52:09     1000      6120   17.00    2.00    0.00    7.00   19.00     1  brave
02:52:09     1000      6418    1.00    0.00    0.00    0.00    1.00     1  brave
02:52:09     1000     13204    1.00    2.00    0.00    1.00    3.00     0  pidstat

# Time        UID       PID    %usr %system  %guest   %wait    %CPU   CPU  Command
02:52:10        0       703    0.00    1.00    0.00    0.00    1.00     1  irq/63-rtw88_pci
02:52:10        0       968    1.00    0.00    0.00    0.00    1.00     0  Xorg
02:52:10     1000      3303    1.00    0.00    0.00    1.00    1.00     0  ibus-daemon
02:52:10     1000      3313    0.00    1.00    0.00    0.00    1.00     1  ibus-ui-gtk3
02:52:10     1000      3596    2.00    0.00    0.00    2.00    2.00     1  cinnamon
02:52:10     1000      4636    0.00    1.00    0.00    0.00    1.00     0  jetbrains-toolb
02:52:10     1000      5902   15.00    5.00    0.00    4.00   20.00     1  brave
02:52:10     1000      5942    3.00    3.00    0.00    1.00    6.00     0  brave
02:52:10     1000      5943    6.00    2.00    0.00    0.00    8.00     1  brave
02:52:10     1000      6021    2.00    0.00    0.00    0.00    2.00     1  brave
02:52:10     1000      6097    2.00    1.00    0.00    0.00    3.00     1  brave
02:52:10     1000      6120   19.00    3.00    0.00    8.00   22.00     1  brave
02:52:10        0     12078    0.00    1.00    0.00    0.00    1.00     1  kworker/1:0-events

# Time        UID       PID    %usr %system  %guest   %wait    %CPU   CPU  Command
02:52:11        0       703    0.00    1.00    0.00    0.00    1.00     1  irq/63-rtw88_pci
02:52:11        0       968    0.00    1.00    0.00    0.00    1.00     1  Xorg
02:52:11     1000      3303    1.00    0.00    0.00    0.00    1.00     0  ibus-daemon
02:52:11     1000      3417    1.00    0.00    0.00    0.00    1.00     0  csd-keyboard
02:52:11     1000      3436    1.00    0.00    0.00    0.00    1.00     1  ibus-engine-sim
02:52:11     1000      3596    1.00    1.00    0.00    1.00    2.00     0  cinnamon
02:52:11     1000      5902   12.00    3.00    0.00    2.00   15.00     1  brave
02:52:11     1000      5942    2.00    2.00    0.00    0.00    4.00     0  brave
02:52:11     1000      5943    5.00    2.00    0.00    0.00    7.00     1  brave
02:52:11     1000      6021    0.00    2.00    0.00    0.00    2.00     1  brave
02:52:11     1000      6097    4.00    0.00    0.00    1.00    4.00     1  brave
02:52:11     1000      6120   16.00    3.00    0.00    5.00   19.00     1  brave
02:52:11     1000     13012    0.00    1.00    0.00    0.00    1.00     1  brave
02:52:11     1000     13204    2.00    2.00    0.00    0.00    4.00     0  pidstat

# Time        UID       PID    %usr %system  %guest   %wait    %CPU   CPU  Command
02:52:12        0       968    0.00    1.00    0.00    0.00    1.00     0  Xorg
02:52:12     1000      3303    2.00    1.00    0.00    1.00    3.00     1  ibus-daemon
02:52:12     1000      3436    1.00    1.00    0.00    0.00    2.00     0  ibus-engine-sim
02:52:12     1000      3596    1.00    1.00    0.00    3.00    2.00     0  cinnamon
02:52:12     1000      4636    1.00    0.00    0.00    0.00    1.00     0  jetbrains-toolb
02:52:12     1000      5902   13.00    3.00    0.00    3.00   16.00     1  brave
02:52:12     1000      5942    4.00    3.00    0.00    2.00    7.00     1  brave
02:52:12     1000      5943    3.00    2.00    0.00    0.00    5.00     1  brave
02:52:12     1000      6021    1.00    1.00    0.00    0.00    2.00     1  brave
02:52:12     1000      6097    4.00    1.00    0.00    1.00    5.00     1  brave
02:52:12     1000      6120   20.00    4.00    0.00    7.00   24.00     0  brave
02:52:12        0      9838    0.00    1.00    0.00    0.00    1.00     0  kworker/0:1-events
02:52:12     1000     13012    1.00    0.00    0.00    0.00    1.00     1  brave
02:52:12     1000     13204    1.00    1.00    0.00    2.00    2.00     1  pidstat

# Time        UID       PID    %usr %system  %guest   %wait    %CPU   CPU  Command
02:52:13        0       703    0.00    1.00    0.00    0.00    1.00     1  irq/63-rtw88_pci
02:52:13        0       968    1.00    1.00    0.00    0.00    2.00     1  Xorg
02:52:13     1000      3303    1.00    1.00    0.00    0.00    2.00     0  ibus-daemon
02:52:13     1000      3313    1.00    0.00    0.00    0.00    1.00     0  ibus-ui-gtk3
02:52:13     1000      3596    1.00    1.00    0.00    1.00    2.00     1  cinnamon
02:52:13     1000      5902   12.00    2.00    0.00    3.00   14.00     0  brave
02:52:13     1000      5942    2.00    2.00    0.00    1.00    4.00     0  brave
02:52:13     1000      5943    4.00    1.00    0.00    0.00    5.00     1  brave
02:52:13     1000      6021    1.00    1.00    0.00    0.00    2.00     1  brave
02:52:13     1000      6097    4.00    0.00    0.00    0.00    4.00     1  brave
02:52:13     1000      6120   48.00    4.00    0.00   18.00   52.00     1  brave
02:52:13     1000     13204    1.00    1.00    0.00    1.00    2.00     1  pidstat

# Time        UID       PID    %usr %system  %guest   %wait    %CPU   CPU  Command
02:52:14        0       968    1.00    0.00    0.00    0.00    1.00     1  Xorg
02:52:14     1000      3303    1.00    1.00    0.00    1.00    2.00     0  ibus-daemon
02:52:14     1000      3436    1.00    0.00    0.00    0.00    1.00     1  ibus-engine-sim
02:52:14     1000      3596    2.00    0.00    0.00    2.00    2.00     1  cinnamon
02:52:14     1000      5902   14.00    6.00    0.00    3.00   20.00     1  brave
02:52:14     1000      5942    4.00    2.00    0.00    1.00    6.00     1  brave
02:52:14     1000      5943    6.00    1.00    0.00    0.00    7.00     1  brave
02:52:14     1000      6021    5.00    0.00    0.00    0.00    5.00     1  brave
02:52:14     1000      6097    2.00    1.00    0.00    1.00    3.00     1  brave
02:52:14     1000      6120   39.00    1.00    0.00   12.00   40.00     1  brave
02:52:14     1000     13204    0.00    1.00    0.00    3.00    1.00     1  pidstat

# Time        UID       PID    %usr %system  %guest   %wait    %CPU   CPU  Command
02:52:15        0       165    0.00    1.00    0.00    0.00    1.00     0  gfx
02:52:15        0       703    0.00    1.00    0.00    0.00    1.00     1  irq/63-rtw88_pci
02:52:15      120       916    1.00    0.00    0.00    0.00    1.00     0  redis-server
02:52:15        0       968    1.00    1.00    0.00    1.00    2.00     0  Xorg
02:52:15     1000      3303    1.00    0.00    0.00    1.00    1.00     0  ibus-daemon
02:52:15     1000      3596    2.00    0.00    0.00    1.00    2.00     1  cinnamon
02:52:15     1000      5902   19.00    5.00    0.00    3.00   24.00     0  brave
02:52:15     1000      5942    3.00    1.00    0.00    1.00    4.00     1  brave
02:52:15     1000      5943    6.00    4.00    0.00    0.00   10.00     1  brave
02:52:15     1000      6021    2.00    1.00    0.00    0.00    3.00     1  brave
02:52:15     1000      6097    3.00    1.00    0.00    1.00    4.00     1  brave
02:52:15     1000      6120   19.00    3.00    0.00    8.00   22.00     1  brave
02:52:15        0     12895    0.00    1.00    0.00    0.00    1.00     1  kworker/u33:2-rtw_tx_wq
02:52:15     1000     13012    1.00    0.00    0.00    0.00    1.00     1  brave
02:52:15     1000     13204    1.00    1.00    0.00    0.00    2.00     1  pidstat

# Time        UID       PID    %usr %system  %guest   %wait    %CPU   CPU  Command
02:52:16        0        15    0.00    1.00    0.00    0.00    1.00     1  rcu_preempt
02:52:16        0       968    0.00    1.00    0.00    0.00    1.00     1  Xorg
02:52:16     1000      3303    2.00    0.00    0.00    1.00    2.00     0  ibus-daemon
02:52:16     1000      3314    1.00    0.00    0.00    0.00    1.00     1  ibus-extension-
02:52:16     1000      3436    1.00    0.00    0.00    0.00    1.00     1  ibus-engine-sim
02:52:16     1000      3596    1.00    1.00    0.00    3.00    2.00     1  cinnamon
02:52:16     1000      4636    0.00    1.00    0.00    0.00    1.00     0  jetbrains-toolb
02:52:16     1000      5902   13.00    5.00    0.00    2.00   18.00     1  brave
02:52:16     1000      5942    6.00    1.00    0.00    2.00    7.00     1  brave
02:52:16     1000      5943    5.00    2.00    0.00    0.00    7.00     1  brave
02:52:16     1000      6021    1.00    1.00    0.00    0.00    2.00     1  brave
02:52:16     1000      6097    3.00    0.00    0.00    1.00    3.00     1  brave
02:52:16     1000      6120   19.00    3.00    0.00    9.00   22.00     1  brave
02:52:16     1000      6626    1.00    0.00    0.00    0.00    1.00     0  brave
02:52:16     1000     13204    0.00    1.00    0.00    0.00    1.00     0  pidstat

# Time        UID       PID    %usr %system  %guest   %wait    %CPU   CPU  Command
02:52:17        0       703    0.00    1.00    0.00    0.00    1.00     1  irq/63-rtw88_pci
02:52:17        0       968    1.00    0.00    0.00    0.00    1.00     1  Xorg
02:52:17     1000      3303    1.00    1.00    0.00    0.00    2.00     0  ibus-daemon
02:52:17     1000      3596    2.00    0.00    0.00    0.00    2.00     0  cinnamon
02:52:17     1000      3673    1.00    0.00    0.00    0.00    1.00     0  nm-applet
02:52:17     1000      5902    9.00    4.00    0.00    2.00   13.00     1  brave
02:52:17     1000      5942    2.00    2.00    0.00    0.00    4.00     1  brave
02:52:17     1000      5943    3.00    2.00    0.00    0.00    5.00     1  brave
02:52:17     1000      6021    2.00    0.00    0.00    0.00    2.00     1  brave
02:52:17     1000      6097    4.00    1.00    0.00    1.00    5.00     0  brave
02:52:17     1000      6120   14.00    2.00    0.00    4.00   16.00     1  brave
02:52:17     1000      6987    1.00    0.00    0.00    0.00    1.00     1  brave
02:52:17        0     11701    0.00    1.00    0.00    0.00    1.00     0  kworker/u32:7-phy0
02:52:17     1000     13012    1.00    0.00    0.00    0.00    1.00     1  brave
02:52:17     1000     13204    2.00    2.00    0.00    0.00    4.00     0  pidstat
