Linux 6.1.0-34-amd64 (debian) 	06/04/25 	_x86_64_	(2 CPU)

# Time        UID       PID    %usr %system  %guest   %wait    %CPU   CPU  Command
02:37:32        0       165    0.00    0.99    0.00    0.00    0.99     0  gfx
02:37:32        0       703    0.00    0.99    0.00    0.00    0.99     1  irq/63-rtw88_pci
02:37:32        0       968    0.00    1.98    0.00    0.00    1.98     0  Xorg
02:37:32     1000      3303    0.00    0.99    0.00    0.00    0.99     1  ibus-daemon
02:37:32     1000      3589    0.99    0.00    0.00    0.00    0.99     1  xdg-desktop-por
02:37:32     1000      3596    1.98    0.99    0.00    0.99    2.97     1  cinnamon
02:37:32     1000      3663    0.99    0.00    0.00    0.00    0.99     1  gnome-software
02:37:32     1000      5902    1.98    1.98    0.00    0.99    3.96     0  brave
02:37:32     1000      5942    3.96    1.98    0.00    0.00    5.94     1  brave
02:37:32     1000      5943    1.98    0.00    0.00    0.00    1.98     1  brave
02:37:32     1000      6120    6.93    3.96    0.00    3.96   10.89     0  brave
02:37:32     1000      6344    2.97    1.98    0.00    0.99    4.95     1  brave
02:37:32     1000      6626    0.00    0.99    0.00    0.00    0.99     1  brave
02:37:32        0      9839    0.00    0.99    0.00    0.00    0.99     1  kworker/1:2-events
02:37:32        0     11698    0.00    0.99    0.00    0.00    0.99     0  kworker/u32:4-events_unbound
02:37:32     1000     11788    1.98    1.98    0.00    0.00    3.96     1  pidstat

# Time        UID       PID    %usr %system  %guest   %wait    %CPU   CPU  Command
02:37:33     1000      3303    2.00    0.00    0.00    1.00    2.00     0  ibus-daemon
02:37:33     1000      3314    1.00    0.00    0.00    0.00    1.00     1  ibus-extension-
02:37:33     1000      3410    1.00    0.00    0.00    1.00    1.00     1  csd-xsettings
02:37:33     1000      3430    1.00    0.00    0.00    0.00    1.00     0  csd-print-notif
02:37:33     1000      3436    1.00    0.00    0.00    0.00    1.00     1  ibus-engine-sim
02:37:33     1000      3596    1.00    0.00    0.00    2.00    1.00     1  cinnamon
02:37:33     1000      3947    0.00    1.00    0.00    0.00    1.00     0  blueman-tray
02:37:33     1000      4636    0.00    1.00    0.00    0.00    1.00     1  jetbrains-toolb
02:37:33     1000      5902    8.00    3.00    0.00    2.00   11.00     0  brave
02:37:33     1000      5942    5.00    1.00    0.00    4.00    6.00     1  brave
02:37:33     1000      5943    4.00    2.00    0.00    0.00    6.00     1  brave
02:37:33     1000      6021    1.00    0.00    0.00    0.00    1.00     1  brave
02:37:33     1000      6120   21.00    4.00    0.00    9.00   25.00     1  brave
02:37:33     1000      6344    6.00    0.00    0.00    3.00    6.00     0  brave
02:37:33     1000     11670    1.00    0.00    0.00    0.00    1.00     1  brave
02:37:33     1000     11788    0.00    1.00    0.00    0.00    1.00     0  pidstat

# Time        UID       PID    %usr %system  %guest   %wait    %CPU   CPU  Command
02:37:34        0       703    0.00    1.00    0.00    0.00    1.00     1  irq/63-rtw88_pci
02:37:34      120       916    0.00    1.00    0.00    0.00    1.00     0  redis-server
02:37:34        0       968    1.00    0.00    0.00    0.00    1.00     0  Xorg
02:37:34     1000      3303    1.00    0.00    0.00    0.00    1.00     0  ibus-daemon
02:37:34     1000      3313    1.00    0.00    0.00    0.00    1.00     1  ibus-ui-gtk3
02:37:34     1000      3596    0.00    1.00    0.00    1.00    1.00     0  cinnamon
02:37:34     1000      5902   12.00    3.00    0.00    4.00   15.00     1  brave
02:37:34     1000      5942    2.00    2.00    0.00    0.00    4.00     0  brave
02:37:34     1000      5943    2.00    2.00    0.00    0.00    4.00     1  brave
02:37:34     1000      6021    2.00    0.00    0.00    0.00    2.00     1  brave
02:37:34     1000      6120   21.00    3.00    0.00    6.00   24.00     0  brave
02:37:34     1000      6344    3.00    2.00    0.00    2.00    5.00     1  brave
02:37:34     1000     11788    1.00    2.00    0.00    0.00    3.00     1  pidstat

# Time        UID       PID    %usr %system  %guest   %wait    %CPU   CPU  Command
02:37:35        0       140    0.00    1.00    0.00    0.00    1.00     0  irq/30-ELAN0708:00
02:37:35        0       968    3.00    2.00    0.00    0.00    5.00     0  Xorg
02:37:35     1000      3596    3.00    0.00    0.00    1.00    3.00     1  cinnamon
02:37:35     1000      5902    4.00    0.00    0.00    0.00    4.00     0  brave
02:37:35     1000      5942    3.00    2.00    0.00    1.00    5.00     0  brave
02:37:35     1000      5943    1.00    0.00    0.00    0.00    1.00     1  brave
02:37:35     1000      6120   18.00    1.00    0.00    4.00   19.00     1  brave
02:37:35     1000      6150    1.00    1.00    0.00    0.00    2.00     1  alacritty
02:37:35     1000      6344    3.00    0.00    0.00    1.00    3.00     0  brave
02:37:35     1000     11788    0.00    1.00    0.00    1.00    1.00     0  pidstat

# Time        UID       PID    %usr %system  %guest   %wait    %CPU   CPU  Command
02:37:36        0        15    0.00    1.00    0.00    0.00    1.00     1  rcu_preempt
02:37:36        0       968    2.00    0.00    0.00    0.00    2.00     1  Xorg
02:37:36     1000      3170    0.00    1.00    0.00    0.00    1.00     1  kwalletd5
02:37:36     1000      3303    1.00    0.00    0.00    2.00    1.00     0  ibus-daemon
02:37:36     1000      3314    0.00    1.00    0.00    1.00    1.00     1  ibus-extension-
02:37:36     1000      3336    1.00    0.00    0.00    0.00    1.00     0  dbus-daemon
02:37:36     1000      3436    0.00    1.00    0.00    1.00    1.00     1  ibus-engine-sim
02:37:36     1000      3596    3.00    1.00    0.00    2.00    4.00     1  cinnamon
02:37:36     1000      4636    0.00    1.00    0.00    0.00    1.00     1  jetbrains-toolb
02:37:36     1000      5902    6.00    1.00    0.00    1.00    7.00     1  brave
02:37:36     1000      5942    5.00    0.00    0.00    1.00    5.00     1  brave
02:37:36     1000      5943    1.00    1.00    0.00    0.00    2.00     1  brave
02:37:36     1000      6021    0.00    1.00    0.00    0.00    1.00     1  brave
02:37:36     1000      6120   17.00    3.00    0.00    5.00   20.00     0  brave
02:37:36     1000      6344    4.00    1.00    0.00    2.00    5.00     0  brave
02:37:36     1000     11788    0.00    1.00    0.00    1.00    1.00     1  pidstat

# Time        UID       PID    %usr %system  %guest   %wait    %CPU   CPU  Command
02:37:37        0       703    0.00    1.00    0.00    0.00    1.00     1  irq/63-rtw88_pci
02:37:37        0       968    0.00    1.00    0.00    0.00    1.00     0  Xorg
02:37:37     1000      3303    1.00    0.00    0.00    1.00    1.00     1  ibus-daemon
02:37:37     1000      3596    2.00    0.00    0.00    1.00    2.00     1  cinnamon
02:37:37     1000      5902    8.00   20.00    0.00    3.00   28.00     0  brave
02:37:37     1000      5942    3.00    1.00    0.00    0.00    4.00     0  brave
02:37:37     1000      5943    2.00    0.00    0.00    0.00    2.00     1  brave
02:37:37     1000      6021    1.00    0.00    0.00    0.00    1.00     1  brave
02:37:37     1000      6120   15.00    3.00    0.00    6.00   18.00     0  brave
02:37:37     1000      6344    4.00    0.00    0.00    1.00    4.00     0  brave
02:37:37     1000      6987    1.00    0.00    0.00    0.00    1.00     0  brave
02:37:37     1000     11788    0.00    3.00    0.00    0.00    3.00     1  pidstat

# Time        UID       PID    %usr %system  %guest   %wait    %CPU   CPU  Command
02:37:38        0       140    0.00    1.00    0.00    0.00    1.00     0  irq/30-ELAN0708:00
02:37:38        0       968    4.00    1.00    0.00    0.00    5.00     0  Xorg
02:37:38     1000      3303    1.00    0.00    0.00    1.00    1.00     0  ibus-daemon
02:37:38     1000      3596    2.00    1.00    0.00    2.00    3.00     1  cinnamon
02:37:38     1000      4636    1.00    0.00    0.00    0.00    1.00     1  jetbrains-toolb
02:37:38     1000      5902    3.00    2.00    0.00    1.00    5.00     0  brave
02:37:38     1000      5942    3.00    1.00    0.00    1.00    4.00     0  brave
02:37:38     1000      6120   67.00    4.00    0.00   23.00   71.00     0  brave
02:37:38     1000      6344    2.00    2.00    0.00    1.00    4.00     1  brave
02:37:38        0      9838    0.00    1.00    0.00    0.00    1.00     0  kworker/0:1-events
02:37:38     1000     11788    1.00    2.00    0.00    0.00    3.00     1  pidstat

# Time        UID       PID    %usr %system  %guest   %wait    %CPU   CPU  Command
02:37:39        0       703    0.00    1.00    0.00    0.00    1.00     1  irq/63-rtw88_pci
02:37:39        0       813    0.00   10.00    0.00    0.00   10.00     1  snapd
02:37:39      120       916    0.00    1.00    0.00    0.00    1.00     1  redis-server
02:37:39        0       968    0.00    1.00    0.00    0.00    1.00     1  Xorg
02:37:39      114      1300    1.00    0.00    0.00    0.00    1.00     0  postgres
02:37:39     1000      3303    1.00    0.00    0.00    1.00    1.00     1  ibus-daemon
02:37:39     1000      3313    1.00    0.00    0.00    1.00    1.00     1  ibus-ui-gtk3
02:37:39     1000      3404    1.00    0.00    0.00    0.00    1.00     0  xdg-desktop-por
02:37:39     1000      3411    1.00    0.00    0.00    1.00    1.00     1  csd-screensaver
02:37:39     1000      3417    1.00    0.00    0.00    2.00    1.00     1  csd-keyboard
02:37:39     1000      3596    2.00    1.00    0.00    4.00    3.00     0  cinnamon
02:37:39     1000      5902    5.00    2.00    0.00    1.00    7.00     1  brave
02:37:39     1000      5942    5.00    1.00    0.00    1.00    6.00     0  brave
02:37:39     1000      5943    2.00    0.00    0.00    0.00    2.00     1  brave
02:37:39     1000      6021    0.00    1.00    0.00    0.00    1.00     1  brave
02:37:39     1000      6120   14.00    4.00    0.00    6.00   18.00     0  brave
02:37:39     1000      6344    4.00    1.00    0.00    3.00    5.00     0  brave
02:37:39     1000     11788    1.00    3.00    0.00    0.00    4.00     1  pidstat

# Time        UID       PID    %usr %system  %guest   %wait    %CPU   CPU  Command
02:37:40        0       934    1.00    0.00    0.00    0.00    1.00     0  containerd
02:37:40        0       968    0.00    1.00    0.00    0.00    1.00     1  Xorg
02:37:40     1000      3278    1.00    0.00    0.00    0.00    1.00     0  tracker-miner-f
02:37:40     1000      3303    1.00    1.00    0.00    0.00    2.00     1  ibus-daemon
02:37:40     1000      3436    1.00    0.00    0.00    0.00    1.00     0  ibus-engine-sim
02:37:40     1000      3596    1.00    0.00    0.00    1.00    1.00     0  cinnamon
02:37:40     1000      3673    1.00    0.00    0.00    0.00    1.00     1  nm-applet
02:37:40     1000      5902    6.00    1.00    0.00    1.00    7.00     0  brave
02:37:40     1000      5942    2.00    2.00    0.00    0.00    4.00     1  brave
02:37:40     1000      5943    2.00    0.00    0.00    0.00    2.00     1  brave
02:37:40     1000      6120   13.00    2.00    0.00    3.00   15.00     1  brave
02:37:40     1000      6344    4.00    1.00    0.00    1.00    5.00     0  brave
02:37:40     1000     11788    1.00    0.00    0.00    0.00    1.00     1  pidstat

# Time        UID       PID    %usr %system  %guest   %wait    %CPU   CPU  Command
02:37:41      101       804    1.00    0.00    0.00    0.00    1.00     1  dbus-daemon
02:37:41        0       968    0.00    1.00    0.00    1.00    1.00     0  Xorg
02:37:41     1000      3398    1.00    0.00    0.00    0.00    1.00     1  csd-media-keys
02:37:41     1000      3596    1.00    1.00    0.00    1.00    2.00     1  cinnamon
02:37:41     1000      4636    1.00    0.00    0.00    0.00    1.00     0  jetbrains-toolb
02:37:41     1000      5902    4.00    0.00    0.00    1.00    4.00     0  brave
02:37:41     1000      5942    4.00    2.00    0.00    1.00    6.00     1  brave
02:37:41     1000      5943    0.00    1.00    0.00    0.00    1.00     1  brave
02:37:41     1000      6021    1.00    0.00    0.00    0.00    1.00     1  brave
02:37:41     1000      6120   12.00    2.00    0.00    3.00   14.00     0  brave
02:37:41     1000      6344    2.00    2.00    0.00    2.00    4.00     0  brave
02:37:41     1000     11483    1.00    0.00    0.00    1.00    1.00     1  nemo
02:37:41     1000     11670    1.00    0.00    0.00    0.00    1.00     1  brave
02:37:41        0     11698    0.00    1.00    0.00    0.00    1.00     0  kworker/u32:4-phy0
02:37:41     1000     11788    1.00    3.00    0.00    1.00    4.00     1  pidstat

# Time        UID       PID    %usr %system  %guest   %wait    %CPU   CPU  Command
02:37:42        0       703    0.00    1.00    0.00    0.00    1.00     1  irq/63-rtw88_pci
02:37:42      120       916    1.00    0.00    0.00    0.00    1.00     0  redis-server
02:37:42        0       968    1.00    0.00    0.00    0.00    1.00     1  Xorg
02:37:42     1000      3303    1.00    0.00    0.00    0.00    1.00     1  ibus-daemon
02:37:42     1000      3596    1.00    0.00    0.00    2.00    1.00     0  cinnamon
02:37:42     1000      4636    0.00    1.00    0.00    0.00    1.00     0  jetbrains-toolb
02:37:42     1000      5902    5.00    0.00    0.00    1.00    5.00     0  brave
02:37:42     1000      5942    3.00    1.00    0.00    1.00    4.00     0  brave
02:37:42     1000      5943    1.00    0.00    0.00    0.00    1.00     1  brave
02:37:42     1000      6120   11.00    1.00    0.00    4.00   12.00     0  brave
02:37:42     1000      6344    4.00    2.00    0.00    1.00    6.00     0  brave
02:37:42     1000     11788    0.00    3.00    0.00    0.00    3.00     1  pidstat

# Time        UID       PID    %usr %system  %guest   %wait    %CPU   CPU  Command
02:37:43        0       165    0.00    1.00    0.00    0.00    1.00     1  gfx
02:37:43        0       968    0.00    1.00    0.00    0.00    1.00     1  Xorg
02:37:43     1000      3596    3.00    1.00    0.00    1.00    4.00     0  cinnamon
02:37:43     1000      5902    0.00    1.00    0.00    0.00    1.00     0  brave
02:37:43     1000      5942    4.00    4.00    0.00    1.00    8.00     0  brave
02:37:43     1000      6120    6.00    2.00    0.00    1.00    8.00     0  brave
02:37:43     1000      6344    6.00    0.00    0.00    2.00    6.00     1  brave
02:37:43     1000     11788    1.00    1.00    0.00    0.00    2.00     1  pidstat

# Time        UID       PID    %usr %system  %guest   %wait    %CPU   CPU  Command
02:37:44        0       968    1.00    0.00    0.00    0.00    1.00     1  Xorg
02:37:44     1000      3596    3.00    1.00    0.00    0.00    4.00     0  cinnamon
02:37:44     1000      5942    6.00    2.00    0.00    2.00    8.00     0  brave
02:37:44     1000      5943    1.00    1.00    0.00    0.00    2.00     1  brave
02:37:44     1000      6120    8.00    1.00    0.00    2.00    9.00     1  brave
02:37:44     1000      6344    4.00    2.00    0.00    1.00    6.00     1  brave
02:37:44     1000     11788    0.00    1.00    0.00    0.00    1.00     1  pidstat

# Time        UID       PID    %usr %system  %guest   %wait    %CPU   CPU  Command
02:37:45        0       968    0.00    1.00    0.00    0.00    1.00     0  Xorg
02:37:45     1000      3596    5.00    0.00    0.00    1.00    5.00     0  cinnamon
02:37:45     1000      5902    2.00    0.00    0.00    0.00    2.00     0  brave
02:37:45     1000      5942    4.00    3.00    0.00    2.00    7.00     1  brave
02:37:45     1000      6120    9.00    1.00    0.00    2.00   10.00     1  brave
02:37:45     1000      6344    3.00    2.00    0.00    1.00    5.00     1  brave
02:37:45        0     11698    0.00    1.00    0.00    0.00    1.00     1  kworker/u32:4+events_unbound
02:37:45     1000     11788    0.00    2.00    0.00    1.00    2.00     0  pidstat

# Time        UID       PID    %usr %system  %guest   %wait    %CPU   CPU  Command
02:37:46        0       231    0.00    0.99    0.00    0.00    0.99     1  jbd2/nvme0n1p2-8
02:37:46        0       703    0.00    0.99    0.00    0.00    0.99     1  irq/63-rtw88_pci
02:37:46        0       968    1.98    0.00    0.00    0.00    1.98     0  Xorg
02:37:46     1000      3303    0.99    0.00    0.00    0.00    0.99     1  ibus-daemon
02:37:46     1000      3436    0.00    0.99    0.00    0.00    0.99     0  ibus-engine-sim
02:37:46     1000      3557    0.99    0.00    0.00    0.00    0.99     1  xdg-desktop-por
02:37:46     1000      3596    2.97    0.00    0.00    1.98    2.97     0  cinnamon
02:37:46     1000      3947    0.00    0.99    0.00    0.00    0.99     1  blueman-tray
02:37:46     1000      4636    0.00    0.99    0.00    0.99    0.99     1  jetbrains-toolb
02:37:46     1000      5902   11.88    0.99    0.00    1.98   12.87     1  brave
02:37:46     1000      5942    3.96    2.97    0.00    0.99    6.93     1  brave
02:37:46     1000      5943    2.97    0.99    0.00    0.00    3.96     1  brave
02:37:46     1000      6021    0.99    0.00    0.00    0.00    0.99     1  brave
02:37:46     1000      6120   22.77    2.97    0.00    5.94   25.74     1  brave
02:37:46     1000      6344    3.96    0.99    0.00    0.99    4.95     1  brave
02:37:46     1000      6418    0.00    0.99    0.00    0.00    0.99     0  brave
02:37:46     1000      6626    0.99    0.00    0.00    0.00    0.99     0  brave
02:37:46     1000     11788    0.00    0.99    0.00    0.00    0.99     0  pidstat

# Time        UID       PID    %usr %system  %guest   %wait    %CPU   CPU  Command
02:37:47        0        15    0.00    1.00    0.00    0.00    1.00     1  rcu_preempt
02:37:47        0       968    0.00    1.00    0.00    0.00    1.00     0  Xorg
02:37:47     1000      3303    1.00    0.00    0.00    0.00    1.00     0  ibus-daemon
02:37:47     1000      3596    1.00    0.00    0.00    1.00    1.00     1  cinnamon
02:37:47     1000      5902    9.00    3.00    0.00    2.00   12.00     1  brave
02:37:47     1000      5942    2.00    2.00    0.00    0.00    4.00     1  brave
02:37:47     1000      5943    3.00    1.00    0.00    0.00    4.00     1  brave
02:37:47     1000      6021    2.00    0.00    0.00    0.00    2.00     1  brave
02:37:47     1000      6120   12.00    1.00    0.00    3.00   13.00     1  brave
02:37:47     1000      6344    5.00    1.00    0.00    0.00    6.00     1  brave
02:37:47        0      9839    0.00    1.00    0.00    0.00    1.00     1  kworker/1:2-events
02:37:47        0     10333    0.00    1.00    0.00    0.00    1.00     1  kworker/u33:0-rtw_tx_wq
02:37:47     1000     11788    1.00    3.00    0.00    0.00    4.00     0  pidstat
02:37:47     1000     11791    0.00    1.00    0.00    0.00    1.00     1  mutex-cond

# Time        UID       PID    %usr %system  %guest   %wait    %CPU   CPU  Command
02:37:48        0       703    0.00    1.00    0.00    0.00    1.00     1  irq/63-rtw88_pci
02:37:48      120       916    0.00    1.00    0.00    0.00    1.00     1  redis-server
02:37:48        0       968    1.00    0.00    0.00    0.00    1.00     1  Xorg
02:37:48     1000      3303    1.00    1.00    0.00    1.00    2.00     1  ibus-daemon
02:37:48     1000      3436    1.00    0.00    0.00    0.00    1.00     1  ibus-engine-sim
02:37:48     1000      3596    2.00    1.00    0.00    0.00    3.00     1  cinnamon
02:37:48     1000      5902   11.00    4.00    0.00    2.00   15.00     0  brave
02:37:48     1000      5942    5.00    1.00    0.00    2.00    6.00     1  brave
02:37:48     1000      5943    6.00    1.00    0.00    0.00    7.00     1  brave
02:37:48     1000      6021    1.00    1.00    0.00    0.00    2.00     1  brave
02:37:48     1000      6120   27.00    2.00    0.00    7.00   29.00     1  brave
02:37:48     1000      6344    1.00    3.00    0.00    1.00    4.00     1  brave
02:37:48     1000     11788    0.00    1.00    0.00    1.00    1.00     0  pidstat

# Time        UID       PID    %usr %system  %guest   %wait    %CPU   CPU  Command
02:37:49        0       968    2.00    0.00    0.00    0.00    2.00     1  Xorg
02:37:49     1000      3303    2.00    0.00    0.00    1.00    2.00     1  ibus-daemon
02:37:49     1000      3313    0.00    1.00    0.00    0.00    1.00     0  ibus-ui-gtk3
02:37:49     1000      3596    2.00    0.00    0.00    4.00    2.00     1  cinnamon
02:37:49     1000      4636    1.00    0.00    0.00    0.00    1.00     1  jetbrains-toolb
02:37:49     1000      5902   14.00    7.00    0.00    4.00   21.00     1  brave
02:37:49     1000      5942    5.00    0.00    0.00    1.00    5.00     1  brave
02:37:49     1000      5943    7.00    2.00    0.00    0.00    9.00     0  brave
02:37:49     1000      6021    1.00    1.00    0.00    0.00    2.00     1  brave
02:37:49     1000      6120   26.00    3.00    0.00    7.00   29.00     1  brave
02:37:49     1000      6150    0.00    1.00    0.00    1.00    1.00     0  alacritty
02:37:49     1000      6344    2.00    1.00    0.00    1.00    3.00     0  brave
02:37:49     1000     11670    1.00    0.00    0.00    0.00    1.00     1  brave
02:37:49     1000     11788    1.00    1.00    0.00    1.00    2.00     0  pidstat

# Time        UID       PID    %usr %system  %guest   %wait    %CPU   CPU  Command
02:37:50        0       165    0.00    1.00    0.00    0.00    1.00     0  gfx
02:37:50        0       703    0.00    1.00    0.00    0.00    1.00     1  irq/63-rtw88_pci
02:37:50        0       968    1.00    1.00    0.00    0.00    2.00     1  Xorg
02:37:50     1000      3303    2.00    0.00    0.00    1.00    2.00     0  ibus-daemon
02:37:50     1000      3436    1.00    0.00    0.00    1.00    1.00     1  ibus-engine-sim
02:37:50     1000      3596    2.00    1.00    0.00    1.00    3.00     1  cinnamon
02:37:50     1000      5902   16.00    6.00    0.00    3.00   22.00     0  brave
02:37:50     1000      5942    5.00    2.00    0.00    2.00    7.00     1  brave
02:37:50     1000      5943    6.00    2.00    0.00    0.00    8.00     0  brave
02:37:50     1000      6021    2.00    2.00    0.00    0.00    4.00     1  brave
02:37:50     1000      6120   26.00    2.00    0.00    9.00   28.00     1  brave
02:37:50     1000      6150    1.00    0.00    0.00    1.00    1.00     0  alacritty
02:37:50     1000      6344    3.00    1.00    0.00    1.00    4.00     0  brave
02:37:50     1000     11670    1.00    0.00    0.00    0.00    1.00     1  brave
02:37:50        0     11698    0.00    1.00    0.00    0.00    1.00     1  kworker/u32:4+events_unbound
02:37:50     1000     11788    1.00    0.00    0.00    0.00    1.00     0  pidstat
