Linux 6.1.0-34-amd64 (debian) 	06/04/25 	_x86_64_	(2 CPU)

# Time        UID       PID    %usr %system  %guest   %wait    %CPU   CPU  Command
02:46:29        0       968    0.00    1.94    0.00    0.00    1.94     1  Xorg
02:46:29     1000      3303    0.97    0.97    0.00    0.00    1.94     1  ibus-daemon
02:46:29     1000      3436    0.97    0.00    0.00    0.00    0.97     1  ibus-engine-sim
02:46:29     1000      3596    3.88    0.00    0.00    3.88    3.88     0  cinnamon
02:46:29     1000      5902    0.97    1.94    0.00    0.00    2.91     0  brave
02:46:29     1000      5942    4.85    0.00    0.00    1.94    4.85     1  brave
02:46:29     1000      6120    5.83    0.00    0.00    0.97    5.83     1  brave
02:46:29     1000      6150    0.00    0.97    0.00    0.97    0.97     0  alacritty
02:46:29     1000      6344   33.98    4.85    0.00    3.88   38.83     0  brave
02:46:29        0     10294    0.00    0.97    0.00    0.97    0.97     0  kworker/u32:1-events_unbound
02:46:29        0     10333    0.00    0.97    0.00    0.00    0.97     1  kworker/u33:0-rtw_tx_wq
02:46:29     1000     12665    0.00    0.97    0.00    0.00    0.97     0  pidstat

# Time        UID       PID    %usr %system  %guest   %wait    %CPU   CPU  Command
02:46:30        0       703    0.00    1.00    0.00    0.00    1.00     1  irq/63-rtw88_pci
02:46:30      120       916    0.00    1.00    0.00    0.00    1.00     1  redis-server
02:46:30        0       968    2.00    0.00    0.00    0.00    2.00     0  Xorg
02:46:30     1000      3303    1.00    0.00    0.00    1.00    1.00     1  ibus-daemon
02:46:30     1000      3596    2.00    1.00    0.00    4.00    3.00     0  cinnamon
02:46:30     1000      4636    1.00    0.00    0.00    0.00    1.00     0  jetbrains-toolb
02:46:30     1000      5902    4.00    2.00    0.00    1.00    6.00     1  brave
02:46:30     1000      5942    3.00    2.00    0.00    1.00    5.00     1  brave
02:46:30     1000      6120    4.00    1.00    0.00    2.00    5.00     0  brave
02:46:30     1000      6344   59.00    3.00    0.00    4.00   62.00     1  brave
02:46:30     1000     12665    2.00    2.00    0.00    1.00    4.00     0  pidstat

# Time        UID       PID    %usr %system  %guest   %wait    %CPU   CPU  Command
02:46:31        0       165    0.00    1.00    0.00    0.00    1.00     0  gfx
02:46:31        0       968    1.00    1.00    0.00    0.00    2.00     0  Xorg
02:46:31     1000      3303    2.00    1.00    0.00    0.00    3.00     0  ibus-daemon
02:46:31     1000      3436    1.00    0.00    0.00    0.00    1.00     1  ibus-engine-sim
02:46:31     1000      3596    1.00    1.00    0.00    3.00    2.00     1  cinnamon
02:46:31     1000      5902    6.00    2.00    0.00    1.00    8.00     0  brave
02:46:31     1000      5942    4.00    1.00    0.00    1.00    5.00     1  brave
02:46:31     1000      6120    4.00    1.00    0.00    1.00    5.00     1  brave
02:46:31     1000      6344   60.00    2.00    0.00    5.00   62.00     1  brave
02:46:31     1000     12665    0.00    1.00    0.00    0.00    1.00     0  pidstat

# Time        UID       PID    %usr %system  %guest   %wait    %CPU   CPU  Command
02:46:32        0       968    0.00    1.00    0.00    1.00    1.00     1  Xorg
02:46:32     1000      3303    1.00    1.00    0.00    1.00    2.00     0  ibus-daemon
02:46:32     1000      3314    1.00    0.00    0.00    0.00    1.00     0  ibus-extension-
02:46:32     1000      3436    1.00    0.00    0.00    0.00    1.00     0  ibus-engine-sim
02:46:32     1000      3596    3.00    0.00    0.00    5.00    3.00     0  cinnamon
02:46:32     1000      5902    7.00    0.00    0.00    1.00    7.00     1  brave
02:46:32     1000      5942    2.00    2.00    0.00    2.00    4.00     0  brave
02:46:32     1000      5943    1.00    0.00    0.00    0.00    1.00     0  brave
02:46:32     1000      6120    4.00    1.00    0.00    3.00    5.00     1  brave
02:46:32     1000      6344   65.00    4.00    0.00    6.00   69.00     1  brave
02:46:32     1000     12665    1.00    0.00    0.00    0.00    1.00     0  pidstat

# Time        UID       PID    %usr %system  %guest   %wait    %CPU   CPU  Command
02:46:33        0       703    0.00    1.00    0.00    0.00    1.00     1  irq/63-rtw88_pci
02:46:33      120       916    1.00    0.00    0.00    0.00    1.00     1  redis-server
02:46:33        0       968    1.00    0.00    0.00    0.00    1.00     0  Xorg
02:46:33     1000      3303    2.00    0.00    0.00    1.00    2.00     1  ibus-daemon
02:46:33     1000      3313    1.00    0.00    0.00    0.00    1.00     0  ibus-ui-gtk3
02:46:33     1000      3436    1.00    0.00    0.00    0.00    1.00     1  ibus-engine-sim
02:46:33     1000      3596    3.00    0.00    0.00    3.00    3.00     1  cinnamon
02:46:33     1000      5902    4.00    2.00    0.00    1.00    6.00     1  brave
02:46:33     1000      5942    2.00    2.00    0.00    1.00    4.00     1  brave
02:46:33     1000      6120    3.00    2.00    0.00    0.00    5.00     0  brave
02:46:33     1000      6344   58.00    1.00    0.00    4.00   59.00     1  brave
02:46:33     1000      6626    1.00    0.00    0.00    0.00    1.00     1  brave
02:46:33        0     10294    0.00    1.00    0.00    0.00    1.00     0  kworker/u32:1-phy0
02:46:33     1000     12665    1.00    3.00    0.00    0.00    4.00     0  pidstat

# Time        UID       PID    %usr %system  %guest   %wait    %CPU   CPU  Command
02:46:34        0       968    1.00    1.00    0.00    0.00    2.00     1  Xorg
02:46:34     1000      3303    2.00    0.00    0.00    0.00    2.00     1  ibus-daemon
02:46:34     1000      3313    0.00    1.00    0.00    0.00    1.00     1  ibus-ui-gtk3
02:46:34     1000      3596    2.00    0.00    0.00    3.00    2.00     1  cinnamon
02:46:34     1000      5902    5.00    0.00    0.00    2.00    5.00     1  brave
02:46:34     1000      5942    5.00    1.00    0.00    1.00    6.00     1  brave
02:46:34     1000      5943    0.00    1.00    0.00    0.00    1.00     1  brave
02:46:34     1000      6120    4.00    0.00    0.00    2.00    4.00     1  brave
02:46:34     1000      6344   56.00    1.00    0.00    5.00   57.00     0  brave
02:46:34     1000     12665    0.00    1.00    0.00    0.00    1.00     0  pidstat

# Time        UID       PID    %usr %system  %guest   %wait    %CPU   CPU  Command
02:46:35        0       968    1.00    1.00    0.00    0.00    2.00     1  Xorg
02:46:35     1000      3303    1.00    0.00    0.00    1.00    1.00     0  ibus-daemon
02:46:35     1000      3436    1.00    0.00    0.00    1.00    1.00     1  ibus-engine-sim
02:46:35     1000      3596    3.00    0.00    0.00    8.00    3.00     1  cinnamon
02:46:35     1000      4636    1.00    0.00    0.00    0.00    1.00     0  jetbrains-toolb
02:46:35     1000      5902    5.00    1.00    0.00    1.00    6.00     1  brave
02:46:35     1000      5942    2.00    3.00    0.00    2.00    5.00     1  brave
02:46:35     1000      6120    5.00    1.00    0.00    6.00    6.00     0  brave
02:46:35     1000      6344   99.00    3.00    0.00   20.00  102.00     1  brave
02:46:35     1000      6626    4.00    0.00    0.00    4.00    4.00     1  brave
02:46:35        0      9838    0.00    1.00    0.00    0.00    1.00     0  kworker/0:1-events
02:46:35        0     12078    0.00    1.00    0.00    0.00    1.00     1  kworker/1:0-events
02:46:35     1000     12665    0.00    3.00    0.00    0.00    3.00     0  pidstat
02:46:35     1000     12668    0.00    1.00    0.00    0.00    1.00     1  sem

# Time        UID       PID    %usr %system  %guest   %wait    %CPU   CPU  Command
02:46:36        0       703    0.00    1.00    0.00    0.00    1.00     1  irq/63-rtw88_pci
02:46:36        0       968    1.00    1.00    0.00    0.00    2.00     1  Xorg
02:46:36     1000      3303    2.00    0.00    0.00    1.00    2.00     0  ibus-daemon
02:46:36     1000      3596    3.00    1.00    0.00    3.00    4.00     1  cinnamon
02:46:36     1000      5902    5.00    2.00    0.00    1.00    7.00     1  brave
02:46:36     1000      5942    3.00    2.00    0.00    1.00    5.00     1  brave
02:46:36     1000      6120    3.00    2.00    0.00    2.00    5.00     1  brave
02:46:36     1000      6344   51.00    3.00    0.00    5.00   54.00     0  brave
02:46:36        0     12399    0.00    1.00    0.00    1.00    1.00     1  kworker/u32:0-events_unbound
02:46:36     1000     12665    1.00    1.00    0.00    0.00    2.00     1  pidstat

# Time        UID       PID    %usr %system  %guest   %wait    %CPU   CPU  Command
02:46:37        0        15    0.00    1.00    0.00    0.00    1.00     1  rcu_preempt
02:46:37      120       916    0.00    1.00    0.00    0.00    1.00     0  redis-server
02:46:37        0       968    1.00    0.00    0.00    0.00    1.00     0  Xorg
02:46:37     1000      3303    1.00    1.00    0.00    0.00    2.00     1  ibus-daemon
02:46:37     1000      3436    1.00    0.00    0.00    0.00    1.00     1  ibus-engine-sim
02:46:37     1000      3596    1.00    1.00    0.00    4.00    2.00     0  cinnamon
02:46:37     1000      5902    6.00   30.00    0.00    3.00   36.00     1  brave
02:46:37     1000      5942    2.00    2.00    0.00    1.00    4.00     1  brave
02:46:37     1000      6120    5.00    0.00    0.00    1.00    5.00     1  brave
02:46:37     1000      6344   60.00    2.00    0.00    8.00   62.00     1  brave
02:46:37     1000     12665    1.00    0.00    0.00    1.00    1.00     1  pidstat

# Time        UID       PID    %usr %system  %guest   %wait    %CPU   CPU  Command
02:46:38        0       165    0.00    1.00    0.00    0.00    1.00     0  gfx
02:46:38        0       968    1.00    2.00    0.00    0.00    3.00     1  Xorg
02:46:38     1000      3303    0.00    1.00    0.00    1.00    1.00     1  ibus-daemon
02:46:38     1000      3596    6.00    0.00    0.00    5.00    6.00     0  cinnamon
02:46:38     1000      4636    1.00    0.00    0.00    0.00    1.00     0  jetbrains-toolb
02:46:38     1000      5902    7.00   21.00    0.00    1.00   28.00     1  brave
02:46:38     1000      5942    9.00    3.00    0.00    5.00   12.00     1  brave
02:46:38     1000      5943    1.00    2.00    0.00    0.00    3.00     1  brave
02:46:38     1000      6021    1.00    0.00    0.00    0.00    1.00     0  brave
02:46:38     1000      6120    3.00    1.00    0.00    1.00    4.00     1  brave
02:46:38     1000      6344   57.00    5.00    0.00   14.00   62.00     0  brave
02:46:38     1000     12665    0.00    1.00    0.00    1.00    1.00     1  pidstat

# Time        UID       PID    %usr %system  %guest   %wait    %CPU   CPU  Command
02:46:39        0       703    0.00    1.00    0.00    0.00    1.00     1  irq/63-rtw88_pci
02:46:39        0       968    2.00    1.00    0.00    1.00    3.00     1  Xorg
02:46:39     1000      3596    9.00    3.00    0.00    7.00   12.00     1  cinnamon
02:46:39     1000      5902    1.00    1.00    0.00    0.00    2.00     1  brave
02:46:39     1000      5942    9.00    3.00    0.00    7.00   12.00     1  brave
02:46:39     1000      6120    3.00    1.00    0.00    1.00    4.00     1  brave
02:46:39     1000      6344   80.00    3.00    0.00   17.00   83.00     0  brave
02:46:39        0     11701    0.00    1.00    0.00    1.00    1.00     0  kworker/u32:7+events_unbound
02:46:39     1000     12665    1.00    1.00    0.00    0.00    2.00     1  pidstat

# Time        UID       PID    %usr %system  %guest   %wait    %CPU   CPU  Command
02:46:40        0       165    0.00    1.00    0.00    0.00    1.00     0  gfx
02:46:40        0       968    3.00    2.00    0.00    0.00    5.00     0  Xorg
02:46:40     1000      3596   11.00    0.00    0.00   10.00   11.00     0  cinnamon
02:46:40     1000      5942   12.00    3.00    0.00   10.00   15.00     0  brave
02:46:40     1000      5943    1.00    0.00    0.00    0.00    1.00     1  brave
02:46:40     1000      6120    3.00    1.00    0.00    0.00    4.00     1  brave
02:46:40     1000      6344  104.00    4.00    0.00   18.00  108.00     0  brave
02:46:40        0     11701    0.00    1.00    0.00    0.00    1.00     1  kworker/u32:7+events_unbound
02:46:40     1000     12665    1.00    1.00    0.00    1.00    2.00     1  pidstat
02:46:40     1000     12668    0.00    1.00    0.00    0.00    1.00     1  sem

# Time        UID       PID    %usr %system  %guest   %wait    %CPU   CPU  Command
02:46:41        0       165    0.00    1.00    0.00    0.00    1.00     0  gfx
02:46:41        0       968    3.00    2.00    0.00    0.00    5.00     1  Xorg
02:46:41     1000      3596   12.00    2.00    0.00   15.00   14.00     1  cinnamon
02:46:41     1000      5902    2.00    1.00    0.00    0.00    3.00     1  brave
02:46:41     1000      5942   15.00    5.00    0.00   17.00   20.00     1  brave
02:46:41     1000      6120    4.00    1.00    0.00    1.00    5.00     1  brave
02:46:41     1000      6344   98.00    4.00    0.00   14.00  102.00     0  brave
02:46:41        0     10333    0.00    1.00    0.00    0.00    1.00     0  kworker/u33:0-rtw_tx_wq
02:46:41        0     12399    0.00    1.00    0.00    1.00    1.00     1  kworker/u32:0+events_unbound
02:46:41     1000     12665    1.00    1.00    0.00    1.00    2.00     1  pidstat

# Time        UID       PID    %usr %system  %guest   %wait    %CPU   CPU  Command
02:46:42        0       165    0.00    1.00    0.00    0.00    1.00     0  gfx
02:46:42        0       849    1.00    0.00    0.00    1.00    1.00     0  preload
02:46:42        0       934    1.00    0.00    0.00    0.00    1.00     0  containerd
02:46:42        0       968    2.00    4.00    0.00    1.00    6.00     1  Xorg
02:46:42     1000      3596   17.00    2.00    0.00   11.00   19.00     1  cinnamon
02:46:42     1000      4636    0.00    1.00    0.00    0.00    1.00     0  jetbrains-toolb
02:46:42     1000      5902    1.00    0.00    0.00    0.00    1.00     1  brave
02:46:42     1000      5942   16.00    4.00    0.00   17.00   20.00     1  brave
02:46:42     1000      6120    6.00    0.00    0.00    0.00    6.00     1  brave
02:46:42     1000      6344   71.00    6.00    0.00   33.00   77.00     0  brave
02:46:42     1000      6626   44.00    1.00    0.00   20.00   45.00     0  brave
02:46:42        0     12399    0.00    2.00    0.00    1.00    2.00     1  kworker/u32:0+events_unbound
02:46:42     1000     12665    0.00    2.00    0.00    3.00    2.00     1  pidstat

# Time        UID       PID    %usr %system  %guest   %wait    %CPU   CPU  Command
02:46:43        0        15    0.00    1.00    0.00    0.00    1.00     1  rcu_preempt
02:46:43        0       165    0.00    1.00    0.00    0.00    1.00     0  gfx
02:46:43        0       703    0.00    1.00    0.00    0.00    1.00     1  irq/63-rtw88_pci
02:46:43        0       968    2.00    4.00    0.00    1.00    6.00     1  Xorg
02:46:43     1000      3596   15.00    3.00    0.00   20.00   18.00     1  cinnamon
02:46:43     1000      5902    1.00    1.00    0.00    1.00    2.00     1  brave
02:46:43     1000      5942   14.00    5.00    0.00   13.00   19.00     1  brave
02:46:43     1000      6109    1.00    0.00    0.00    0.00    1.00     0  brave
02:46:43     1000      6120    6.00    0.00    0.00    1.00    6.00     0  brave
02:46:43     1000      6344  107.00    4.00    0.00   24.00  111.00     0  brave
02:46:43        0     11701    0.00    1.00    0.00    1.00    1.00     1  kworker/u32:7-events_unbound
02:46:43     1000     12665    1.00    2.00    0.00    7.00    3.00     1  pidstat

# Time        UID       PID    %usr %system  %guest   %wait    %CPU   CPU  Command
02:46:44        0       140    0.00    1.00    0.00    0.00    1.00     0  irq/30-ELAN0708:00
02:46:44        0       165    0.00    1.00    0.00    0.00    1.00     1  gfx
02:46:44      120       916    1.00    0.00    0.00    0.00    1.00     0  redis-server
02:46:44        0       968    2.00    3.00    0.00    0.00    5.00     1  Xorg
02:46:44     1000      3303    3.00    0.00    0.00    6.00    3.00     1  ibus-daemon
02:46:44     1000      3313    2.00    0.00    0.00    2.00    2.00     1  ibus-ui-gtk3
02:46:44     1000      3314    1.00    0.00    0.00    1.00    1.00     0  ibus-extension-
02:46:44     1000      3336    1.00    0.00    0.00    0.00    1.00     1  dbus-daemon
02:46:44     1000      3436    1.00    0.00    0.00    0.00    1.00     1  ibus-engine-sim
02:46:44     1000      3596    3.00    1.00    0.00    6.00    4.00     1  cinnamon
02:46:44     1000      3947    1.00    0.00    0.00    2.00    1.00     0  blueman-tray
02:46:44     1000      4636    1.00    0.00    0.00    0.00    1.00     0  jetbrains-toolb
02:46:44     1000      5902    3.00   39.00    0.00    0.00   42.00     1  brave
02:46:44     1000      5942    4.00    1.00    0.00    2.00    5.00     1  brave
02:46:44     1000      6120    5.00    1.00    0.00    1.00    6.00     1  brave
02:46:44     1000      6150    0.00    1.00    0.00    3.00    1.00     0  alacritty
02:46:44     1000      6344   99.00    3.00    0.00   44.00  102.00     0  brave
02:46:44     1000     12561    0.00    1.00    0.00    0.00    1.00     0  brave
02:46:44     1000     12665    1.00    3.00    0.00    1.00    4.00     1  pidstat

# Time        UID       PID    %usr %system  %guest   %wait    %CPU   CPU  Command
02:46:45        0       968    3.00    2.00    0.00    1.00    5.00     0  Xorg
02:46:45     1000      3417    1.00    0.00    0.00    0.00    1.00     0  csd-keyboard
02:46:45     1000      3596    9.00    2.00    0.00   11.00   11.00     0  cinnamon
02:46:45     1000      4636    0.00    1.00    0.00    0.00    1.00     0  jetbrains-toolb
02:46:45     1000      5902    5.00    1.00    0.00    2.00    6.00     0  brave
02:46:45     1000      5942   15.00    5.00    0.00   16.00   20.00     0  brave
02:46:45     1000      5943    1.00    0.00    0.00    0.00    1.00     1  brave
02:46:45     1000      6120    4.00    1.00    0.00    1.00    5.00     1  brave
02:46:45     1000      6344   95.00    4.00    0.00   15.00   99.00     0  brave
02:46:45        0     12399    0.00    1.00    0.00    0.00    1.00     1  kworker/u32:0+events_unbound
02:46:45     1000     12665    2.00    1.00    0.00    0.00    3.00     1  pidstat
02:46:45     1000     12668    1.00    0.00    0.00    0.00    1.00     1  sem

# Time        UID       PID    %usr %system  %guest   %wait    %CPU   CPU  Command
02:46:46        0       165    0.00    1.00    0.00    0.00    1.00     0  gfx
02:46:46        0       703    0.00    1.00    0.00    0.00    1.00     1  irq/63-rtw88_pci
02:46:46      120       916    0.00    1.00    0.00    0.00    1.00     0  redis-server
02:46:46        0       968    2.00    3.00    0.00    0.00    5.00     0  Xorg
02:46:46     1000      3596   10.00    2.00    0.00   11.00   12.00     1  cinnamon
02:46:46     1000      3682    0.00    1.00    0.00    0.00    1.00     0  kdeconnectd
02:46:46     1000      5902    3.00    2.00    0.00    1.00    5.00     0  brave
02:46:46     1000      5942    8.00    2.00    0.00    6.00   10.00     1  brave
02:46:46     1000      5943    1.00    0.00    0.00    0.00    1.00     1  brave
02:46:46     1000      6120    5.00    1.00    0.00    0.00    6.00     0  brave
02:46:46     1000      6344   55.00    3.00    0.00   10.00   58.00     0  brave
02:46:46     1000      6418    1.00    0.00    0.00    0.00    1.00     1  brave
02:46:46        0     11701    0.00    1.00    0.00    0.00    1.00     1  kworker/u32:7-events_unbound
02:46:46     1000     12665    1.00    2.00    0.00    0.00    3.00     1  pidstat

# Time        UID       PID    %usr %system  %guest   %wait    %CPU   CPU  Command
02:46:47        0       140    0.00    1.00    0.00    0.00    1.00     0  irq/30-ELAN0708:00
02:46:47        0       968    3.00    1.00    0.00    0.00    4.00     1  Xorg
02:46:47     1000      3303    1.00    0.00    0.00    0.00    1.00     0  ibus-daemon
02:46:47     1000      3313    1.00    0.00    0.00    0.00    1.00     1  ibus-ui-gtk3
02:46:47     1000      3369    0.00    1.00    0.00    0.00    1.00     0  xdg-desktop-por
02:46:47     1000      3596    1.00    1.00    0.00    2.00    2.00     0  cinnamon
02:46:47     1000      4636    1.00    0.00    0.00    0.00    1.00     0  jetbrains-toolb
02:46:47     1000      5902    3.00    3.00    0.00    1.00    6.00     0  brave
02:46:47     1000      5942    2.00    3.00    0.00    0.00    5.00     1  brave
02:46:47     1000      5943    0.00    1.00    0.00    0.00    1.00     1  brave
02:46:47     1000      6120    4.00    2.00    0.00    2.00    6.00     0  brave
02:46:47     1000      6344   22.00    2.00    0.00    5.00   24.00     0  brave
02:46:47     1000     12665    2.00    2.00    0.00    1.00    4.00     1  pidstat
02:46:47     1000     12668    0.00    1.00    0.00    0.00    1.00     1  sem
