Linux 6.1.0-34-amd64 (debian) 	06/04/25 	_x86_64_	(2 CPU)

# Time        UID       PID    %usr %system  %guest   %wait    %CPU   CPU  Command
02:39:56        0       968    0.00    0.99    0.00    0.00    0.99     1  Xorg
02:39:56     1000      3303    0.99    0.99    0.00    0.00    1.98     1  ibus-daemon
02:39:56     1000      3596    0.99    0.00    0.00    0.99    0.99     0  cinnamon
02:39:56     1000      3641    0.99    0.00    0.00    0.00    0.99     0  xapp-sn-watcher
02:39:56     1000      4636    0.99    0.00    0.00    0.00    0.99     1  jetbrains-toolb
02:39:56     1000      5902    5.94    1.98    0.00    0.99    7.92     0  brave
02:39:56     1000      5942    1.98    1.98    0.00    0.00    3.96     1  brave
02:39:56     1000      5943    1.98    0.00    0.00    0.00    1.98     0  brave
02:39:56     1000      6021    0.99    0.00    0.00    0.00    0.99     1  brave
02:39:56     1000      6120   11.88    0.99    0.00    2.97   12.87     0  brave
02:39:56     1000      6344    3.96    1.98    0.00    1.98    5.94     0  brave
02:39:56     1000     12054    0.99    0.99    0.00    0.00    1.98     1  pidstat

# Time        UID       PID    %usr %system  %guest   %wait    %CPU   CPU  Command
02:39:57        0       968    0.00    1.00    0.00    0.00    1.00     0  Xorg
02:39:57     1000      3303    1.00    0.00    0.00    1.00    1.00     0  ibus-daemon
02:39:57     1000      3436    1.00    0.00    0.00    1.00    1.00     1  ibus-engine-sim
02:39:57     1000      3596    2.00    0.00    0.00    2.00    2.00     0  cinnamon
02:39:57     1000      5902   12.00    2.00    0.00    3.00   14.00     0  brave
02:39:57     1000      5942    3.00    2.00    0.00    1.00    5.00     0  brave
02:39:57     1000      5943    4.00    2.00    0.00    0.00    6.00     1  brave
02:39:57     1000      6021    2.00    0.00    0.00    0.00    2.00     1  brave
02:39:57     1000      6120   20.00    4.00    0.00    6.00   24.00     0  brave
02:39:57     1000      6344    3.00    0.00    0.00    1.00    3.00     0  brave
02:39:57     1000     12054    0.00    1.00    0.00    0.00    1.00     1  pidstat

# Time        UID       PID    %usr %system  %guest   %wait    %CPU   CPU  Command
02:39:58        0       703    0.00    1.00    0.00    0.00    1.00     1  irq/63-rtw88_pci
02:39:58        0       968    1.00    0.00    0.00    0.00    1.00     0  Xorg
02:39:58     1000      3303    2.00    1.00    0.00    1.00    3.00     1  ibus-daemon
02:39:58     1000      3436    1.00    0.00    0.00    0.00    1.00     1  ibus-engine-sim
02:39:58     1000      3596    2.00    0.00    0.00    1.00    2.00     1  cinnamon
02:39:58     1000      5902   18.00    5.00    0.00    3.00   23.00     0  brave
02:39:58     1000      5942    4.00    1.00    0.00    1.00    5.00     0  brave
02:39:58     1000      5943    6.00    2.00    0.00    0.00    8.00     1  brave
02:39:58     1000      6021    1.00    0.00    0.00    0.00    1.00     1  brave
02:39:58     1000      6120   21.00    1.00    0.00    9.00   22.00     0  brave
02:39:58     1000      6344    4.00    1.00    0.00    1.00    5.00     0  brave
02:39:58        0     10294    0.00    1.00    0.00    0.00    1.00     0  kworker/u32:1-phy0
02:39:58        0     10333    0.00    1.00    0.00    0.00    1.00     1  kworker/u33:0-rtw_tx_wq
02:39:58     1000     11670    1.00    0.00    0.00    0.00    1.00     1  brave
02:39:58     1000     12054    0.00    1.00    0.00    0.00    1.00     1  pidstat

# Time        UID       PID    %usr %system  %guest   %wait    %CPU   CPU  Command
02:39:59        0       968    1.00    1.00    0.00    0.00    2.00     0  Xorg
02:39:59     1000      3303    1.00    0.00    0.00    0.00    1.00     0  ibus-daemon
02:39:59     1000      3417    0.00    1.00    0.00    0.00    1.00     0  csd-keyboard
02:39:59     1000      3436    0.00    1.00    0.00    0.00    1.00     1  ibus-engine-sim
02:39:59     1000      3596    1.00    2.00    0.00    3.00    3.00     1  cinnamon
02:39:59     1000      4636    0.00    1.00    0.00    0.00    1.00     1  jetbrains-toolb
02:39:59     1000      5902   12.00    5.00    0.00    3.00   17.00     0  brave
02:39:59     1000      5942    5.00    2.00    0.00    2.00    7.00     1  brave
02:39:59     1000      5943    5.00    2.00    0.00    0.00    7.00     1  brave
02:39:59     1000      6021    2.00    1.00    0.00    0.00    3.00     1  brave
02:39:59     1000      6120   21.00    2.00    0.00    7.00   23.00     0  brave
02:39:59     1000      6344    3.00    0.00    0.00    0.00    3.00     1  brave
02:39:59     1000     12054    1.00    0.00    0.00    0.00    1.00     1  pidstat

# Time        UID       PID    %usr %system  %guest   %wait    %CPU   CPU  Command
02:40:00        0       703    0.00    1.00    0.00    0.00    1.00     1  irq/63-rtw88_pci
02:40:00        0       968    1.00    1.00    0.00    0.00    2.00     0  Xorg
02:40:00     1000      3303    2.00    0.00    0.00    1.00    2.00     1  ibus-daemon
02:40:00     1000      3436    1.00    0.00    0.00    0.00    1.00     0  ibus-engine-sim
02:40:00     1000      3596    5.00    0.00    0.00    3.00    5.00     1  cinnamon
02:40:00     1000      5902   16.00    3.00    0.00    4.00   19.00     0  brave
02:40:00     1000      5942    5.00    1.00    0.00    3.00    6.00     1  brave
02:40:00     1000      5943    6.00    1.00    0.00    0.00    7.00     1  brave
02:40:00     1000      6021    2.00    0.00    0.00    0.00    2.00     1  brave
02:40:00     1000      6120   22.00    5.00    0.00   10.00   27.00     0  brave
02:40:00     1000      6344    4.00    0.00    0.00    2.00    4.00     0  brave
02:40:00     1000     11670    1.00    0.00    0.00    0.00    1.00     1  brave
02:40:00        0     11701    0.00    1.00    0.00    0.00    1.00     0  kworker/u32:7-phy0
02:40:00     1000     12054    1.00    1.00    0.00    0.00    2.00     1  pidstat

# Time        UID       PID    %usr %system  %guest   %wait    %CPU   CPU  Command
02:40:01        0       849    1.00    1.00    0.00    0.00    2.00     1  preload
02:40:01        0       968    2.00    0.00    0.00    0.00    2.00     0  Xorg
02:40:01     1000      3303    1.00    0.00    0.00    0.00    1.00     1  ibus-daemon
02:40:01     1000      3596    2.00    1.00    0.00    2.00    3.00     1  cinnamon
02:40:01     1000      4636    1.00    0.00    0.00    0.00    1.00     1  jetbrains-toolb
02:40:01     1000      5902   16.00    5.00    0.00    3.00   21.00     1  brave
02:40:01     1000      5942    3.00    3.00    0.00    2.00    6.00     1  brave
02:40:01     1000      5943    6.00    2.00    0.00    0.00    8.00     1  brave
02:40:01     1000      6021    2.00    1.00    0.00    0.00    3.00     1  brave
02:40:01     1000      6120   22.00    2.00    0.00    6.00   24.00     0  brave
02:40:01     1000      6344    3.00    1.00    0.00    1.00    4.00     0  brave
02:40:01     1000     12054    1.00    1.00    0.00    0.00    2.00     0  pidstat

# Time        UID       PID    %usr %system  %guest   %wait    %CPU   CPU  Command
02:40:02        0       165    0.00    1.00    0.00    0.00    1.00     0  gfx
02:40:02        0       703    0.00    1.00    0.00    0.00    1.00     1  irq/63-rtw88_pci
02:40:02        0       968    1.00    0.00    0.00    1.00    1.00     0  Xorg
02:40:02     1000      3303    2.00    1.00    0.00    1.00    3.00     1  ibus-daemon
02:40:02     1000      3436    1.00    0.00    0.00    0.00    1.00     1  ibus-engine-sim
02:40:02     1000      3596    2.00    1.00    0.00    4.00    3.00     1  cinnamon
02:40:02     1000      5902   15.00    6.00    0.00    3.00   21.00     1  brave
02:40:02     1000      5942    5.00    2.00    0.00    2.00    7.00     0  brave
02:40:02     1000      5943    6.00    3.00    0.00    0.00    9.00     1  brave
02:40:02     1000      6021    2.00    0.00    0.00    0.00    2.00     1  brave
02:40:02     1000      6120   21.00    2.00    0.00    9.00   23.00     1  brave
02:40:02     1000      6344    3.00    0.00    0.00    0.00    3.00     1  brave
02:40:02     1000     11670    0.00    1.00    0.00    0.00    1.00     1  brave
02:40:02     1000     12054    0.00    2.00    0.00    0.00    2.00     0  pidstat

# Time        UID       PID    %usr %system  %guest   %wait    %CPU   CPU  Command
02:40:03        0       968    0.00    1.00    0.00    0.00    1.00     0  Xorg
02:40:03     1000      3303    1.00    0.00    0.00    0.00    1.00     0  ibus-daemon
02:40:03     1000      3596    3.00    0.00    0.00    2.00    3.00     1  cinnamon
02:40:03     1000      5902   13.00    5.00    0.00    2.00   18.00     1  brave
02:40:03     1000      5942    4.00    1.00    0.00    2.00    5.00     1  brave
02:40:03     1000      5943    6.00    2.00    0.00    0.00    8.00     1  brave
02:40:03     1000      6021    1.00    1.00    0.00    0.00    2.00     1  brave
02:40:03     1000      6120   18.00    3.00    0.00    8.00   21.00     1  brave
02:40:03     1000      6344    3.00    0.00    0.00    0.00    3.00     1  brave
02:40:03     1000      6987    1.00    0.00    0.00    0.00    1.00     1  brave
02:40:03     1000     11670    1.00    0.00    0.00    0.00    1.00     1  brave
02:40:03     1000     12054    1.00    1.00    0.00    0.00    2.00     0  pidstat

# Time        UID       PID    %usr %system  %guest   %wait    %CPU   CPU  Command
02:40:04        0       703    0.00    1.00    0.00    0.00    1.00     1  irq/63-rtw88_pci
02:40:04      120       916    0.00    1.00    0.00    0.00    1.00     1  redis-server
02:40:04        0       968    1.00    1.00    0.00    0.00    2.00     0  Xorg
02:40:04     1000      3303    1.00    0.00    0.00    0.00    1.00     0  ibus-daemon
02:40:04     1000      3596    1.00    1.00    0.00    2.00    2.00     0  cinnamon
02:40:04     1000      5902   14.00    3.00    0.00    1.00   17.00     1  brave
02:40:04     1000      5942    5.00    1.00    0.00    0.00    6.00     1  brave
02:40:04     1000      5943    4.00    3.00    0.00    0.00    7.00     1  brave
02:40:04     1000      6021    2.00    0.00    0.00    0.00    2.00     1  brave
02:40:04     1000      6120   19.00    2.00    0.00    8.00   21.00     1  brave
02:40:04     1000      6344    3.00    2.00    0.00    1.00    5.00     0  brave

# Time        UID       PID    %usr %system  %guest   %wait    %CPU   CPU  Command
02:40:05        0        15    0.00    1.00    0.00    0.00    1.00     1  rcu_preempt
02:40:05        0       968    1.00    0.00    0.00    0.00    1.00     0  Xorg
02:40:05     1000      3303    1.00    1.00    0.00    1.00    2.00     0  ibus-daemon
02:40:05     1000      3417    1.00    0.00    0.00    0.00    1.00     0  csd-keyboard
02:40:05     1000      3436    1.00    0.00    0.00    1.00    1.00     1  ibus-engine-sim
02:40:05     1000      3596    3.00    0.00    0.00    1.00    3.00     0  cinnamon
02:40:05     1000      4636    1.00    0.00    0.00    0.00    1.00     1  jetbrains-toolb
02:40:05     1000      5902   15.00    6.00    0.00    4.00   21.00     1  brave
02:40:05     1000      5942    3.00    1.00    0.00    2.00    4.00     1  brave
02:40:05     1000      5943    7.00    1.00    0.00    0.00    8.00     1  brave
02:40:05     1000      6021    2.00    1.00    0.00    0.00    3.00     1  brave
02:40:05     1000      6120   21.00    3.00    0.00    8.00   24.00     1  brave
02:40:05     1000      6344    3.00    0.00    0.00    2.00    3.00     0  brave
02:40:05     1000     12054    1.00    2.00    0.00    0.00    3.00     0  pidstat

# Time        UID       PID    %usr %system  %guest   %wait    %CPU   CPU  Command
02:40:06        0       703    0.00    1.00    0.00    0.00    1.00     1  irq/63-rtw88_pci
02:40:06        0       968    1.00    1.00    0.00    0.00    2.00     1  Xorg
02:40:06     1000      3303    1.00    0.00    0.00    1.00    1.00     1  ibus-daemon
02:40:06     1000      3314    1.00    0.00    0.00    0.00    1.00     1  ibus-extension-
02:40:06     1000      3436    1.00    0.00    0.00    0.00    1.00     0  ibus-engine-sim
02:40:06     1000      3596    1.00    1.00    0.00    3.00    2.00     1  cinnamon
02:40:06     1000      3947    1.00    0.00    0.00    0.00    1.00     1  blueman-tray
02:40:06     1000      5902   18.00    2.00    0.00    3.00   20.00     0  brave
02:40:06     1000      5942    6.00    1.00    0.00    1.00    7.00     0  brave
02:40:06     1000      5943    7.00    2.00    0.00    0.00    9.00     1  brave
02:40:06     1000      6021    1.00    2.00    0.00    0.00    3.00     1  brave
02:40:06     1000      6120   24.00    2.00    0.00    8.00   26.00     1  brave
02:40:06     1000      6344    3.00    1.00    0.00    0.00    4.00     0  brave
02:40:06     1000     11670    1.00    0.00    0.00    0.00    1.00     1  brave
02:40:06     1000     12054    1.00    1.00    0.00    0.00    2.00     0  pidstat

# Time        UID       PID    %usr %system  %guest   %wait    %CPU   CPU  Command
02:40:07      120       916    1.00    0.00    0.00    0.00    1.00     1  redis-server
02:40:07        0       968    1.00    1.00    0.00    0.00    2.00     1  Xorg
02:40:07     1000      3303    1.00    0.00    0.00    0.00    1.00     0  ibus-daemon
02:40:07     1000      3596    4.00    0.00    0.00    2.00    4.00     1  cinnamon
02:40:07     1000      5902    8.00    4.00    0.00    5.00   12.00     1  brave
02:40:07     1000      5942    5.00    3.00    0.00    3.00    8.00     0  brave
02:40:07     1000      5943    3.00    1.00    0.00    0.00    4.00     1  brave
02:40:07     1000      6021    1.00    0.00    0.00    0.00    1.00     1  brave
02:40:07     1000      6120   77.00    5.00    0.00   23.00   82.00     1  brave
02:40:07     1000      6344    3.00    1.00    0.00    1.00    4.00     1  brave
02:40:07        0      9838    0.00    1.00    0.00    0.00    1.00     0  kworker/0:1-events
02:40:07        0     10294    0.00    1.00    0.00    0.00    1.00     1  kworker/u32:1-phy0
02:40:07     1000     12054    1.00    1.00    0.00    1.00    2.00     0  pidstat

# Time        UID       PID    %usr %system  %guest   %wait    %CPU   CPU  Command
02:40:08        0       968    1.00    0.00    0.00    0.00    1.00     1  Xorg
02:40:08      114      1299    0.00    1.00    0.00    0.00    1.00     1  postgres
02:40:08     1000      3596    2.00    1.00    0.00    1.00    3.00     0  cinnamon
02:40:08     1000      4636    1.00    0.00    0.00    0.00    1.00     1  jetbrains-toolb
02:40:08     1000      5902    4.00    1.00    0.00    0.00    5.00     1  brave
02:40:08     1000      5942    2.00    3.00    0.00    1.00    5.00     1  brave
02:40:08     1000      5943    2.00    0.00    0.00    0.00    2.00     1  brave
02:40:08     1000      6021    1.00    0.00    0.00    0.00    1.00     1  brave
02:40:08     1000      6120    7.00    2.00    0.00    3.00    9.00     1  brave
02:40:08     1000      6344    4.00    1.00    0.00    2.00    5.00     1  brave
02:40:08     1000     12054    1.00    2.00    0.00    0.00    3.00     0  pidstat

# Time        UID       PID    %usr %system  %guest   %wait    %CPU   CPU  Command
02:40:09        0       165    0.00    1.00    0.00    0.00    1.00     0  gfx
02:40:09        0       703    0.00    1.00    0.00    0.00    1.00     1  irq/63-rtw88_pci
02:40:09        0       968    0.00    1.00    0.00    0.00    1.00     1  Xorg
02:40:09     1000      3303    1.00    0.00    0.00    0.00    1.00     0  ibus-daemon
02:40:09     1000      3596    3.00    1.00    0.00    2.00    4.00     1  cinnamon
02:40:09     1000      3947    0.00    1.00    0.00    0.00    1.00     1  blueman-tray
02:40:09     1000      5902    2.00    1.00    0.00    0.00    3.00     0  brave
02:40:09     1000      5942    5.00    1.00    0.00    1.00    6.00     1  brave
02:40:09     1000      6120   11.00    2.00    0.00    2.00   13.00     1  brave
02:40:09     1000      6344    3.00    2.00    0.00    2.00    5.00     1  brave
02:40:09     1000     12054    0.00    3.00    0.00    1.00    3.00     0  pidstat

# Time        UID       PID    %usr %system  %guest   %wait    %CPU   CPU  Command
02:40:10        0       968    1.00    1.00    0.00    0.00    2.00     0  Xorg
02:40:10     1000      3303    1.00    1.00    0.00    1.00    2.00     0  ibus-daemon
02:40:10     1000      3313    1.00    0.00    0.00    0.00    1.00     1  ibus-ui-gtk3
02:40:10     1000      3436    1.00    0.00    0.00    0.00    1.00     1  ibus-engine-sim
02:40:10     1000      3442    1.00    0.00    0.00    1.00    1.00     0  csd-wacom
02:40:10     1000      3596    2.00    0.00    0.00    2.00    2.00     0  cinnamon
02:40:10     1000      5902   10.00    2.00    0.00    2.00   12.00     0  brave
02:40:10     1000      5942    5.00    2.00    0.00    1.00    7.00     0  brave
02:40:10     1000      5943    3.00    1.00    0.00    0.00    4.00     1  brave
02:40:10     1000      6021    0.00    1.00    0.00    0.00    1.00     1  brave
02:40:10     1000      6120   20.00    2.00    0.00    7.00   22.00     1  brave
02:40:10     1000      6150    1.00    0.00    0.00    0.00    1.00     0  alacritty
02:40:10     1000      6319    1.00    0.00    0.00    0.00    1.00     0  brave
02:40:10     1000      6344    6.00    1.00    0.00    2.00    7.00     1  brave
02:40:10     1000      6447    1.00    0.00    0.00    1.00    1.00     0  brave
02:40:10        0      9839    0.00    1.00    0.00    0.00    1.00     1  kworker/1:2-events
02:40:10     1000     12054    1.00    1.00    0.00    1.00    2.00     0  pidstat

# Time        UID       PID    %usr %system  %guest   %wait    %CPU   CPU  Command
02:40:11        0       703    0.00    1.00    0.00    0.00    1.00     1  irq/63-rtw88_pci
02:40:11     1000      3596    2.00    0.00    0.00    0.00    2.00     1  cinnamon
02:40:11     1000      4636    1.00    0.00    0.00    0.00    1.00     1  jetbrains-toolb
02:40:11     1000      5902    7.00    5.00    0.00    2.00   12.00     1  brave
02:40:11     1000      5942    4.00    1.00    0.00    1.00    5.00     1  brave
02:40:11     1000      5943    4.00    2.00    0.00    0.00    6.00     1  brave
02:40:11     1000      5953    1.00    0.00    0.00    0.00    1.00     1  brave
02:40:11     1000      6021    1.00    0.00    0.00    0.00    1.00     1  brave
02:40:11     1000      6120   14.00    3.00    0.00    6.00   17.00     1  brave
02:40:11     1000      6344    3.00    2.00    0.00    1.00    5.00     0  brave
02:40:11     1000      6418    1.00    0.00    0.00    0.00    1.00     0  brave
02:40:11        0     10294    0.00    1.00    0.00    0.00    1.00     1  kworker/u32:1-events_unbound
02:40:11     1000     11670    0.00    1.00    0.00    0.00    1.00     1  brave
02:40:11     1000     12054    1.00    1.00    0.00    0.00    2.00     0  pidstat

# Time        UID       PID    %usr %system  %guest   %wait    %CPU   CPU  Command
02:40:12        0       968    1.00    1.00    0.00    0.00    2.00     0  Xorg
02:40:12     1000      3303    0.00    1.00    0.00    0.00    1.00     0  ibus-daemon
02:40:12     1000      3313    0.00    1.00    0.00    1.00    1.00     1  ibus-ui-gtk3
02:40:12     1000      3596    1.00    1.00    0.00    1.00    2.00     1  cinnamon
02:40:12     1000      4636    0.00    1.00    0.00    0.00    1.00     1  jetbrains-toolb
02:40:12     1000      5902    4.00    2.00    0.00    1.00    6.00     0  brave
02:40:12     1000      5942    3.00    2.00    0.00    1.00    5.00     1  brave
02:40:12     1000      5943    0.00    1.00    0.00    0.00    1.00     1  brave
02:40:12     1000      6021    1.00    0.00    0.00    0.00    1.00     1  brave
02:40:12     1000      6120   11.00    2.00    0.00    3.00   13.00     1  brave
02:40:12     1000      6344    4.00    1.00    0.00    1.00    5.00     0  brave
02:40:12     1000     12054    1.00    1.00    0.00    0.00    2.00     0  pidstat

# Time        UID       PID    %usr %system  %guest   %wait    %CPU   CPU  Command
02:40:13     1000      3596    4.00    0.00    0.00    1.00    4.00     0  cinnamon
02:40:13     1000      5902    3.00    1.00    0.00    0.00    4.00     0  brave
02:40:13     1000      5942    5.00    2.00    0.00    1.00    7.00     0  brave
02:40:13     1000      5943    2.00    0.00    0.00    0.00    2.00     1  brave
02:40:13     1000      6120   12.00    2.00    0.00    2.00   14.00     0  brave
02:40:13     1000      6344    3.00    1.00    0.00    2.00    4.00     1  brave
02:40:13     1000     12054    1.00    2.00    0.00    1.00    3.00     1  pidstat

# Time        UID       PID    %usr %system  %guest   %wait    %CPU   CPU  Command
02:40:14        0       703    0.00    1.00    0.00    0.00    1.00     1  irq/63-rtw88_pci
02:40:14      120       916    1.00    0.00    0.00    0.00    1.00     0  redis-server
02:40:14        0       968    0.00    1.00    0.00    0.00    1.00     0  Xorg
02:40:14     1000      3596    4.00    0.00    0.00    0.00    4.00     1  cinnamon
02:40:14     1000      5902    1.00    0.00    0.00    0.00    1.00     0  brave
02:40:14     1000      5942    5.00    1.00    0.00    1.00    6.00     1  brave
02:40:14     1000      6120    6.00    3.00    0.00    1.00    9.00     0  brave
02:40:14     1000      6344    4.00    2.00    0.00    1.00    6.00     0  brave
02:40:14     1000     12054    1.00    2.00    0.00    0.00    3.00     1  pidstat
