Linux 6.1.0-34-amd64 (debian) 	06/04/25 	_x86_64_	(2 CPU)

# Time        UID       PID    %usr %system  %guest   %wait    %CPU   CPU  Command
02:37:53        0       968    0.98    0.00    0.00    0.00    0.98     0  Xorg
02:37:53     1000      3303    1.96    0.00    0.00    0.00    1.96     0  ibus-daemon
02:37:53     1000      3596    1.96    0.98    0.00    1.96    2.94     0  cinnamon
02:37:53     1000      3684    0.98    0.00    0.00    0.00    0.98     1  nemo-desktop
02:37:53     1000      5902   15.69    5.88    0.00    1.96   21.57     1  brave
02:37:53     1000      5942    3.92    0.98    0.00    0.98    4.90     0  brave
02:37:53     1000      5943    5.88    1.96    0.00    0.00    7.84     0  brave
02:37:53     1000      6021    0.98    1.96    0.00    0.00    2.94     1  brave
02:37:53     1000      6120   71.57    0.98    0.00   28.43   72.55     0  brave
02:37:53     1000      6344    3.92    0.00    0.00    0.00    3.92     1  brave
02:37:53     1000     11670    0.98    0.00    0.00    0.00    0.98     1  brave
02:37:53     1000     11817    0.98    0.98    0.00    0.98    1.96     0  pidstat

# Time        UID       PID    %usr %system  %guest   %wait    %CPU   CPU  Command
02:37:54        0       703    0.00    1.00    0.00    0.00    1.00     1  irq/63-rtw88_pci
02:37:54        0       968    1.00    0.00    0.00    0.00    1.00     1  Xorg
02:37:54     1000      3303    1.00    0.00    0.00    0.00    1.00     1  ibus-daemon
02:37:54     1000      3436    1.00    0.00    0.00    0.00    1.00     0  ibus-engine-sim
02:37:54     1000      3596    1.00    1.00    0.00    1.00    2.00     0  cinnamon
02:37:54     1000      4636    0.00    1.00    0.00    0.00    1.00     1  jetbrains-toolb
02:37:54     1000      5902   10.00    4.00    0.00    2.00   14.00     0  brave
02:37:54     1000      5942    4.00    1.00    0.00    1.00    5.00     1  brave
02:37:54     1000      5943    4.00    2.00    0.00    0.00    6.00     0  brave
02:37:54     1000      6021    1.00    1.00    0.00    0.00    2.00     1  brave
02:37:54     1000      6120   16.00    2.00    0.00    5.00   18.00     1  brave
02:37:54     1000      6344    2.00    2.00    0.00    1.00    4.00     1  brave
02:37:54     1000     11817    1.00    1.00    0.00    0.00    2.00     0  pidstat

# Time        UID       PID    %usr %system  %guest   %wait    %CPU   CPU  Command
02:37:55        0       968    0.00    1.00    0.00    0.00    1.00     0  Xorg
02:37:55     1000      3596    2.00    0.00    0.00    1.00    2.00     1  cinnamon
02:37:55     1000      5942    2.00    3.00    0.00    0.00    5.00     1  brave
02:37:55     1000      6120    6.00    2.00    0.00    1.00    8.00     1  brave
02:37:55     1000      6344    4.00    1.00    0.00    1.00    5.00     0  brave
02:37:55     1000     11817    0.00    4.00    0.00    0.00    4.00     0  pidstat

# Time        UID       PID    %usr %system  %guest   %wait    %CPU   CPU  Command
02:37:56        0       968    1.00    0.00    0.00    0.00    1.00     1  Xorg
02:37:56     1000      3596    2.00    1.00    0.00    1.00    3.00     1  cinnamon
02:37:56     1000      4636    1.00    0.00    0.00    0.00    1.00     1  jetbrains-toolb
02:37:56     1000      5902    2.00    1.00    0.00    0.00    3.00     1  brave
02:37:56     1000      5942    5.00    4.00    0.00    2.00    9.00     1  brave
02:37:56     1000      5943    1.00    0.00    0.00    0.00    1.00     0  brave
02:37:56     1000      6120    8.00    3.00    0.00    2.00   11.00     0  brave
02:37:56     1000      6344    3.00    2.00    0.00    1.00    5.00     1  brave
02:37:56     1000     11817    1.00    2.00    0.00    1.00    3.00     1  pidstat

# Time        UID       PID    %usr %system  %guest   %wait    %CPU   CPU  Command
02:37:57        0       703    0.00    1.00    0.00    0.00    1.00     1  irq/63-rtw88_pci
02:37:57        0       968    0.00    1.00    0.00    0.00    1.00     0  Xorg
02:37:57     1000      3303    1.00    1.00    0.00    1.00    2.00     0  ibus-daemon
02:37:57     1000      3314    0.00    1.00    0.00    0.00    1.00     1  ibus-extension-
02:37:57     1000      3417    1.00    0.00    0.00    0.00    1.00     1  csd-keyboard
02:37:57     1000      3596    1.00    1.00    0.00    1.00    2.00     0  cinnamon
02:37:57     1000      3947    1.00    0.00    0.00    0.00    1.00     0  blueman-tray
02:37:57     1000      5902   12.00    3.00    0.00    5.00   15.00     0  brave
02:37:57     1000      5942    4.00    0.00    0.00    2.00    4.00     0  brave
02:37:57     1000      5943    4.00    2.00    0.00    0.00    6.00     0  brave
02:37:57     1000      6021    2.00    0.00    0.00    0.00    2.00     1  brave
02:37:57     1000      6120   18.00    1.00    0.00    7.00   19.00     1  brave
02:37:57     1000      6344    3.00    1.00    0.00    1.00    4.00     1  brave
02:37:57     1000      6418    1.00    0.00    0.00    0.00    1.00     0  brave
02:37:57        0     10294    0.00    1.00    0.00    0.00    1.00     1  kworker/u32:1-phy0
02:37:57     1000     11670    1.00    0.00    0.00    0.00    1.00     1  brave
02:37:57     1000     11817    1.00    0.00    0.00    0.00    1.00     1  pidstat

# Time        UID       PID    %usr %system  %guest   %wait    %CPU   CPU  Command
02:37:58        0        15    0.00    1.00    0.00    0.00    1.00     1  rcu_preempt
02:37:58      120       916    1.00    0.00    0.00    0.00    1.00     1  redis-server
02:37:58     1000      5902    1.00    1.00    0.00    0.00    2.00     0  brave
02:37:58     1000      5942    2.00    2.00    0.00    0.00    4.00     0  brave
02:37:58     1000      5943    1.00    0.00    0.00    0.00    1.00     0  brave
02:37:58     1000      6027    1.00    0.00    0.00    0.00    1.00     1  brave
02:37:58     1000      6097    3.00    0.00    0.00    0.00    3.00     1  brave
02:37:58     1000      6120    8.00    2.00    0.00    1.00   10.00     1  brave
02:37:58     1000      6344    4.00    2.00    0.00    0.00    6.00     0  brave
02:37:58     1000     11817    2.00    1.00    0.00    0.00    3.00     1  pidstat

# Time        UID       PID    %usr %system  %guest   %wait    %CPU   CPU  Command
02:37:59        0       165    0.00    1.00    0.00    0.00    1.00     0  gfx
02:37:59        0       968    1.00    1.00    0.00    0.00    2.00     0  Xorg
02:37:59     1000      3596    4.00    1.00    0.00    0.00    5.00     1  cinnamon
02:37:59     1000      5902    2.00    0.00    0.00    0.00    2.00     0  brave
02:37:59     1000      5942    4.00    4.00    0.00    1.00    8.00     1  brave
02:37:59     1000      6120    9.00    2.00    0.00    2.00   11.00     0  brave
02:37:59     1000      6344    4.00    1.00    0.00    2.00    5.00     0  brave
02:37:59        0      9839    0.00    1.00    0.00    0.00    1.00     1  kworker/1:2-events
02:37:59     1000     11817    1.00    2.00    0.00    0.00    3.00     1  pidstat

# Time        UID       PID    %usr %system  %guest   %wait    %CPU   CPU  Command
02:38:00        0       703    0.00    1.00    0.00    0.00    1.00     1  irq/63-rtw88_pci
02:38:00        0       968    1.00    0.00    0.00    0.00    1.00     1  Xorg
02:38:00     1000      3303    1.00    1.00    0.00    0.00    2.00     1  ibus-daemon
02:38:00     1000      3596    2.00    0.00    0.00    1.00    2.00     1  cinnamon
02:38:00     1000      5902    5.00    2.00    0.00    1.00    7.00     0  brave
02:38:00     1000      5942    4.00    1.00    0.00    1.00    5.00     1  brave
02:38:00     1000      5943    2.00    0.00    0.00    0.00    2.00     0  brave
02:38:00     1000      6021    0.00    1.00    0.00    0.00    1.00     1  brave
02:38:00     1000      6120   19.00    1.00    0.00    3.00   20.00     0  brave
02:38:00     1000      6344    4.00    0.00    0.00    0.00    4.00     1  brave
02:38:00     1000     11817    1.00    2.00    0.00    0.00    3.00     1  pidstat

# Time        UID       PID    %usr %system  %guest   %wait    %CPU   CPU  Command
02:38:01        0       968    1.00    1.00    0.00    0.00    2.00     0  Xorg
02:38:01     1000      3303    1.00    0.00    0.00    1.00    1.00     0  ibus-daemon
02:38:01     1000      3436    1.00    0.00    0.00    0.00    1.00     1  ibus-engine-sim
02:38:01     1000      3596    1.00    0.00    0.00    2.00    1.00     1  cinnamon
02:38:01     1000      4636    1.00    0.00    0.00    0.00    1.00     1  jetbrains-toolb
02:38:01     1000      5902   13.00    3.00    0.00    2.00   16.00     0  brave
02:38:01     1000      5942    4.00    2.00    0.00    2.00    6.00     0  brave
02:38:01     1000      5943    4.00    2.00    0.00    0.00    6.00     0  brave
02:38:01     1000      5953    1.00    0.00    0.00    0.00    1.00     1  brave
02:38:01     1000      6021    1.00    0.00    0.00    0.00    1.00     1  brave
02:38:01     1000      6120   24.00    3.00    0.00    6.00   27.00     1  brave
02:38:01     1000      6344    4.00    1.00    0.00    1.00    5.00     0  brave
02:38:01     1000     11817    0.00    3.00    0.00    1.00    3.00     0  pidstat

# Time        UID       PID    %usr %system  %guest   %wait    %CPU   CPU  Command
02:38:02        0       703    0.00    1.00    0.00    0.00    1.00     1  irq/63-rtw88_pci
02:38:02        0       849    1.00    0.00    0.00    0.00    1.00     1  preload
02:38:02        0       968    1.00    0.00    0.00    1.00    1.00     1  Xorg
02:38:02     1000      3303    3.00    1.00    0.00    1.00    4.00     1  ibus-daemon
02:38:02     1000      3436    1.00    0.00    0.00    0.00    1.00     0  ibus-engine-sim
02:38:02     1000      3596    3.00    1.00    0.00    2.00    4.00     1  cinnamon
02:38:02     1000      5902   10.00    4.00    0.00    3.00   14.00     1  brave
02:38:02     1000      5942    6.00    1.00    0.00    1.00    7.00     1  brave
02:38:02     1000      5943    5.00    1.00    0.00    0.00    6.00     0  brave
02:38:02     1000      6021    1.00    0.00    0.00    0.00    1.00     1  brave
02:38:02     1000      6120   29.00    4.00    0.00    8.00   33.00     1  brave
02:38:02     1000      6344    3.00    1.00    0.00    1.00    4.00     1  brave
02:38:02     1000     11817    1.00    1.00    0.00    0.00    2.00     0  pidstat

# Time        UID       PID    %usr %system  %guest   %wait    %CPU   CPU  Command
02:38:03        0       968    1.00    1.00    0.00    0.00    2.00     0  Xorg
02:38:03     1000      3303    1.00    0.00    0.00    1.00    1.00     0  ibus-daemon
02:38:03     1000      3313    1.00    0.00    0.00    0.00    1.00     1  ibus-ui-gtk3
02:38:03     1000      3436    1.00    0.00    0.00    0.00    1.00     0  ibus-engine-sim
02:38:03     1000      3596    1.00    1.00    0.00    1.00    2.00     1  cinnamon
02:38:03     1000      5902   19.00    5.00    0.00    6.00   24.00     1  brave
02:38:03     1000      5942    3.00    2.00    0.00    1.00    5.00     1  brave
02:38:03     1000      5943    4.00    4.00    0.00    0.00    8.00     0  brave
02:38:03     1000      6021    3.00    0.00    0.00    0.00    3.00     1  brave
02:38:03     1000      6120   25.00    1.00    0.00    8.00   26.00     0  brave
02:38:03     1000      6344    4.00    1.00    0.00    0.00    5.00     1  brave
02:38:03        0      9838    0.00    1.00    0.00    0.00    1.00     0  kworker/0:1-events
02:38:03     1000     11670    1.00    0.00    0.00    0.00    1.00     1  brave
02:38:03     1000     11817    0.00    1.00    0.00    0.00    1.00     0  pidstat

# Time        UID       PID    %usr %system  %guest   %wait    %CPU   CPU  Command
02:38:04        0       703    0.00    1.00    0.00    0.00    1.00     1  irq/63-rtw88_pci
02:38:04      120       916    1.00    0.00    0.00    0.00    1.00     0  redis-server
02:38:04        0       968    1.00    1.00    0.00    0.00    2.00     0  Xorg
02:38:04     1000      3303    2.00    0.00    0.00    0.00    2.00     0  ibus-daemon
02:38:04     1000      3436    0.00    1.00    0.00    1.00    1.00     1  ibus-engine-sim
02:38:04     1000      3596    2.00    0.00    0.00    1.00    2.00     1  cinnamon
02:38:04     1000      4636    0.00    1.00    0.00    0.00    1.00     1  jetbrains-toolb
02:38:04     1000      5902   11.00    6.00    0.00    2.00   17.00     0  brave
02:38:04     1000      5942    4.00    2.00    0.00    1.00    6.00     1  brave
02:38:04     1000      5943    5.00    2.00    0.00    0.00    7.00     0  brave
02:38:04     1000      6021    2.00    1.00    0.00    0.00    3.00     1  brave
02:38:04     1000      6120   21.00    5.00    0.00    5.00   26.00     1  brave
02:38:04     1000      6344    4.00    0.00    0.00    1.00    4.00     0  brave
02:38:04     1000     11817    1.00    0.00    0.00    0.00    1.00     0  pidstat

# Time        UID       PID    %usr %system  %guest   %wait    %CPU   CPU  Command
02:38:05        0       968    0.00    1.00    0.00    0.00    1.00     1  Xorg
02:38:05     1000      3303    1.00    1.00    0.00    0.00    2.00     0  ibus-daemon
02:38:05     1000      3596    2.00    0.00    0.00    1.00    2.00     1  cinnamon
02:38:05     1000      5902   14.00    5.00    0.00    3.00   19.00     1  brave
02:38:05     1000      5942    4.00    0.00    0.00    1.00    4.00     1  brave
02:38:05     1000      5943    4.00    3.00    0.00    0.00    7.00     0  brave
02:38:05     1000      6021    1.00    1.00    0.00    0.00    2.00     1  brave
02:38:05     1000      6120   23.00    3.00    0.00    8.00   26.00     1  brave
02:38:05     1000      6344    3.00    0.00    0.00    0.00    3.00     0  brave
02:38:05     1000     11670    1.00    0.00    0.00    0.00    1.00     1  brave
02:38:05     1000     11817    1.00    3.00    0.00    0.00    4.00     0  pidstat

# Time        UID       PID    %usr %system  %guest   %wait    %CPU   CPU  Command
02:38:06        0       934    1.00    0.00    0.00    0.00    1.00     0  containerd
02:38:06        0       968    1.00    0.00    0.00    0.00    1.00     1  Xorg
02:38:06     1000      3303    1.00    0.00    0.00    1.00    1.00     1  ibus-daemon
02:38:06     1000      3417    0.00    1.00    0.00    0.00    1.00     0  csd-keyboard
02:38:06     1000      3596    1.00    0.00    0.00    2.00    1.00     1  cinnamon
02:38:06     1000      3682    1.00    0.00    0.00    0.00    1.00     0  kdeconnectd
02:38:06     1000      4636    1.00    0.00    0.00    0.00    1.00     1  jetbrains-toolb
02:38:06     1000      5902    5.00    3.00    0.00    1.00    8.00     1  brave
02:38:06     1000      5942    3.00    1.00    0.00    1.00    4.00     0  brave
02:38:06     1000      5943    3.00    0.00    0.00    0.00    3.00     1  brave
02:38:06     1000      6021    1.00    0.00    0.00    0.00    1.00     1  brave
02:38:06     1000      6120   11.00    2.00    0.00    4.00   13.00     1  brave
02:38:06     1000      6344    2.00    2.00    0.00    1.00    4.00     1  brave
02:38:06     1000      6831    0.00    1.00    0.00    0.00    1.00     0  brave
02:38:06        0     10294    0.00    1.00    0.00    0.00    1.00     0  kworker/u32:1-phy0
02:38:06     1000     11817    0.00    1.00    0.00    1.00    1.00     0  pidstat

# Time        UID       PID    %usr %system  %guest   %wait    %CPU   CPU  Command
02:38:07        0       703    0.00    1.00    0.00    0.00    1.00     1  irq/63-rtw88_pci
02:38:07      120       916    0.00    1.00    0.00    0.00    1.00     1  redis-server
02:38:07     1000      3596    1.00    0.00    0.00    0.00    1.00     1  cinnamon
02:38:07     1000      5902    7.00    2.00    0.00    1.00    9.00     1  brave
02:38:07     1000      5942    2.00    2.00    0.00    0.00    4.00     1  brave
02:38:07     1000      5943    2.00    3.00    0.00    0.00    5.00     1  brave
02:38:07     1000      6021    1.00    0.00    0.00    0.00    1.00     1  brave
02:38:07     1000      6120    9.00    1.00    0.00    4.00   10.00     1  brave
02:38:07     1000      6344    2.00    2.00    0.00    0.00    4.00     0  brave
02:38:07     1000      6418    0.00    1.00    0.00    0.00    1.00     1  brave
02:38:07     1000     11670    1.00    0.00    0.00    0.00    1.00     1  brave
02:38:07     1000     11817    1.00    2.00    0.00    0.00    3.00     0  pidstat

# Time        UID       PID    %usr %system  %guest   %wait    %CPU   CPU  Command
02:38:08        0        14    0.00    1.00    0.00    0.00    1.00     0  ksoftirqd/0
02:38:08     1000      3303    1.00    0.00    0.00    0.00    1.00     1  ibus-daemon
02:38:08     1000      3436    1.00    0.00    0.00    0.00    1.00     0  ibus-engine-sim
02:38:08     1000      3596    0.00    1.00    0.00    0.00    1.00     1  cinnamon
02:38:08     1000      4636    1.00    0.00    0.00    0.00    1.00     1  jetbrains-toolb
02:38:08     1000      5902    2.00    0.00    0.00    1.00    2.00     1  brave
02:38:08     1000      5942    2.00    3.00    0.00    0.00    5.00     1  brave
02:38:08     1000      6120   13.00    3.00    0.00    1.00   16.00     0  brave
02:38:08     1000      6344    5.00    1.00    0.00    0.00    6.00     1  brave
02:38:08     1000     11817    1.00    3.00    0.00    0.00    4.00     0  pidstat

# Time        UID       PID    %usr %system  %guest   %wait    %CPU   CPU  Command
02:38:09        0       703    0.00    1.00    0.00    0.00    1.00     1  irq/63-rtw88_pci
02:38:09     1000      3314    1.00    0.00    0.00    0.00    1.00     1  ibus-extension-
02:38:09     1000      3436    0.00    1.00    0.00    0.00    1.00     0  ibus-engine-sim
02:38:09     1000      3596    1.00    0.00    0.00    0.00    1.00     1  cinnamon
02:38:09     1000      5902    8.00    2.00    0.00    1.00   10.00     1  brave
02:38:09     1000      5942    2.00    2.00    0.00    0.00    4.00     0  brave
02:38:09     1000      5943    3.00    1.00    0.00    0.00    4.00     1  brave
02:38:09     1000      6120   12.00    1.00    0.00    2.00   13.00     1  brave
02:38:09     1000      6344    3.00    1.00    0.00    1.00    4.00     1  brave
02:38:09     1000     11817    1.00    3.00    0.00    0.00    4.00     0  pidstat

# Time        UID       PID    %usr %system  %guest   %wait    %CPU   CPU  Command
02:38:10        0        15    0.00    1.00    0.00    0.00    1.00     0  rcu_preempt
02:38:10        0       165    0.00    1.00    0.00    0.00    1.00     0  gfx
02:38:10        0       968    2.00    0.00    0.00    0.00    2.00     1  Xorg
02:38:10     1000      3596    5.00    0.00    0.00    1.00    5.00     0  cinnamon
02:38:10     1000      5942    3.00    3.00    0.00    1.00    6.00     1  brave
02:38:10     1000      6120    6.00    1.00    0.00    1.00    7.00     0  brave
02:38:10     1000      6344    4.00    1.00    0.00    0.00    5.00     0  brave
02:38:10     1000     11817    1.00    2.00    0.00    0.00    3.00     1  pidstat

# Time        UID       PID    %usr %system  %guest   %wait    %CPU   CPU  Command
02:38:11        0       968    0.00    1.00    0.00    0.00    1.00     0  Xorg
02:38:11     1000      3303    0.00    1.00    0.00    1.00    1.00     0  ibus-daemon
02:38:11     1000      3596    0.00    1.00    0.00    1.00    1.00     1  cinnamon
02:38:11     1000      3947    0.00    1.00    0.00    0.00    1.00     0  blueman-tray
02:38:11     1000      4636    0.00    1.00    0.00    0.00    1.00     1  jetbrains-toolb
02:38:11     1000      5902    5.00    0.00    0.00    1.00    5.00     0  brave
02:38:11     1000      5942    3.00    2.00    0.00    1.00    5.00     0  brave
02:38:11     1000      6021    1.00    0.00    0.00    0.00    1.00     1  brave
02:38:11     1000      6120   60.00    3.00    0.00   16.00   63.00     1  brave
02:38:11     1000      6344    3.00    2.00    0.00    1.00    5.00     1  brave
02:38:11        0     10333    0.00    1.00    0.00    0.00    1.00     1  kworker/u33:0-rtw_tx_wq
02:38:11     1000     11817    1.00    3.00    0.00    2.00    4.00     0  pidstat
