Linux 6.1.0-34-amd64 (debian) 	06/04/25 	_x86_64_	(2 CPU)

# Time        UID       PID    %usr %system  %guest   %wait    %CPU   CPU  Command
02:43:43        0       968    0.99    0.99    0.00    0.00    1.98     0  Xorg
02:43:43     1000      3596    2.97    0.99    0.00    0.99    3.96     1  cinnamon
02:43:43     1000      4636    0.00    0.99    0.00    0.00    0.99     0  jetbrains-toolb
02:43:43     1000      5902    0.00    0.99    0.00    0.00    0.99     0  brave
02:43:43     1000      5942    2.97    2.97    0.00    1.98    5.94     0  brave
02:43:43     1000      6120    5.94    1.98    0.00    0.99    7.92     1  brave
02:43:43     1000      6344    4.95    0.99    0.00    0.99    5.94     0  brave
02:43:43     1000      6626    0.99    0.00    0.00    0.00    0.99     1  brave
02:43:43     1000     12413    0.99    1.98    0.00    0.00    2.97     1  pidstat
02:43:43     1000     12416    0.99    6.93    0.00    0.00    7.92     0  spin-lock

# Time        UID       PID    %usr %system  %guest   %wait    %CPU   CPU  Command
02:43:44        0       968    0.00    1.00    0.00    1.00    1.00     0  Xorg
02:43:44     1000      3596    4.00    0.00    0.00    1.00    4.00     1  cinnamon
02:43:44     1000      5902    1.00    0.00    0.00    0.00    1.00     0  brave
02:43:44     1000      5942    5.00    2.00    0.00    1.00    7.00     1  brave
02:43:44     1000      6120    6.00    2.00    0.00    1.00    8.00     0  brave
02:43:44     1000      6344    4.00    2.00    0.00    2.00    6.00     1  brave
02:43:44     1000     12413    2.00    3.00    0.00    0.00    5.00     1  pidstat

# Time        UID       PID    %usr %system  %guest   %wait    %CPU   CPU  Command
02:43:45        0        15    0.00    1.00    0.00    0.00    1.00     1  rcu_preempt
02:43:45        0       703    0.00    1.00    0.00    0.00    1.00     1  irq/63-rtw88_pci
02:43:45      120       916    0.00    1.00    0.00    0.00    1.00     0  redis-server
02:43:45        0       968    1.00    0.00    0.00    0.00    1.00     0  Xorg
02:43:45     1000      3596    3.00    1.00    0.00    1.00    4.00     1  cinnamon
02:43:45     1000      3947    0.00    1.00    0.00    0.00    1.00     0  blueman-tray
02:43:45     1000      5902    0.00    1.00    0.00    0.00    1.00     0  brave
02:43:45     1000      5942    3.00    3.00    0.00    1.00    6.00     0  brave
02:43:45     1000      6120    6.00    2.00    0.00    1.00    8.00     1  brave
02:43:45     1000      6344    3.00    2.00    0.00    1.00    5.00     0  brave
02:43:45        0     11701    0.00    1.00    0.00    0.00    1.00     0  kworker/u32:7-phy0
02:43:45     1000     12413    1.00    2.00    0.00    1.00    3.00     0  pidstat
02:43:45     1000     12416    1.00    0.00    0.00    0.00    1.00     0  spin-lock

# Time        UID       PID    %usr %system  %guest   %wait    %CPU   CPU  Command
02:43:46        0       140    0.00    1.00    0.00    0.00    1.00     0  irq/30-ELAN0708:00
02:43:46        0       165    0.00    1.00    0.00    0.00    1.00     1  gfx
02:43:46        0       968    2.00    2.00    0.00    0.00    4.00     1  Xorg
02:43:46     1000      3596    4.00    1.00    0.00    2.00    5.00     0  cinnamon
02:43:46     1000      4636    0.00    1.00    0.00    0.00    1.00     0  jetbrains-toolb
02:43:46     1000      5902    2.00    1.00    0.00    0.00    3.00     1  brave
02:43:46     1000      5942    3.00    3.00    0.00    1.00    6.00     0  brave
02:43:46     1000      6120    8.00    2.00    0.00    2.00   10.00     1  brave
02:43:46     1000      6344    9.00    2.00    0.00    2.00   11.00     1  brave
02:43:46     1000     12413    0.00    2.00    0.00    0.00    2.00     0  pidstat

# Time        UID       PID    %usr %system  %guest   %wait    %CPU   CPU  Command
02:43:47      120       916    1.00    0.00    0.00    0.00    1.00     1  redis-server
02:43:47        0       968    2.00    2.00    0.00    0.00    4.00     1  Xorg
02:43:47     1000      3303    3.00    1.00    0.00    4.00    4.00     0  ibus-daemon
02:43:47     1000      3313    1.00    0.00    0.00    1.00    1.00     0  ibus-ui-gtk3
02:43:47     1000      3314    1.00    0.00    0.00    1.00    1.00     0  ibus-extension-
02:43:47     1000      3401    1.00    0.00    0.00    0.00    1.00     0  csd-a11y-settin
02:43:47     1000      3417    0.00    1.00    0.00    0.00    1.00     0  csd-keyboard
02:43:47     1000      3596    6.00    2.00    0.00   10.00    8.00     1  cinnamon
02:43:47     1000      5902    8.00    2.00    0.00    3.00   10.00     1  brave
02:43:47     1000      5942    7.00    4.00    0.00    9.00   11.00     1  brave
02:43:47     1000      6021    1.00    0.00    0.00    0.00    1.00     0  brave
02:43:47     1000      6120    7.00    0.00    0.00    9.00    7.00     0  brave
02:43:47     1000      6344   56.00    2.00    0.00   13.00   58.00     1  brave
02:43:47        0     12399    0.00    1.00    0.00    0.00    1.00     1  kworker/u32:0-events_unbound
02:43:47     1000     12413    0.00    1.00    0.00    0.00    1.00     0  pidstat

# Time        UID       PID    %usr %system  %guest   %wait    %CPU   CPU  Command
02:43:48        0       703    0.00    1.00    0.00    0.00    1.00     1  irq/63-rtw88_pci
02:43:48        0       968    1.00    1.00    0.00    0.00    2.00     1  Xorg
02:43:48     1000      3303    4.00    0.00    0.00    1.00    4.00     0  ibus-daemon
02:43:48     1000      3436    1.00    1.00    0.00    0.00    2.00     0  ibus-engine-sim
02:43:48     1000      3596    3.00    1.00    0.00    9.00    4.00     1  cinnamon
02:43:48     1000      5902    8.00    2.00    0.00    2.00   10.00     1  brave
02:43:48     1000      5942    5.00    1.00    0.00    1.00    6.00     1  brave
02:43:48     1000      6120    4.00    0.00    0.00    1.00    4.00     1  brave
02:43:48     1000      6344   95.00    2.00    0.00    6.00   97.00     1  brave
02:43:48     1000      6418    1.00    0.00    0.00    1.00    1.00     1  brave
02:43:48     1000     12413    1.00    1.00    0.00    0.00    2.00     0  pidstat
02:43:48     1000     12416    0.00    1.00    0.00    0.00    1.00     0  spin-lock

# Time        UID       PID    %usr %system  %guest   %wait    %CPU   CPU  Command
02:43:49        0       968    1.00    1.00    0.00    0.00    2.00     1  Xorg
02:43:49     1000      3303    2.00    0.00    0.00    1.00    2.00     0  ibus-daemon
02:43:49     1000      3596    3.00    1.00    0.00    5.00    4.00     1  cinnamon
02:43:49     1000      5902    5.00    1.00    0.00    1.00    6.00     1  brave
02:43:49     1000      5942    3.00    2.00    0.00    2.00    5.00     0  brave
02:43:49     1000      5943    1.00    0.00    0.00    0.00    1.00     1  brave
02:43:49     1000      6109    1.00    0.00    0.00    0.00    1.00     1  brave
02:43:49     1000      6120    4.00    2.00    0.00    1.00    6.00     1  brave
02:43:49     1000      6344   72.00    3.00    0.00    6.00   75.00     0  brave
02:43:49     1000     12413    1.00    1.00    0.00    1.00    2.00     0  pidstat

# Time        UID       PID    %usr %system  %guest   %wait    %CPU   CPU  Command
02:43:50        0       165    0.00    1.00    0.00    0.00    1.00     0  gfx
02:43:50        0       968    1.00    0.00    0.00    0.00    1.00     1  Xorg
02:43:50     1000      3303    1.00    0.00    0.00    1.00    1.00     0  ibus-daemon
02:43:50     1000      3436    1.00    0.00    0.00    0.00    1.00     1  ibus-engine-sim
02:43:50     1000      3596    2.00    1.00    0.00    4.00    3.00     1  cinnamon
02:43:50     1000      5902    6.00    2.00    0.00    2.00    8.00     1  brave
02:43:50     1000      5942    4.00    1.00    0.00    0.00    5.00     1  brave
02:43:50     1000      6120    4.00    1.00    0.00    1.00    5.00     0  brave
02:43:50     1000      6150    1.00    0.00    0.00    0.00    1.00     0  alacritty
02:43:50     1000      6344   64.00    3.00    0.00    6.00   67.00     1  brave
02:43:50     1000      6626    0.00    1.00    0.00    0.00    1.00     1  brave
02:43:50        0     12078    0.00    1.00    0.00    0.00    1.00     1  kworker/1:0-events
02:43:50     1000     12413    0.00    1.00    0.00    0.00    1.00     0  pidstat

# Time        UID       PID    %usr %system  %guest   %wait    %CPU   CPU  Command
02:43:51        0       968    1.00    1.00    0.00    0.00    2.00     1  Xorg
02:43:51     1000      3303    2.00    1.00    0.00    1.00    3.00     1  ibus-daemon
02:43:51     1000      3313    1.00    0.00    0.00    0.00    1.00     1  ibus-ui-gtk3
02:43:51     1000      3314    1.00    0.00    0.00    0.00    1.00     1  ibus-extension-
02:43:51     1000      3436    1.00    0.00    0.00    1.00    1.00     1  ibus-engine-sim
02:43:51     1000      3596    3.00    1.00    0.00    5.00    4.00     1  cinnamon
02:43:51     1000      4636    0.00    1.00    0.00    0.00    1.00     0  jetbrains-toolb
02:43:51     1000      5902    6.00    3.00    0.00    1.00    9.00     1  brave
02:43:51     1000      5942    4.00    2.00    0.00    1.00    6.00     1  brave
02:43:51     1000      6120    4.00    2.00    0.00    2.00    6.00     1  brave
02:43:51     1000      6319    1.00    0.00    0.00    0.00    1.00     0  brave
02:43:51     1000      6344   78.00    3.00    0.00    7.00   81.00     1  brave
02:43:51     1000     12413    0.00    2.00    0.00    0.00    2.00     0  pidstat

# Time        UID       PID    %usr %system  %guest   %wait    %CPU   CPU  Command
02:43:52        0       968    1.00    1.00    0.00    0.00    2.00     1  Xorg
02:43:52     1000      3303    3.00    0.00    0.00    3.00    3.00     1  ibus-daemon
02:43:52     1000      3436    1.00    0.00    0.00    0.00    1.00     1  ibus-engine-sim
02:43:52     1000      3596    2.00    1.00    0.00   10.00    3.00     1  cinnamon
02:43:52     1000      3947    1.00    0.00    0.00    0.00    1.00     1  blueman-tray
02:43:52     1000      5902    9.00    1.00    0.00    4.00   10.00     1  brave
02:43:52     1000      5942    4.00    1.00    0.00    1.00    5.00     1  brave
02:43:52     1000      6120    4.00    1.00    0.00    5.00    5.00     1  brave
02:43:52     1000      6344  121.00    2.00    0.00   24.00  123.00     1  brave
02:43:52        0     11701    0.00    1.00    0.00    0.00    1.00     1  kworker/u32:7-events_unbound
02:43:52     1000     12413    1.00    1.00    0.00    0.00    2.00     0  pidstat

# Time        UID       PID    %usr %system  %guest   %wait    %CPU   CPU  Command
02:43:53        0        36    0.00    1.00    0.00    0.00    1.00     0  khugepaged
02:43:53      120       916    0.00    1.00    0.00    0.00    1.00     1  redis-server
02:43:53        0       968    1.00    1.00    0.00    0.00    2.00     0  Xorg
02:43:53     1000      3303    0.00    1.00    0.00    1.00    1.00     1  ibus-daemon
02:43:53     1000      3596    3.00    0.00    0.00    5.00    3.00     0  cinnamon
02:43:53     1000      4636    1.00    0.00    0.00    0.00    1.00     0  jetbrains-toolb
02:43:53     1000      5902    5.00    2.00    0.00    2.00    7.00     0  brave
02:43:53     1000      5942    4.00    2.00    0.00    1.00    6.00     0  brave
02:43:53     1000      6120    5.00    1.00    0.00    3.00    6.00     1  brave
02:43:53     1000      6344   61.00    3.00    0.00    5.00   64.00     1  brave
02:43:53     1000     12413    1.00    1.00    0.00    1.00    2.00     0  pidstat
02:43:53     1000     12416    0.00    1.00    0.00    0.00    1.00     0  spin-lock

# Time        UID       PID    %usr %system  %guest   %wait    %CPU   CPU  Command
02:43:54        0        15    0.00    1.00    0.00    0.00    1.00     1  rcu_preempt
02:43:54        0       703    0.00    1.00    0.00    0.00    1.00     1  irq/63-rtw88_pci
02:43:54        0       934    1.00    0.00    0.00    0.00    1.00     0  containerd
02:43:54        0       968    2.00    1.00    0.00    1.00    3.00     1  Xorg
02:43:54     1000      3303    4.00    1.00    0.00    0.00    5.00     0  ibus-daemon
02:43:54     1000      3436    1.00    0.00    0.00    1.00    1.00     1  ibus-engine-sim
02:43:54     1000      3596    3.00    1.00    0.00   10.00    4.00     1  cinnamon
02:43:54     1000      5902    9.00    1.00    0.00    0.00   10.00     1  brave
02:43:54     1000      5942    4.00    2.00    0.00    2.00    6.00     1  brave
02:43:54     1000      6120    5.00    2.00    0.00    2.00    7.00     1  brave
02:43:54     1000      6344   81.00    3.00    0.00   10.00   84.00     1  brave
02:43:54     1000     12413    1.00    1.00    0.00    0.00    2.00     0  pidstat

# Time        UID       PID    %usr %system  %guest   %wait    %CPU   CPU  Command
02:43:55        0       968    1.00    0.00    0.00    0.00    1.00     1  Xorg
02:43:55     1000      3303    2.00    0.00    0.00    1.00    2.00     0  ibus-daemon
02:43:55     1000      3313    1.00    0.00    0.00    1.00    1.00     1  ibus-ui-gtk3
02:43:55     1000      3314    1.00    0.00    0.00    0.00    1.00     1  ibus-extension-
02:43:55     1000      3417    0.00    1.00    0.00    0.00    1.00     1  csd-keyboard
02:43:55     1000      3436    1.00    1.00    0.00    0.00    2.00     1  ibus-engine-sim
02:43:55     1000      3596    3.00    1.00    0.00   14.00    4.00     1  cinnamon
02:43:55     1000      5902    8.00    1.00    0.00    3.00    9.00     1  brave
02:43:55     1000      5942    4.00    1.00    0.00    1.00    5.00     1  brave
02:43:55     1000      6120    5.00    0.00    0.00    2.00    5.00     1  brave
02:43:55     1000      6344   90.00    4.00    0.00    6.00   94.00     1  brave
02:43:55     1000     12413    1.00    2.00    0.00    0.00    3.00     0  pidstat

# Time        UID       PID    %usr %system  %guest   %wait    %CPU   CPU  Command
02:43:56        0       968    2.00    1.00    0.00    0.00    3.00     1  Xorg
02:43:56     1000      3303    2.00    2.00    0.00    2.00    4.00     1  ibus-daemon
02:43:56     1000      3417    1.00    0.00    0.00    1.00    1.00     0  csd-keyboard
02:43:56     1000      3436    1.00    0.00    0.00    1.00    1.00     1  ibus-engine-sim
02:43:56     1000      3596    4.00    0.00    0.00    6.00    4.00     0  cinnamon
02:43:56     1000      4636    0.00    1.00    0.00    0.00    1.00     0  jetbrains-toolb
02:43:56     1000      5902    8.00    2.00    0.00    3.00   10.00     0  brave
02:43:56     1000      5942    5.00    1.00    0.00    3.00    6.00     0  brave
02:43:56     1000      6120    5.00    1.00    0.00    2.00    6.00     1  brave
02:43:56     1000      6344   87.00    3.00    0.00   12.00   90.00     1  brave
02:43:56     1000     12413    0.00    2.00    0.00    1.00    2.00     0  pidstat

# Time        UID       PID    %usr %system  %guest   %wait    %CPU   CPU  Command
02:43:57        0       165    0.00    1.00    0.00    0.00    1.00     0  gfx
02:43:57      120       916    1.00    0.00    0.00    0.00    1.00     1  redis-server
02:43:57        0       968    1.00    1.00    0.00    0.00    2.00     1  Xorg
02:43:57     1000      3303    4.00    0.00    0.00    5.00    4.00     1  ibus-daemon
02:43:57     1000      3436    1.00    0.00    0.00    0.00    1.00     1  ibus-engine-sim
02:43:57     1000      3596    4.00    1.00    0.00   10.00    5.00     1  cinnamon
02:43:57     1000      5902    9.00    1.00    0.00    4.00   10.00     1  brave
02:43:57     1000      5942    4.00    2.00    0.00    1.00    6.00     1  brave
02:43:57     1000      5943    0.00    1.00    0.00    0.00    1.00     1  brave
02:43:57     1000      6120    5.00    0.00    0.00    4.00    5.00     0  brave
02:43:57     1000      6344   97.00    3.00    0.00    6.00  100.00     1  brave
02:43:57        0     11701    0.00    1.00    0.00    0.00    1.00     1  kworker/u32:7-events_unbound
02:43:57     1000     12413    0.00    1.00    0.00    0.00    1.00     0  pidstat

# Time        UID       PID    %usr %system  %guest   %wait    %CPU   CPU  Command
02:43:58        0       703    0.00    1.00    0.00    0.00    1.00     1  irq/63-rtw88_pci
02:43:58        0       968    1.00    2.00    0.00    0.00    3.00     1  Xorg
02:43:58     1000      3303    2.00    1.00    0.00    8.00    3.00     1  ibus-daemon
02:43:58     1000      3313    1.00    0.00    0.00    1.00    1.00     1  ibus-ui-gtk3
02:43:58     1000      3436    1.00    0.00    0.00    0.00    1.00     1  ibus-engine-sim
02:43:58     1000      3596    3.00    1.00    0.00   15.00    4.00     1  cinnamon
02:43:58     1000      4636    1.00    0.00    0.00    0.00    1.00     0  jetbrains-toolb
02:43:58     1000      5902    9.00    1.00    0.00    4.00   10.00     1  brave
02:43:58     1000      5942    5.00    2.00    0.00    2.00    7.00     1  brave
02:43:58     1000      6120    5.00    1.00    0.00    3.00    6.00     1  brave
02:43:58     1000      6344  105.00    3.00    0.00    8.00  108.00     1  brave
02:43:58        0     10333    0.00    1.00    0.00    0.00    1.00     1  kworker/u33:0-rtw_tx_wq
02:43:58        0     12078    0.00    1.00    0.00    0.00    1.00     1  kworker/1:0-events
02:43:58     1000     12413    1.00    1.00    0.00    0.00    2.00     0  pidstat

# Time        UID       PID    %usr %system  %guest   %wait    %CPU   CPU  Command
02:43:59        0       703    0.00    1.00    0.00    0.00    1.00     1  irq/63-rtw88_pci
02:43:59        0       968    1.00    1.00    0.00    0.00    2.00     1  Xorg
02:43:59     1000      3303    1.00    0.00    0.00    0.00    1.00     1  ibus-daemon
02:43:59     1000      3596    4.00    0.00    0.00    5.00    4.00     1  cinnamon
02:43:59     1000      5902    8.00    1.00    0.00    1.00    9.00     0  brave
02:43:59     1000      5942    3.00    4.00    0.00    4.00    7.00     0  brave
02:43:59     1000      5943    3.00    1.00    0.00    0.00    4.00     1  brave
02:43:59     1000      6120    5.00    2.00    0.00    7.00    7.00     0  brave
02:43:59     1000      6344   98.00    6.00    0.00   10.00  104.00     1  brave
02:43:59     1000      6418    1.00    0.00    0.00    0.00    1.00     1  brave
02:43:59     1000     12413    1.00    2.00    0.00    1.00    3.00     0  pidstat
02:43:59     1000     12416    0.00    1.00    0.00    0.00    1.00     0  spin-lock

# Time        UID       PID    %usr %system  %guest   %wait    %CPU   CPU  Command
02:44:00        0       140    0.00    1.00    0.00    0.00    1.00     0  irq/30-ELAN0708:00
02:44:00        0       165    0.00    1.00    0.00    0.00    1.00     1  gfx
02:44:00        0       968    3.00    7.00    0.00    1.00   10.00     0  Xorg
02:44:00     1000      3596   21.00    3.00    0.00   32.00   24.00     0  cinnamon
02:44:00     1000      5902    6.00    3.00    0.00    2.00    9.00     0  brave
02:44:00     1000      5942   23.00    8.00    0.00   24.00   31.00     1  brave
02:44:00     1000      6021    0.00    1.00    0.00    0.00    1.00     0  brave
02:44:00     1000      6120    7.00    1.00    0.00    2.00    8.00     1  brave
02:44:00     1000      6150    1.00    1.00    0.00    1.00    2.00     1  alacritty
02:44:00     1000      6344   77.00    5.00    0.00   33.00   82.00     1  brave
02:44:00        0     11701    0.00    1.00    0.00    0.00    1.00     0  kworker/u32:7-phy0
02:44:00        0     12399    0.00    1.00    0.00    1.00    1.00     1  kworker/u32:0+events_unbound
02:44:00     1000     12413    1.00    3.00    0.00    6.00    4.00     0  pidstat

# Time        UID       PID    %usr %system  %guest   %wait    %CPU   CPU  Command
02:44:01        0        15    0.00    1.00    0.00    0.00    1.00     1  rcu_preempt
02:44:01        0       165    0.00    1.00    0.00    0.00    1.00     1  gfx
02:44:01        0       849    1.00    0.00    0.00    0.00    1.00     1  preload
02:44:01      120       916    0.00    1.00    0.00    0.00    1.00     1  redis-server
02:44:01        0       968    1.00    3.00    0.00    0.00    4.00     1  Xorg
02:44:01     1000      3596   12.00    3.00    0.00   12.00   15.00     1  cinnamon
02:44:01     1000      5902    4.00    0.00    0.00    0.00    4.00     1  brave
02:44:01     1000      5942   11.00    3.00    0.00    6.00   14.00     1  brave
02:44:01     1000      5943    1.00    1.00    0.00    0.00    2.00     1  brave
02:44:01     1000      6120    5.00    1.00    0.00    2.00    6.00     1  brave
02:44:01     1000      6344   89.00    3.00    0.00   16.00   92.00     0  brave
02:44:01     1000      6626    1.00    0.00    0.00    0.00    1.00     1  brave
02:44:01     1000     12413    2.00    2.00    0.00    4.00    4.00     1  pidstat
