Linux 6.1.0-34-amd64 (debian) 	06/04/25 	_x86_64_	(2 CPU)

# Time        UID       PID    %usr %system  %guest   %wait    %CPU   CPU  Command
02:38:34        0       703    0.00    0.98    0.00    0.00    0.98     1  irq/63-rtw88_pci
02:38:34      120       916    0.00    0.98    0.00    0.00    0.98     1  redis-server
02:38:34        0       968    0.00    0.98    0.00    0.00    0.98     0  Xorg
02:38:34     1000      3303    0.98    0.00    0.00    0.00    0.98     0  ibus-daemon
02:38:34     1000      3596    3.92    0.98    0.00    0.98    4.90     0  cinnamon
02:38:34     1000      4636    0.00    0.98    0.00    0.00    0.98     1  jetbrains-toolb
02:38:34     1000      5902    1.96    0.98    0.00    0.00    2.94     1  brave
02:38:34     1000      5942    5.88    1.96    0.00    0.98    7.84     1  brave
02:38:34     1000      6120    8.82    2.94    0.00    1.96   11.76     0  brave
02:38:34     1000      6344    2.94    3.92    0.00    0.98    6.86     0  brave
02:38:34     1000     11885    0.00    0.98    0.00    0.00    0.98     1  pidstat

# Time        UID       PID    %usr %system  %guest   %wait    %CPU   CPU  Command
02:38:35        0       703    0.00    1.00    0.00    0.00    1.00     1  irq/63-rtw88_pci
02:38:35        0       968    1.00    0.00    0.00    0.00    1.00     1  Xorg
02:38:35     1000      3303    1.00    0.00    0.00    1.00    1.00     0  ibus-daemon
02:38:35     1000      3395    1.00    0.00    0.00    0.00    1.00     0  csd-color
02:38:35     1000      3589    0.00    1.00    0.00    0.00    1.00     0  xdg-desktop-por
02:38:35     1000      3596    1.00    0.00    0.00    3.00    1.00     0  cinnamon
02:38:35     1000      3684    0.00    1.00    0.00    0.00    1.00     1  nemo-desktop
02:38:35     1000      5902    7.00    3.00    0.00    2.00   10.00     1  brave
02:38:35     1000      5942    3.00    2.00    0.00    1.00    5.00     0  brave
02:38:35     1000      5943    4.00    1.00    0.00    0.00    5.00     1  brave
02:38:35     1000      6021    1.00    0.00    0.00    0.00    1.00     1  brave
02:38:35     1000      6120   20.00    2.00    0.00    7.00   22.00     0  brave
02:38:35     1000      6344    4.00    1.00    0.00    2.00    5.00     0  brave
02:38:35     1000      6626    6.00    0.00    0.00    0.00    6.00     1  brave
02:38:35     1000     11885    0.00    2.00    0.00    0.00    2.00     1  pidstat

# Time        UID       PID    %usr %system  %guest   %wait    %CPU   CPU  Command
02:38:36        0       968    0.00    1.00    0.00    0.00    1.00     1  Xorg
02:38:36     1000      3303    0.00    1.00    0.00    0.00    1.00     0  ibus-daemon
02:38:36     1000      3436    1.00    0.00    0.00    0.00    1.00     0  ibus-engine-sim
02:38:36     1000      3596    2.00    0.00    0.00    1.00    2.00     1  cinnamon
02:38:36     1000      4636    1.00    0.00    0.00    0.00    1.00     1  jetbrains-toolb
02:38:36     1000      5902    5.00    2.00    0.00    1.00    7.00     1  brave
02:38:36     1000      5942    4.00    1.00    0.00    1.00    5.00     1  brave
02:38:36     1000      5943    2.00    1.00    0.00    0.00    3.00     1  brave
02:38:36     1000      6021    1.00    0.00    0.00    0.00    1.00     1  brave
02:38:36     1000      6120   18.00    3.00    0.00    6.00   21.00     0  brave
02:38:36     1000      6150    1.00    0.00    0.00    0.00    1.00     0  alacritty
02:38:36     1000      6344    3.00    2.00    0.00    2.00    5.00     1  brave
02:38:36     1000     11885    1.00    1.00    0.00    2.00    2.00     1  pidstat

# Time        UID       PID    %usr %system  %guest   %wait    %CPU   CPU  Command
02:38:37        0       703    0.00    1.00    0.00    0.00    1.00     1  irq/63-rtw88_pci
02:38:37        0       968    1.00    1.00    0.00    0.00    2.00     0  Xorg
02:38:37     1000      3303    2.00    0.00    0.00    2.00    2.00     1  ibus-daemon
02:38:37     1000      3596    2.00    1.00    0.00    3.00    3.00     1  cinnamon
02:38:37     1000      5902   12.00   47.00    0.00   10.00   59.00     0  brave
02:38:37     1000      5942    3.00    2.00    0.00    2.00    5.00     1  brave
02:38:37     1000      5943    4.00    2.00    0.00    0.00    6.00     1  brave
02:38:37     1000      6021    1.00    1.00    0.00    0.00    2.00     1  brave
02:38:37     1000      6120   45.00    1.00    0.00   30.00   46.00     0  brave
02:38:37     1000      6344    4.00    0.00    0.00    0.00    4.00     0  brave
02:38:37        0     10333    0.00    1.00    0.00    0.00    1.00     1  kworker/u33:0-rtw_tx_wq
02:38:37     1000     11670    0.00    1.00    0.00    0.00    1.00     1  brave
02:38:37     1000     11885    1.00    1.00    0.00    2.00    2.00     1  pidstat

# Time        UID       PID    %usr %system  %guest   %wait    %CPU   CPU  Command
02:38:38      105       800    0.00    1.00    0.00    0.00    1.00     0  avahi-daemon
02:38:38      114      1077    0.00    1.00    0.00    0.00    1.00     0  postgres
02:38:38     1000      5902    8.00    1.00    0.00    3.00    9.00     0  brave
02:38:38     1000      5942    3.00    1.00    0.00    1.00    4.00     1  brave
02:38:38     1000      5943    2.00    1.00    0.00    0.00    3.00     1  brave
02:38:38     1000      6021    1.00    1.00    0.00    0.00    2.00     1  brave
02:38:38     1000      6097    1.00    0.00    0.00    0.00    1.00     1  brave
02:38:38     1000      6120   39.00    2.00    0.00   13.00   41.00     0  brave
02:38:38     1000      6344    3.00    1.00    0.00    1.00    4.00     0  brave
02:38:38        0     10294    0.00    1.00    0.00    0.00    1.00     0  kworker/u32:1-phy0
02:38:38     1000     11670    1.00    0.00    0.00    0.00    1.00     1  brave
02:38:38     1000     11885    0.00    3.00    0.00    0.00    3.00     1  pidstat

# Time        UID       PID    %usr %system  %guest   %wait    %CPU   CPU  Command
02:38:39        0       968    1.00    0.00    0.00    0.00    1.00     1  Xorg
02:38:39     1000      3596    4.00    1.00    0.00    0.00    5.00     1  cinnamon
02:38:39     1000      5902    1.00    1.00    0.00    0.00    2.00     0  brave
02:38:39     1000      5942    5.00    1.00    0.00    1.00    6.00     0  brave
02:38:39     1000      6120    7.00    1.00    0.00    2.00    8.00     0  brave
02:38:39     1000      6344    4.00    2.00    0.00    2.00    6.00     0  brave
02:38:39     1000     11885    1.00    2.00    0.00    0.00    3.00     1  pidstat

# Time        UID       PID    %usr %system  %guest   %wait    %CPU   CPU  Command
02:38:40        0       165    0.00    1.00    0.00    0.00    1.00     0  gfx
02:38:40        0       174    0.00    1.00    0.00    0.00    1.00     1  sdma0
02:38:40        0       968    0.00    2.00    0.00    0.00    2.00     0  Xorg
02:38:40     1000      3596    5.00    0.00    0.00    1.00    5.00     1  cinnamon
02:38:40     1000      4636    0.00    1.00    0.00    0.00    1.00     1  jetbrains-toolb
02:38:40     1000      5902    1.00    0.00    0.00    0.00    1.00     0  brave
02:38:40     1000      5942    7.00    2.00    0.00    1.00    9.00     1  brave
02:38:40     1000      6120    8.00    1.00    0.00    2.00    9.00     0  brave
02:38:40     1000      6344    5.00    1.00    0.00    1.00    6.00     0  brave
02:38:40     1000     11885    1.00    3.00    0.00    0.00    4.00     1  pidstat

# Time        UID       PID    %usr %system  %guest   %wait    %CPU   CPU  Command
02:38:41        0       703    0.00    1.00    0.00    0.00    1.00     1  irq/63-rtw88_pci
02:38:41        0       852    0.00    1.00    0.00    0.00    1.00     0  NetworkManager
02:38:41      120       916    1.00    0.00    0.00    0.00    1.00     0  redis-server
02:38:41        0       945    0.00    1.00    0.00    0.00    1.00     0  winbindd
02:38:41        0       968    2.00    0.00    0.00    0.00    2.00     1  Xorg
02:38:41     1000      3303    0.00    1.00    0.00    1.00    1.00     1  ibus-daemon
02:38:41     1000      3417    1.00    0.00    0.00    1.00    1.00     0  csd-keyboard
02:38:41     1000      3436    1.00    0.00    0.00    0.00    1.00     0  ibus-engine-sim
02:38:41     1000      3596    4.00    0.00    0.00    2.00    4.00     1  cinnamon
02:38:41     1000      4636    1.00    0.00    0.00    0.00    1.00     1  jetbrains-toolb
02:38:41     1000      5902    7.00    2.00    0.00    1.00    9.00     0  brave
02:38:41     1000      5942    6.00    0.00    0.00    1.00    6.00     1  brave
02:38:41     1000      5943    3.00    0.00    0.00    0.00    3.00     1  brave
02:38:41     1000      6120   17.00    1.00    0.00    6.00   18.00     0  brave
02:38:41     1000      6344    4.00    1.00    0.00    3.00    5.00     1  brave
02:38:41     1000      6626    1.00    0.00    0.00    0.00    1.00     1  brave
02:38:41     1000      8645    1.00    0.00    0.00    0.00    1.00     1  brave
02:38:41        0     10294    0.00    1.00    0.00    0.00    1.00     1  kworker/u32:1-events_unbound
02:38:41     1000     11885    1.00    3.00    0.00    1.00    4.00     1  pidstat

# Time        UID       PID    %usr %system  %guest   %wait    %CPU   CPU  Command
02:38:42        0        15    0.00    1.00    0.00    0.00    1.00     0  rcu_preempt
02:38:42        0       703    0.00    1.00    0.00    0.00    1.00     1  irq/63-rtw88_pci
02:38:42        0       849    1.00    0.00    0.00    0.00    1.00     1  preload
02:38:42        0       968    1.00    0.00    0.00    0.00    1.00     1  Xorg
02:38:42     1000      3303    2.00    0.00    0.00    1.00    2.00     1  ibus-daemon
02:38:42     1000      3436    0.00    1.00    0.00    0.00    1.00     1  ibus-engine-sim
02:38:42     1000      3596    1.00    1.00    0.00    2.00    2.00     0  cinnamon
02:38:42     1000      5902   14.00    3.00    0.00    2.00   17.00     1  brave
02:38:42     1000      5942    4.00    2.00    0.00    1.00    6.00     0  brave
02:38:42     1000      5943    4.00    4.00    0.00    0.00    8.00     1  brave
02:38:42     1000      6021    1.00    1.00    0.00    0.00    2.00     1  brave
02:38:42     1000      6120   26.00    3.00    0.00    8.00   29.00     0  brave
02:38:42     1000      6344    3.00    2.00    0.00    2.00    5.00     1  brave
02:38:42     1000      6626    1.00    0.00    0.00    1.00    1.00     1  brave
02:38:42     1000      6987    1.00    0.00    0.00    0.00    1.00     0  brave
02:38:42        0      9838    0.00    1.00    0.00    0.00    1.00     0  kworker/0:1-events
02:38:42     1000     11885    0.00    1.00    0.00    0.00    1.00     1  pidstat

# Time        UID       PID    %usr %system  %guest   %wait    %CPU   CPU  Command
02:38:43        0       968    1.00    0.00    0.00    0.00    1.00     0  Xorg
02:38:43     1000      3303    1.00    0.00    0.00    0.00    1.00     0  ibus-daemon
02:38:43     1000      3596    1.00    0.00    0.00    2.00    1.00     0  cinnamon
02:38:43     1000      5902    9.00   23.00    0.00    3.00   32.00     0  brave
02:38:43     1000      5942    3.00    2.00    0.00    1.00    5.00     1  brave
02:38:43     1000      5943    5.00    0.00    0.00    0.00    5.00     1  brave
02:38:43     1000      6021    2.00    0.00    0.00    0.00    2.00     1  brave
02:38:43     1000      6120   20.00    1.00    0.00    8.00   21.00     0  brave
02:38:43     1000      6344    4.00    1.00    0.00    3.00    5.00     1  brave
02:38:43     1000     11885    0.00    2.00    0.00    0.00    2.00     1  pidstat

# Time        UID       PID    %usr %system  %guest   %wait    %CPU   CPU  Command
02:38:44        0       968    0.00    1.00    0.00    0.00    1.00     1  Xorg
02:38:44     1000      3303    2.00    0.00    0.00    1.00    2.00     0  ibus-daemon
02:38:44     1000      3436    0.00    1.00    0.00    0.00    1.00     0  ibus-engine-sim
02:38:44     1000      3596    0.00    1.00    0.00    1.00    1.00     0  cinnamon
02:38:44     1000      3947    0.00    1.00    0.00    1.00    1.00     1  blueman-tray
02:38:44     1000      4636    1.00    0.00    0.00    0.00    1.00     1  jetbrains-toolb
02:38:44     1000      5902    7.00    3.00    0.00    1.00   10.00     0  brave
02:38:44     1000      5942    3.00    2.00    0.00    1.00    5.00     0  brave
02:38:44     1000      5943    0.00    3.00    0.00    0.00    3.00     1  brave
02:38:44     1000      6021    1.00    0.00    0.00    0.00    1.00     1  brave
02:38:44     1000      6120   14.00    2.00    0.00    3.00   16.00     1  brave
02:38:44     1000      6344    4.00    1.00    0.00    1.00    5.00     0  brave
02:38:44     1000      6626    0.00    1.00    0.00    0.00    1.00     1  brave
02:38:44     1000     11885    0.00    1.00    0.00    0.00    1.00     0  pidstat

# Time        UID       PID    %usr %system  %guest   %wait    %CPU   CPU  Command
02:38:45        0       703    0.00    1.00    0.00    0.00    1.00     1  irq/63-rtw88_pci
02:38:45      120       916    1.00    0.00    0.00    0.00    1.00     0  redis-server
02:38:45        0       968    0.00    1.00    0.00    1.00    1.00     0  Xorg
02:38:45     1000      3303    0.00    1.00    0.00    0.00    1.00     0  ibus-daemon
02:38:45     1000      3596    1.00    0.00    0.00    0.00    1.00     1  cinnamon
02:38:45     1000      5902    5.00    1.00    0.00    1.00    6.00     1  brave
02:38:45     1000      5942    2.00    1.00    0.00    0.00    3.00     0  brave
02:38:45     1000      5943    2.00    0.00    0.00    0.00    2.00     1  brave
02:38:45     1000      6021    0.00    1.00    0.00    0.00    1.00     1  brave
02:38:45     1000      6027    1.00    0.00    0.00    0.00    1.00     0  brave
02:38:45     1000      6120   11.00    2.00    0.00    4.00   13.00     1  brave
02:38:45     1000      6344    4.00    2.00    0.00    2.00    6.00     1  brave
02:38:45     1000     11885    2.00    2.00    0.00    0.00    4.00     0  pidstat

# Time        UID       PID    %usr %system  %guest   %wait    %CPU   CPU  Command
02:38:46        0       968    1.00    0.00    0.00    0.00    1.00     1  Xorg
02:38:46     1000      3596    3.00    0.00    0.00    1.00    3.00     1  cinnamon
02:38:46     1000      4636    0.00    1.00    0.00    1.00    1.00     1  jetbrains-toolb
02:38:46     1000      5902    3.00    2.00    0.00    1.00    5.00     1  brave
02:38:46     1000      5942    3.00    2.00    0.00    1.00    5.00     0  brave
02:38:46     1000      5943    0.00    1.00    0.00    0.00    1.00     1  brave
02:38:46     1000      6120    9.00    2.00    0.00    2.00   11.00     1  brave
02:38:46     1000      6344    5.00    0.00    0.00    1.00    5.00     1  brave
02:38:46        0      9839    0.00    1.00    0.00    0.00    1.00     1  kworker/1:2-events
02:38:46     1000     11670    1.00    0.00    0.00    0.00    1.00     1  brave
02:38:46     1000     11885    0.00    3.00    0.00    1.00    3.00     1  pidstat

# Time        UID       PID    %usr %system  %guest   %wait    %CPU   CPU  Command
02:38:47        0       703    0.00    1.00    0.00    0.00    1.00     1  irq/63-rtw88_pci
02:38:47        0       968    1.00    0.00    0.00    0.00    1.00     1  Xorg
02:38:47     1000      3303    1.00    0.00    0.00    0.00    1.00     0  ibus-daemon
02:38:47     1000      3596    3.00    0.00    0.00    0.00    3.00     0  cinnamon
02:38:47     1000      5902    9.00    4.00    0.00    2.00   13.00     1  brave
02:38:47     1000      5942    5.00    2.00    0.00    1.00    7.00     1  brave
02:38:47     1000      5943    3.00    1.00    0.00    0.00    4.00     1  brave
02:38:47     1000      6021    1.00    0.00    0.00    0.00    1.00     1  brave
02:38:47     1000      6120   10.00    3.00    0.00    5.00   13.00     0  brave
02:38:47     1000      6344    5.00    1.00    0.00    2.00    6.00     1  brave
02:38:47     1000     11885    0.00    1.00    0.00    0.00    1.00     1  pidstat

# Time        UID       PID    %usr %system  %guest   %wait    %CPU   CPU  Command
02:38:48        0       703    0.00    1.00    0.00    0.00    1.00     1  irq/63-rtw88_pci
02:38:48        0       934    1.00    0.00    0.00    0.00    1.00     0  containerd
02:38:48        0       968    1.00    0.00    0.00    0.00    1.00     1  Xorg
02:38:48     1000      3303    1.00    1.00    0.00    0.00    2.00     0  ibus-daemon
02:38:48     1000      3314    1.00    0.00    0.00    0.00    1.00     1  ibus-extension-
02:38:48     1000      3436    1.00    0.00    0.00    0.00    1.00     1  ibus-engine-sim
02:38:48     1000      3596    2.00    0.00    0.00    3.00    2.00     0  cinnamon
02:38:48     1000      5902   18.00    4.00    0.00    4.00   22.00     1  brave
02:38:48     1000      5942    5.00    1.00    0.00    2.00    6.00     1  brave
02:38:48     1000      5943    7.00    2.00    0.00    0.00    9.00     1  brave
02:38:48     1000      6021    2.00    0.00    0.00    0.00    2.00     1  brave
02:38:48     1000      6120   25.00    4.00    0.00   11.00   29.00     0  brave
02:38:48     1000      6344    4.00    0.00    0.00    1.00    4.00     0  brave
02:38:48     1000      6468    1.00    0.00    0.00    0.00    1.00     1  brave
02:38:48     1000     11670    0.00    1.00    0.00    0.00    1.00     1  brave
02:38:48     1000     11885    0.00    1.00    0.00    1.00    1.00     1  pidstat

# Time        UID       PID    %usr %system  %guest   %wait    %CPU   CPU  Command
02:38:49        0       165    0.00    1.00    0.00    0.00    1.00     0  gfx
02:38:49        0       968    1.00    1.00    0.00    0.00    2.00     0  Xorg
02:38:49     1000      3303    1.00    0.00    0.00    1.00    1.00     0  ibus-daemon
02:38:49     1000      3436    0.00    1.00    0.00    1.00    1.00     1  ibus-engine-sim
02:38:49     1000      3596    2.00    0.00    0.00    1.00    2.00     0  cinnamon
02:38:49     1000      5902    9.00    4.00    0.00    1.00   13.00     1  brave
02:38:49     1000      5942    3.00    1.00    0.00    1.00    4.00     1  brave
02:38:49     1000      5943    3.00    2.00    0.00    0.00    5.00     1  brave
02:38:49     1000      6021    2.00    0.00    0.00    0.00    2.00     1  brave
02:38:49     1000      6120   19.00    1.00    0.00    8.00   20.00     1  brave
02:38:49     1000      6344    3.00    1.00    0.00    1.00    4.00     0  brave
02:38:49     1000      6626    3.00    0.00    0.00    1.00    3.00     1  brave
02:38:49        0     11701    0.00    1.00    0.00    0.00    1.00     0  kworker/u32:7-phy0
02:38:49     1000     11885    1.00    2.00    0.00    1.00    3.00     0  pidstat

# Time        UID       PID    %usr %system  %guest   %wait    %CPU   CPU  Command
02:38:50      120       916    0.00    1.00    0.00    0.00    1.00     1  redis-server
02:38:50     1000      3303    2.00    0.00    0.00    0.00    2.00     1  ibus-daemon
02:38:50     1000      3596    2.00    1.00    0.00    2.00    3.00     1  cinnamon
02:38:50     1000      3947    1.00    0.00    0.00    0.00    1.00     1  blueman-tray
02:38:50     1000      4636    2.00    1.00    0.00    0.00    3.00     1  jetbrains-toolb
02:38:50     1000      5902   11.00    3.00    0.00    2.00   14.00     1  brave
02:38:50     1000      5942    4.00    2.00    0.00    1.00    6.00     0  brave
02:38:50     1000      5943    3.00    1.00    0.00    0.00    4.00     1  brave
02:38:50     1000      6021    1.00    1.00    0.00    0.00    2.00     1  brave
02:38:50     1000      6120   22.00    3.00    0.00    8.00   25.00     1  brave
02:38:50     1000      6344    3.00    2.00    0.00    1.00    5.00     1  brave
02:38:50     1000     11670    1.00    0.00    0.00    0.00    1.00     1  brave
02:38:50     1000     11885    2.00    2.00    0.00    0.00    4.00     0  pidstat

# Time        UID       PID    %usr %system  %guest   %wait    %CPU   CPU  Command
02:38:51        0       703    0.00    1.00    0.00    0.00    1.00     1  irq/63-rtw88_pci
02:38:51        0       968    1.00    1.00    0.00    0.00    2.00     1  Xorg
02:38:51     1000      3303    1.00    1.00    0.00    0.00    2.00     0  ibus-daemon
02:38:51     1000      3596    1.00    0.00    0.00    0.00    1.00     0  cinnamon
02:38:51     1000      5902   10.00    3.00    0.00    3.00   13.00     1  brave
02:38:51     1000      5942    3.00    2.00    0.00    1.00    5.00     1  brave
02:38:51     1000      5943    5.00    1.00    0.00    0.00    6.00     1  brave
02:38:51     1000      6021    1.00    0.00    0.00    0.00    1.00     1  brave
02:38:51     1000      6120   14.00    2.00    0.00    6.00   16.00     1  brave
02:38:51     1000      6344    4.00    1.00    0.00    1.00    5.00     1  brave
02:38:51     1000     11885    0.00    2.00    0.00    0.00    2.00     0  pidstat

# Time        UID       PID    %usr %system  %guest   %wait    %CPU   CPU  Command
02:38:52        0       968    1.00    0.00    0.00    0.00    1.00     1  Xorg
02:38:52     1000      3303    2.00    0.00    0.00    1.00    2.00     0  ibus-daemon
02:38:52     1000      3436    1.00    0.00    0.00    0.00    1.00     1  ibus-engine-sim
02:38:52     1000      3596    2.00    1.00    0.00    2.00    3.00     1  cinnamon
02:38:52     1000      5902   16.00    4.00    0.00    3.00   20.00     1  brave
02:38:52     1000      5942    5.00    1.00    0.00    0.00    6.00     0  brave
02:38:52     1000      5943    6.00    2.00    0.00    0.00    8.00     1  brave
02:38:52     1000      6021    2.00    0.00    0.00    0.00    2.00     1  brave
02:38:52     1000      6120   42.00    3.00    0.00   16.00   45.00     1  brave
02:38:52     1000      6344    3.00    0.00    0.00    1.00    3.00     1  brave
02:38:52     1000     11885    1.00    1.00    0.00    1.00    2.00     0  pidstat
