Linux 6.1.0-34-amd64 (debian) 	06/04/25 	_x86_64_	(2 CPU)

# Time        UID       PID    %usr %system  %guest   %wait    %CPU   CPU  Command
02:40:17        0        15    0.00    0.99    0.00    0.00    0.99     0  rcu_preempt
02:40:17        0       165    0.00    0.99    0.00    0.00    0.99     0  gfx
02:40:17     1000      3596    2.97    0.00    0.00    0.99    2.97     0  cinnamon
02:40:17     1000      5902    0.00    0.99    0.00    0.00    0.99     1  brave
02:40:17     1000      5942    3.96    2.97    0.00    0.99    6.93     0  brave
02:40:17     1000      5943    0.99    0.00    0.00    0.00    0.99     1  brave
02:40:17     1000      6021    0.99    0.00    0.00    0.00    0.99     1  brave
02:40:17     1000      6120    5.94    1.98    0.00    0.99    7.92     1  brave
02:40:17     1000      6344    3.96    0.99    0.00    0.99    4.95     1  brave
02:40:17     1000     12091    1.98    0.99    0.00    0.00    2.97     0  pidstat

# Time        UID       PID    %usr %system  %guest   %wait    %CPU   CPU  Command
02:40:18        0       703    0.00    1.00    0.00    0.00    1.00     1  irq/63-rtw88_pci
02:40:18        0       934    0.00    1.00    0.00    0.00    1.00     0  containerd
02:40:18        0       968    0.00    1.00    0.00    0.00    1.00     0  Xorg
02:40:18     1000      3596    4.00    1.00    0.00    0.00    5.00     1  cinnamon
02:40:18     1000      5902    1.00    0.00    0.00    0.00    1.00     1  brave
02:40:18     1000      5942    5.00    1.00    0.00    1.00    6.00     0  brave
02:40:18     1000      6097    0.00    1.00    0.00    0.00    1.00     0  brave
02:40:18     1000      6120    7.00    2.00    0.00    2.00    9.00     1  brave
02:40:18     1000      6344    4.00    1.00    0.00    1.00    5.00     1  brave
02:40:18     1000     12091    1.00    2.00    0.00    0.00    3.00     0  pidstat

# Time        UID       PID    %usr %system  %guest   %wait    %CPU   CPU  Command
02:40:19        0       140    0.00    1.00    0.00    0.00    1.00     0  irq/30-ELAN0708:00
02:40:19        0       968    1.00    3.00    0.00    1.00    4.00     1  Xorg
02:40:19     1000      3303    2.00    0.00    0.00    4.00    2.00     1  ibus-daemon
02:40:19     1000      3596    5.00    1.00    0.00    8.00    6.00     0  cinnamon
02:40:19     1000      4636    1.00    0.00    0.00    0.00    1.00     1  jetbrains-toolb
02:40:19     1000      5902    6.00    2.00    0.00    2.00    8.00     1  brave
02:40:19     1000      5942    6.00    3.00    0.00    4.00    9.00     1  brave
02:40:19     1000      6120   10.00    1.00    0.00    5.00   11.00     1  brave
02:40:19     1000      6344   12.00    1.00    0.00    9.00   13.00     1  brave
02:40:19        0     10294    0.00    1.00    0.00    0.00    1.00     0  kworker/u32:1-phy0
02:40:19     1000     12091    1.00    2.00    0.00    0.00    3.00     0  pidstat

# Time        UID       PID    %usr %system  %guest   %wait    %CPU   CPU  Command
02:40:20        0        14    0.00    1.00    0.00    0.00    1.00     0  ksoftirqd/0
02:40:20        0       968    0.00    1.00    0.00    0.00    1.00     1  Xorg
02:40:20     1000      3596    1.00    0.00    0.00    0.00    1.00     0  cinnamon
02:40:20     1000      5902    1.00    1.00    0.00    0.00    2.00     1  brave
02:40:20     1000      5942    2.00    3.00    0.00    0.00    5.00     0  brave
02:40:20     1000      6120    4.00    3.00    0.00    2.00    7.00     1  brave
02:40:20     1000      6150    0.00    1.00    0.00    0.00    1.00     1  alacritty
02:40:20     1000      6344   12.00    2.00    0.00    2.00   14.00     1  brave
02:40:20        0     11701    0.00    1.00    0.00    0.00    1.00     1  kworker/u32:7-phy0
02:40:20     1000     12091    2.00    2.00    0.00    0.00    4.00     0  pidstat

# Time        UID       PID    %usr %system  %guest   %wait    %CPU   CPU  Command
02:40:21        0       703    0.00    1.00    0.00    0.00    1.00     1  irq/63-rtw88_pci
02:40:21     1000      4636    0.00    1.00    0.00    0.00    1.00     1  jetbrains-toolb
02:40:21     1000      5902    4.00    1.00    0.00    2.00    5.00     1  brave
02:40:21     1000      5942    1.00    2.00    0.00    0.00    3.00     0  brave
02:40:21     1000      5943    1.00    1.00    0.00    0.00    2.00     1  brave
02:40:21     1000      6109    1.00    0.00    0.00    2.00    1.00     0  brave
02:40:21     1000      6120    5.00    1.00    0.00    3.00    6.00     1  brave
02:40:21     1000      6344    5.00    1.00    0.00    5.00    6.00     1  brave
02:40:21     1000      6490    1.00    0.00    0.00    1.00    1.00     1  brave
02:40:21     1000      6626   28.00    4.00    0.00    5.00   32.00     0  brave
02:40:21     1000      6987    0.00    1.00    0.00    1.00    1.00     1  brave
02:40:21     1000     12091    1.00    3.00    0.00    0.00    4.00     0  pidstat

# Time        UID       PID    %usr %system  %guest   %wait    %CPU   CPU  Command
02:40:22        0       849    1.00    0.00    0.00    0.00    1.00     0  preload
02:40:22      120       916    1.00    0.00    0.00    0.00    1.00     1  redis-server
02:40:22        0       968    1.00    1.00    0.00    0.00    2.00     0  Xorg
02:40:22     1000      3596    1.00    0.00    0.00    1.00    1.00     0  cinnamon
02:40:22     1000      5902    2.00    1.00    0.00    0.00    3.00     1  brave
02:40:22     1000      5942    2.00    1.00    0.00    0.00    3.00     0  brave
02:40:22     1000      6120    8.00    1.00    0.00    2.00    9.00     1  brave
02:40:22     1000      6344    8.00    1.00    0.00    1.00    9.00     1  brave
02:40:22     1000     12091    0.00    1.00    0.00    0.00    1.00     0  pidstat

# Time        UID       PID    %usr %system  %guest   %wait    %CPU   CPU  Command
02:40:23        0       140    0.00    1.00    0.00    0.00    1.00     0  irq/30-ELAN0708:00
02:40:23        0       968    1.00    1.00    0.00    0.00    2.00     1  Xorg
02:40:23     1000      3303    2.00    0.00    0.00    2.00    2.00     1  ibus-daemon
02:40:23     1000      3314    1.00    0.00    0.00    0.00    1.00     1  ibus-extension-
02:40:23     1000      3596    3.00    1.00    0.00    5.00    4.00     1  cinnamon
02:40:23     1000      5902    4.00    2.00    0.00    1.00    6.00     1  brave
02:40:23     1000      5942    5.00    3.00    0.00    4.00    8.00     1  brave
02:40:23     1000      6120   12.00    1.00    0.00    7.00   13.00     0  brave
02:40:23     1000      6344    3.00    2.00    0.00    4.00    5.00     0  brave
02:40:23     1000     12091    1.00    2.00    0.00    0.00    3.00     1  pidstat

# Time        UID       PID    %usr %system  %guest   %wait    %CPU   CPU  Command
02:40:24        0       165    0.00    1.00    0.00    0.00    1.00     1  gfx
02:40:24        0       703    0.00    1.00    0.00    0.00    1.00     1  irq/63-rtw88_pci
02:40:24        0       968    1.00    0.00    0.00    0.00    1.00     1  Xorg
02:40:24     1000      3436    1.00    0.00    0.00    0.00    1.00     0  ibus-engine-sim
02:40:24     1000      3596    3.00    0.00    0.00    1.00    3.00     0  cinnamon
02:40:24     1000      4636    1.00    0.00    0.00    0.00    1.00     1  jetbrains-toolb
02:40:24     1000      5902    5.00    1.00    0.00    1.00    6.00     0  brave
02:40:24     1000      5942    5.00    2.00    0.00    1.00    7.00     0  brave
02:40:24     1000      5943    2.00    1.00    0.00    0.00    3.00     1  brave
02:40:24     1000      6097    1.00    0.00    0.00    0.00    1.00     0  brave
02:40:24     1000      6120   12.00    1.00    0.00    3.00   13.00     0  brave
02:40:24     1000      6344    8.00    0.00    0.00    3.00    8.00     0  brave
02:40:24     1000      6626    1.00    0.00    0.00    0.00    1.00     1  brave
02:40:24        0     10333    0.00    1.00    0.00    0.00    1.00     0  kworker/u33:0-rtw_tx_wq
02:40:24        0     11701    0.00    1.00    0.00    0.00    1.00     0  kworker/u32:7-phy0
02:40:24     1000     12091    1.00    2.00    0.00    0.00    3.00     1  pidstat

# Time        UID       PID    %usr %system  %guest   %wait    %CPU   CPU  Command
02:40:25      120       916    0.00    1.00    0.00    0.00    1.00     0  redis-server
02:40:25        0       968    0.00    1.00    0.00    0.00    1.00     1  Xorg
02:40:25     1000      3596    3.00    0.00    0.00    0.00    3.00     0  cinnamon
02:40:25     1000      3947    1.00    0.00    0.00    0.00    1.00     1  blueman-tray
02:40:25     1000      5942    4.00    1.00    0.00    0.00    5.00     1  brave
02:40:25     1000      6097    1.00    0.00    0.00    0.00    1.00     0  brave
02:40:25     1000      6120    8.00    1.00    0.00    1.00    9.00     1  brave
02:40:25     1000      6344    5.00    1.00    0.00    2.00    6.00     0  brave
02:40:25     1000     12091    1.00    3.00    0.00    1.00    4.00     0  pidstat

# Time        UID       PID    %usr %system  %guest   %wait    %CPU   CPU  Command
02:40:26        0       968    0.00    1.00    0.00    0.00    1.00     1  Xorg
02:40:26     1000      3596    3.00    2.00    0.00    0.00    5.00     0  cinnamon
02:40:26     1000      4636    1.00    1.00    0.00    0.00    2.00     1  jetbrains-toolb
02:40:26     1000      5902    1.00    0.00    0.00    0.00    1.00     1  brave
02:40:26     1000      5942    7.00    2.00    0.00    2.00    9.00     1  brave
02:40:26     1000      6120    7.00    3.00    0.00    2.00   10.00     1  brave
02:40:26     1000      6344    4.00    2.00    0.00    1.00    6.00     0  brave
02:40:26        0      9838    0.00    1.00    0.00    0.00    1.00     0  kworker/0:1-events
02:40:26     1000     12091    2.00    2.00    0.00    0.00    4.00     0  pidstat

# Time        UID       PID    %usr %system  %guest   %wait    %CPU   CPU  Command
02:40:27        0       703    0.00    1.00    0.00    1.00    1.00     1  irq/63-rtw88_pci
02:40:27        0       968    0.00    2.00    0.00    0.00    2.00     1  Xorg
02:40:27     1000      3303    2.00    0.00    0.00    1.00    2.00     0  ibus-daemon
02:40:27     1000      3596    3.00    1.00    0.00    2.00    4.00     0  cinnamon
02:40:27     1000      5902    8.00    2.00    0.00    2.00   10.00     0  brave
02:40:27     1000      5942    5.00    2.00    0.00    3.00    7.00     1  brave
02:40:27     1000      5943    4.00    1.00    0.00    0.00    5.00     1  brave
02:40:27     1000      6021    1.00    0.00    0.00    0.00    1.00     1  brave
02:40:27     1000      6120   19.00    2.00    0.00    5.00   21.00     0  brave
02:40:27     1000      6344    4.00    1.00    0.00    1.00    5.00     1  brave
02:40:27        0      9600    0.00    1.00    0.00    0.00    1.00     0  kworker/u33:1-rtw_tx_wq
02:40:27     1000     12091    0.00    2.00    0.00    0.00    2.00     1  pidstat

# Time        UID       PID    %usr %system  %guest   %wait    %CPU   CPU  Command
02:40:28     1000      3303    0.00    1.00    0.00    2.00    1.00     1  ibus-daemon
02:40:28     1000      3313    1.00    0.00    0.00    0.00    1.00     0  ibus-ui-gtk3
02:40:28     1000      3436    1.00    0.00    0.00    0.00    1.00     0  ibus-engine-sim
02:40:28     1000      3596    1.00    1.00    0.00    2.00    2.00     0  cinnamon
02:40:28     1000      5902   10.00    3.00    0.00    2.00   13.00     1  brave
02:40:28     1000      5942    4.00    2.00    0.00    2.00    6.00     1  brave
02:40:28     1000      5943    3.00    2.00    0.00    0.00    5.00     1  brave
02:40:28     1000      6021    1.00    1.00    0.00    0.00    2.00     1  brave
02:40:28     1000      6120   19.00    2.00    0.00    5.00   21.00     0  brave
02:40:28     1000      6344    3.00    2.00    0.00    2.00    5.00     0  brave
02:40:28     1000      6626    1.00    0.00    0.00    1.00    1.00     1  brave
02:40:28     1000     11670    0.00    1.00    0.00    0.00    1.00     1  brave
02:40:28        0     11701    0.00    1.00    0.00    0.00    1.00     0  kworker/u32:7-phy0
02:40:28     1000     12091    0.00    1.00    0.00    0.00    1.00     1  pidstat

# Time        UID       PID    %usr %system  %guest   %wait    %CPU   CPU  Command
02:40:29        0        15    0.00    1.00    0.00    0.00    1.00     1  rcu_preempt
02:40:29        0       703    0.00    1.00    0.00    0.00    1.00     1  irq/63-rtw88_pci
02:40:29        0       968    1.00    1.00    0.00    0.00    2.00     0  Xorg
02:40:29     1000      3303    1.00    1.00    0.00    0.00    2.00     1  ibus-daemon
02:40:29     1000      3596    2.00    0.00    0.00    2.00    2.00     1  cinnamon
02:40:29     1000      5902   16.00    1.00    0.00    3.00   17.00     1  brave
02:40:29     1000      5942    5.00    1.00    0.00    1.00    6.00     0  brave
02:40:29     1000      5943    3.00    3.00    0.00    0.00    6.00     0  brave
02:40:29     1000      6021    2.00    0.00    0.00    0.00    2.00     1  brave
02:40:29     1000      6120   20.00    3.00    0.00    5.00   23.00     1  brave
02:40:29     1000      6344    5.00    1.00    0.00    1.00    6.00     1  brave
02:40:29     1000     11670    1.00    0.00    0.00    0.00    1.00     1  brave
02:40:29     1000     12091    0.00    3.00    0.00    0.00    3.00     0  pidstat

# Time        UID       PID    %usr %system  %guest   %wait    %CPU   CPU  Command
02:40:30        0       968    1.00    0.00    0.00    0.00    1.00     0  Xorg
02:40:30     1000      3303    2.00    0.00    0.00    1.00    2.00     1  ibus-daemon
02:40:30     1000      3436    1.00    0.00    0.00    0.00    1.00     0  ibus-engine-sim
02:40:30     1000      3596    2.00    1.00    0.00    2.00    3.00     1  cinnamon
02:40:30     1000      5902   20.00    5.00    0.00    4.00   25.00     1  brave
02:40:30     1000      5942    4.00    3.00    0.00    2.00    7.00     1  brave
02:40:30     1000      5943    8.00    4.00    0.00    0.00   12.00     0  brave
02:40:30     1000      6021    1.00    1.00    0.00    0.00    2.00     1  brave
02:40:30     1000      6120   29.00    2.00    0.00   10.00   31.00     1  brave
02:40:30     1000      6344    3.00    0.00    0.00    1.00    3.00     0  brave
02:40:30        0      9838    0.00    1.00    0.00    0.00    1.00     0  kworker/0:1-events_freezable
02:40:30        0     12078    1.00    0.00    0.00    0.00    1.00     1  kworker/1:0-events
02:40:30     1000     12091    1.00    1.00    0.00    2.00    2.00     1  pidstat

# Time        UID       PID    %usr %system  %guest   %wait    %CPU   CPU  Command
02:40:31        0       703    0.00    1.00    0.00    0.00    1.00     1  irq/63-rtw88_pci
02:40:31        0       968    0.00    1.00    0.00    0.00    1.00     0  Xorg
02:40:31     1000      3303    0.00    1.00    0.00    2.00    1.00     0  ibus-daemon
02:40:31     1000      3436    0.00    1.00    0.00    0.00    1.00     1  ibus-engine-sim
02:40:31     1000      3596    1.00    0.00    0.00    2.00    1.00     1  cinnamon
02:40:31     1000      5902   16.00    5.00    0.00    2.00   21.00     0  brave
02:40:31     1000      5942    4.00    1.00    0.00    0.00    5.00     1  brave
02:40:31     1000      5943    6.00    1.00    0.00    0.00    7.00     0  brave
02:40:31     1000      6021    3.00    1.00    0.00    0.00    4.00     1  brave
02:40:31     1000      6120   66.00    2.00    0.00   24.00   68.00     1  brave
02:40:31     1000      6319    1.00    0.00    0.00    0.00    1.00     1  brave
02:40:31     1000      6344    3.00    1.00    0.00    1.00    4.00     0  brave
02:40:31     1000     11670    1.00    0.00    0.00    0.00    1.00     1  brave
02:40:31     1000     12091    0.00    1.00    0.00    0.00    1.00     1  pidstat

# Time        UID       PID    %usr %system  %guest   %wait    %CPU   CPU  Command
02:40:32        0       968    1.00    1.00    0.00    0.00    2.00     1  Xorg
02:40:32     1000      3303    1.00    1.00    0.00    0.00    2.00     1  ibus-daemon
02:40:32     1000      3436    1.00    0.00    0.00    0.00    1.00     0  ibus-engine-sim
02:40:32     1000      3596    2.00    0.00    0.00    2.00    2.00     1  cinnamon
02:40:32     1000      4636    0.00    1.00    0.00    0.00    1.00     1  jetbrains-toolb
02:40:32     1000      5902   15.00    4.00    0.00    5.00   19.00     0  brave
02:40:32     1000      5942    3.00    3.00    0.00    2.00    6.00     1  brave
02:40:32     1000      5943    6.00    3.00    0.00    0.00    9.00     0  brave
02:40:32     1000      6021    3.00    0.00    0.00    0.00    3.00     1  brave
02:40:32     1000      6120   22.00    3.00    0.00   10.00   25.00     0  brave
02:40:32     1000      6344    4.00    0.00    0.00    0.00    4.00     1  brave
02:40:32     1000     12091    1.00    1.00    0.00    1.00    2.00     0  pidstat

# Time        UID       PID    %usr %system  %guest   %wait    %CPU   CPU  Command
02:40:33        0       703    0.00    1.00    0.00    0.00    1.00     1  irq/63-rtw88_pci
02:40:33      120       916    1.00    0.00    0.00    0.00    1.00     1  redis-server
02:40:33        0       968    0.00    1.00    0.00    0.00    1.00     0  Xorg
02:40:33     1000      3303    1.00    1.00    0.00    0.00    2.00     1  ibus-daemon
02:40:33     1000      3314    1.00    0.00    0.00    1.00    1.00     0  ibus-extension-
02:40:33     1000      3363    0.00    1.00    0.00    0.00    1.00     0  at-spi2-registr
02:40:33     1000      3450    1.00    0.00    0.00    1.00    1.00     0  csd-clipboard
02:40:33     1000      3596    2.00    1.00    0.00    1.00    3.00     0  cinnamon
02:40:33     1000      3673    0.00    1.00    0.00    0.00    1.00     1  nm-applet
02:40:33     1000      4636    1.00    0.00    0.00    0.00    1.00     1  jetbrains-toolb
02:40:33     1000      5902   11.00    2.00    0.00    2.00   13.00     1  brave
02:40:33     1000      5942    3.00    1.00    0.00    1.00    4.00     1  brave
02:40:33     1000      5943    3.00    2.00    0.00    0.00    5.00     0  brave
02:40:33     1000      6021    1.00    0.00    0.00    0.00    1.00     1  brave
02:40:33     1000      6120   14.00    3.00    0.00    5.00   17.00     0  brave
02:40:33     1000      6150    1.00    0.00    0.00    0.00    1.00     0  alacritty
02:40:33     1000      6344    4.00    1.00    0.00    2.00    5.00     1  brave
02:40:33     1000      6418    0.00    1.00    0.00    0.00    1.00     1  brave
02:40:33     1000      6626    1.00    0.00    0.00    0.00    1.00     0  brave
02:40:33     1000     11670    1.00    0.00    0.00    0.00    1.00     1  brave
02:40:33     1000     12091    0.00    1.00    0.00    0.00    1.00     1  pidstat

# Time        UID       PID    %usr %system  %guest   %wait    %CPU   CPU  Command
02:40:34        0       968    1.00    1.00    0.00    0.00    2.00     1  Xorg
02:40:34     1000      3303    1.00    0.00    0.00    1.00    1.00     1  ibus-daemon
02:40:34     1000      3422    1.00    0.00    0.00    1.00    1.00     1  csd-background
02:40:34     1000      3436    0.00    1.00    0.00    0.00    1.00     1  ibus-engine-sim
02:40:34     1000      3596    0.00    1.00    0.00    1.00    1.00     1  cinnamon
02:40:34     1000      3663    1.00    0.00    0.00    1.00    1.00     0  gnome-software
02:40:34     1000      3702    1.00    0.00    0.00    1.00    1.00     0  evolution-alarm
02:40:34     1000      5902    8.00    2.00    0.00    2.00   10.00     1  brave
02:40:34     1000      5942    4.00    1.00    0.00    0.00    5.00     0  brave
02:40:34     1000      5943    2.00    1.00    0.00    0.00    3.00     0  brave
02:40:34     1000      6021    1.00    1.00    0.00    0.00    2.00     1  brave
02:40:34     1000      6120   14.00    3.00    0.00    7.00   17.00     0  brave
02:40:34     1000      6344    4.00    2.00    0.00    3.00    6.00     0  brave
02:40:34     1000     12091    1.00    1.00    0.00    2.00    2.00     0  pidstat

# Time        UID       PID    %usr %system  %guest   %wait    %CPU   CPU  Command
02:40:35        0       165    0.00    1.00    0.00    0.00    1.00     1  gfx
02:40:35        0       968    1.00    0.00    0.00    0.00    1.00     1  Xorg
02:40:35     1000      3303    2.00    0.00    0.00    1.00    2.00     0  ibus-daemon
02:40:35     1000      3404    1.00    0.00    0.00    0.00    1.00     1  xdg-desktop-por
02:40:35     1000      3436    1.00    0.00    0.00    0.00    1.00     1  ibus-engine-sim
02:40:35     1000      3596    2.00    1.00    0.00    4.00    3.00     1  cinnamon
02:40:35     1000      3673    1.00    0.00    0.00    0.00    1.00     1  nm-applet
02:40:35     1000      5902   15.00    3.00    0.00    3.00   18.00     0  brave
02:40:35     1000      5942    5.00    2.00    0.00    1.00    7.00     1  brave
02:40:35     1000      5943    6.00    3.00    0.00    0.00    9.00     0  brave
02:40:35     1000      6021    1.00    1.00    0.00    0.00    2.00     1  brave
02:40:35     1000      6120   30.00    2.00    0.00   10.00   32.00     1  brave
02:40:35     1000      6344    4.00    0.00    0.00    1.00    4.00     1  brave
02:40:35     1000      6447    1.00    0.00    0.00    0.00    1.00     1  brave
02:40:35     1000      6626    2.00    0.00    0.00    0.00    2.00     1  brave
02:40:35     1000     12091    0.00    1.00    0.00    1.00    1.00     1  pidstat
