Linux 6.1.0-34-amd64 (debian) 	06/04/25 	_x86_64_	(2 CPU)

# Time        UID       PID    %usr %system  %guest   %wait    %CPU   CPU  Command
02:44:25        0        15    0.00    0.97    0.00    0.00    0.97     0  rcu_preempt
02:44:25        0       703    0.00    0.97    0.00    0.00    0.97     1  irq/63-rtw88_pci
02:44:25        0       968    0.97    0.00    0.00    0.00    0.97     0  Xorg
02:44:25     1000      3303    0.00    1.94    0.00    2.91    1.94     1  ibus-daemon
02:44:25     1000      3596    1.94    0.97    0.00    2.91    2.91     0  cinnamon
02:44:25     1000      5902   15.53    4.85    0.00    3.88   20.39     1  brave
02:44:25     1000      5942    4.85    0.97    0.00    1.94    5.83     1  brave
02:44:25     1000      5943    5.83    2.91    0.00    0.00    8.74     0  brave
02:44:25     1000      5953    0.00    0.97    0.00    0.00    0.97     0  brave
02:44:25     1000      6021    2.91    0.00    0.00    0.00    2.91     0  brave
02:44:25     1000      6120   23.30    2.91    0.00   18.45   26.21     1  brave
02:44:25     1000      6344    2.91    0.97    0.00    0.97    3.88     0  brave
02:44:25     1000     11670    0.97    0.97    0.00    0.00    1.94     0  brave
02:44:25     1000     12488    0.97    1.94    0.00    0.00    2.91     0  pidstat
02:44:25     1000     12491    0.97    7.77    0.00    1.94    8.74     0  spin-lock

# Time        UID       PID    %usr %system  %guest   %wait    %CPU   CPU  Command
02:44:26     1000      3596    1.00    0.00    0.00    0.00    1.00     1  cinnamon
02:44:26     1000      5902    2.00    0.00    0.00    1.00    2.00     1  brave
02:44:26     1000      5942    3.00    0.00    0.00    1.00    3.00     1  brave
02:44:26     1000      6120    7.00    2.00    0.00    2.00    9.00     1  brave
02:44:26     1000      6344    2.00    4.00    0.00    1.00    6.00     0  brave
02:44:26     1000     12488    1.00    1.00    0.00    0.00    2.00     0  pidstat

# Time        UID       PID    %usr %system  %guest   %wait    %CPU   CPU  Command
02:44:27      120       916    0.00    1.00    0.00    0.00    1.00     0  redis-server
02:44:27        0       968    1.00    1.00    0.00    0.00    2.00     1  Xorg
02:44:27     1000      3596    3.00    1.00    0.00    1.00    4.00     0  cinnamon
02:44:27     1000      4636    0.00    1.00    0.00    0.00    1.00     0  jetbrains-toolb
02:44:27     1000      5902    1.00    0.00    0.00    0.00    1.00     1  brave
02:44:27     1000      5942    4.00    4.00    0.00    1.00    8.00     1  brave
02:44:27     1000      5943    1.00    0.00    0.00    0.00    1.00     0  brave
02:44:27     1000      6120    8.00    2.00    0.00    2.00   10.00     1  brave
02:44:27     1000      6344    6.00    0.00    0.00    2.00    6.00     1  brave
02:44:27     1000      6626    4.00    0.00    0.00    2.00    4.00     0  brave
02:44:27     1000      6831    1.00    0.00    0.00    0.00    1.00     0  brave
02:44:27        0     12399    0.00    1.00    0.00    0.00    1.00     0  kworker/u32:0+events_unbound
02:44:27     1000     12488    0.00    1.00    0.00    2.00    1.00     0  pidstat

# Time        UID       PID    %usr %system  %guest   %wait    %CPU   CPU  Command
02:44:28        0       165    0.00    1.00    0.00    0.00    1.00     0  gfx
02:44:28        0       968    1.00    0.00    0.00    0.00    1.00     1  Xorg
02:44:28     1000      3596    2.00    1.00    0.00    1.00    3.00     0  cinnamon
02:44:28     1000      3947    1.00    0.00    0.00    0.00    1.00     0  blueman-tray
02:44:28     1000      4636    1.00    0.00    0.00    0.00    1.00     0  jetbrains-toolb
02:44:28     1000      5902    1.00    0.00    0.00    0.00    1.00     1  brave
02:44:28     1000      5942    5.00    2.00    0.00    1.00    7.00     1  brave
02:44:28     1000      6120    8.00    1.00    0.00    3.00    9.00     1  brave
02:44:28     1000      6344    4.00    1.00    0.00    1.00    5.00     0  brave
02:44:28     1000     12488    0.00    1.00    0.00    0.00    1.00     0  pidstat
02:44:28     1000     12491    0.00    1.00    0.00    0.00    1.00     0  spin-lock

# Time        UID       PID    %usr %system  %guest   %wait    %CPU   CPU  Command
02:44:29        0       703    0.00    2.00    0.00    0.00    2.00     1  irq/63-rtw88_pci
02:44:29        0       968    1.00    2.00    0.00    0.00    3.00     1  Xorg
02:44:29     1000      3303    2.00    0.00    0.00    1.00    2.00     0  ibus-daemon
02:44:29     1000      3436    1.00    1.00    0.00    1.00    2.00     1  ibus-engine-sim
02:44:29     1000      3596    4.00    1.00    0.00    4.00    5.00     1  cinnamon
02:44:29     1000      5902   17.00    3.00    0.00    5.00   20.00     0  brave
02:44:29     1000      5942    7.00    2.00    0.00    4.00    9.00     1  brave
02:44:29     1000      5943    6.00    2.00    0.00    0.00    8.00     0  brave
02:44:29     1000      6021    2.00    1.00    0.00    0.00    3.00     0  brave
02:44:29     1000      6120   26.00    2.00    0.00   10.00   28.00     1  brave
02:44:29     1000      6344    4.00    1.00    0.00    0.00    5.00     0  brave
02:44:29     1000     12488    1.00    2.00    0.00    0.00    3.00     1  pidstat

# Time        UID       PID    %usr %system  %guest   %wait    %CPU   CPU  Command
02:44:30        0       703    0.00    1.00    0.00    0.00    1.00     1  irq/63-rtw88_pci
02:44:30        0       968    1.00    1.00    0.00    0.00    2.00     0  Xorg
02:44:30     1000      3303    2.00    0.00    0.00    0.00    2.00     0  ibus-daemon
02:44:30     1000      3596    2.00    1.00    0.00    1.00    3.00     1  cinnamon
02:44:30     1000      5902   16.00    7.00    0.00    4.00   23.00     0  brave
02:44:30     1000      5942    4.00    1.00    0.00    1.00    5.00     0  brave
02:44:30     1000      5943    6.00    3.00    0.00    0.00    9.00     0  brave
02:44:30     1000      6021    2.00    1.00    0.00    0.00    3.00     0  brave
02:44:30     1000      6120   79.00    3.00    0.00   29.00   82.00     0  brave
02:44:30     1000      6344    4.00    0.00    0.00    1.00    4.00     0  brave
02:44:30     1000     11670    1.00    0.00    0.00    0.00    1.00     0  brave
02:44:30     1000     12488    0.00    2.00    0.00    3.00    2.00     1  pidstat

# Time        UID       PID    %usr %system  %guest   %wait    %CPU   CPU  Command
02:44:31        0       968    0.00    1.00    0.00    0.00    1.00     1  Xorg
02:44:31     1000      3303    1.00    0.00    0.00    2.00    1.00     1  ibus-daemon
02:44:31     1000      3436    1.00    0.00    0.00    0.00    1.00     0  ibus-engine-sim
02:44:31     1000      3596    2.00    0.00    0.00    2.00    2.00     0  cinnamon
02:44:31     1000      5902   14.00    8.00    0.00    4.00   22.00     0  brave
02:44:31     1000      5942    6.00    1.00    0.00    2.00    7.00     0  brave
02:44:31     1000      5943    7.00    3.00    0.00    0.00   10.00     0  brave
02:44:31     1000      6021    3.00    1.00    0.00    0.00    4.00     0  brave
02:44:31     1000      6120   25.00    2.00    0.00    9.00   27.00     0  brave
02:44:31     1000      6344    2.00    2.00    0.00    1.00    4.00     0  brave
02:44:31     1000     11670    1.00    0.00    0.00    0.00    1.00     0  brave
02:44:31     1000     12488    0.00    1.00    0.00    0.00    1.00     1  pidstat

# Time        UID       PID    %usr %system  %guest   %wait    %CPU   CPU  Command
02:44:32        0       703    0.00    1.00    0.00    0.00    1.00     1  irq/63-rtw88_pci
02:44:32        0       968    1.00    1.00    0.00    0.00    2.00     1  Xorg
02:44:32     1000      3303    2.00    1.00    0.00    0.00    3.00     1  ibus-daemon
02:44:32     1000      3417    1.00    0.00    0.00    1.00    1.00     0  csd-keyboard
02:44:32     1000      3436    1.00    0.00    0.00    0.00    1.00     0  ibus-engine-sim
02:44:32     1000      3596    3.00    0.00    0.00    2.00    3.00     0  cinnamon
02:44:32     1000      5902   17.00    6.00    0.00    3.00   23.00     0  brave
02:44:32     1000      5942    5.00    2.00    0.00    1.00    7.00     1  brave
02:44:32     1000      5943    6.00    2.00    0.00    0.00    8.00     0  brave
02:44:32     1000      6021    2.00    1.00    0.00    0.00    3.00     0  brave
02:44:32     1000      6120   20.00    3.00    0.00    9.00   23.00     0  brave
02:44:32     1000      6344    3.00    1.00    0.00    0.00    4.00     1  brave
02:44:32        0      9838    0.00    1.00    0.00    0.00    1.00     0  kworker/0:1-events
02:44:32        0     10333    0.00    1.00    0.00    0.00    1.00     1  kworker/u33:0-rtw_tx_wq
02:44:32     1000     12488    0.00    1.00    0.00    1.00    1.00     1  pidstat

# Time        UID       PID    %usr %system  %guest   %wait    %CPU   CPU  Command
02:44:33        0       968    0.00    1.00    0.00    0.00    1.00     0  Xorg
02:44:33     1000      3303    1.00    1.00    0.00    1.00    2.00     1  ibus-daemon
02:44:33     1000      3314    1.00    0.00    0.00    0.00    1.00     1  ibus-extension-
02:44:33     1000      3596    1.00    1.00    0.00    3.00    2.00     0  cinnamon
02:44:33     1000      4636    1.00    0.00    0.00    0.00    1.00     0  jetbrains-toolb
02:44:33     1000      5902   13.00    6.00    0.00    4.00   19.00     0  brave
02:44:33     1000      5942    4.00    1.00    0.00    1.00    5.00     0  brave
02:44:33     1000      5943    6.00    3.00    0.00    0.00    9.00     0  brave
02:44:33     1000      6021    2.00    0.00    0.00    0.00    2.00     0  brave
02:44:33     1000      6120   20.00    1.00    0.00    8.00   21.00     0  brave
02:44:33     1000      6344    4.00    0.00    0.00    1.00    4.00     1  brave
02:44:33     1000      6418    1.00    0.00    0.00    0.00    1.00     1  brave
02:44:33     1000      6626    1.00    0.00    0.00    0.00    1.00     1  brave
02:44:33        0     12078    0.00    1.00    0.00    0.00    1.00     1  kworker/1:0-events
02:44:33     1000     12488    1.00    3.00    0.00    0.00    4.00     1  pidstat
02:44:33     1000     12491    0.00    1.00    0.00    0.00    1.00     0  spin-lock

# Time        UID       PID    %usr %system  %guest   %wait    %CPU   CPU  Command
02:44:34        0       703    0.00    1.00    0.00    0.00    1.00     1  irq/63-rtw88_pci
02:44:34        0       968    0.00    1.00    0.00    0.00    1.00     1  Xorg
02:44:34     1000      3596    3.00    1.00    0.00    1.00    4.00     1  cinnamon
02:44:34     1000      3673    1.00    0.00    0.00    0.00    1.00     1  nm-applet
02:44:34     1000      4636    0.00    1.00    0.00    0.00    1.00     0  jetbrains-toolb
02:44:34     1000      5902    5.00    1.00    0.00    0.00    6.00     1  brave
02:44:34     1000      5942    3.00    3.00    0.00    1.00    6.00     1  brave
02:44:34     1000      5943    3.00    0.00    0.00    0.00    3.00     0  brave
02:44:34     1000      6021    1.00    0.00    0.00    0.00    1.00     0  brave
02:44:34     1000      6120    8.00    2.00    0.00    3.00   10.00     1  brave
02:44:34     1000      6344    3.00    2.00    0.00    0.00    5.00     1  brave
02:44:34     1000      6626    6.00    0.00    0.00    0.00    6.00     0  brave
02:44:34        0     10294    0.00    1.00    0.00    0.00    1.00     0  kworker/u32:1-phy0
02:44:34     1000     12488    1.00    3.00    0.00    1.00    4.00     0  pidstat

# Time        UID       PID    %usr %system  %guest   %wait    %CPU   CPU  Command
02:44:35        0        15    0.00    1.00    0.00    0.00    1.00     0  rcu_preempt
02:44:35        0       165    0.00    1.00    0.00    0.00    1.00     0  gfx
02:44:35      120       916    0.00    1.00    0.00    0.00    1.00     1  redis-server
02:44:35        0       968    1.00    0.00    0.00    0.00    1.00     1  Xorg
02:44:35     1000      3596    2.00    0.00    0.00    1.00    2.00     1  cinnamon
02:44:35     1000      5902    4.00    1.00    0.00    1.00    5.00     0  brave
02:44:35     1000      5942    3.00    3.00    0.00    0.00    6.00     1  brave
02:44:35     1000      5943    1.00    1.00    0.00    0.00    2.00     0  brave
02:44:35     1000      6120   10.00    3.00    0.00    4.00   13.00     0  brave
02:44:35     1000      6344    3.00    1.00    0.00    2.00    4.00     1  brave
02:44:35     1000     11670    1.00    0.00    0.00    0.00    1.00     0  brave
02:44:35     1000     12488    1.00    1.00    0.00    1.00    2.00     1  pidstat

# Time        UID       PID    %usr %system  %guest   %wait    %CPU   CPU  Command
02:44:36        0       968    1.00    0.00    0.00    0.00    1.00     0  Xorg
02:44:36     1000      3303    2.00    0.00    0.00    1.00    2.00     0  ibus-daemon
02:44:36     1000      3436    1.00    0.00    0.00    0.00    1.00     1  ibus-engine-sim
02:44:36     1000      3596    1.00    1.00    0.00    1.00    2.00     1  cinnamon
02:44:36     1000      5902   10.00    4.00    0.00    2.00   14.00     0  brave
02:44:36     1000      5942    3.00    1.00    0.00    1.00    4.00     0  brave
02:44:36     1000      5943    4.00    1.00    0.00    0.00    5.00     0  brave
02:44:36     1000      6021    1.00    1.00    0.00    0.00    2.00     0  brave
02:44:36     1000      6120   16.00    4.00    0.00    5.00   20.00     0  brave
02:44:36     1000      6344    3.00    2.00    0.00    1.00    5.00     1  brave
02:44:36     1000     11670    0.00    1.00    0.00    0.00    1.00     0  brave
02:44:36     1000     12488    0.00    1.00    0.00    0.00    1.00     1  pidstat
02:44:36     1000     12491    0.00    1.00    0.00    0.00    1.00     0  spin-lock

# Time        UID       PID    %usr %system  %guest   %wait    %CPU   CPU  Command
02:44:37        0       703    0.00    2.00    0.00    0.00    2.00     1  irq/63-rtw88_pci
02:44:37      120       916    1.00    0.00    0.00    0.00    1.00     1  redis-server
02:44:37        0       968    0.00    1.00    0.00    0.00    1.00     0  Xorg
02:44:37     1000      3303    1.00    0.00    0.00    0.00    1.00     0  ibus-daemon
02:44:37     1000      3596    2.00    1.00    0.00    6.00    3.00     0  cinnamon
02:44:37     1000      5902   14.00   57.00    0.00   15.00   71.00     1  brave
02:44:37     1000      5942    6.00    1.00    0.00    4.00    7.00     0  brave
02:44:37     1000      5943    3.00    2.00    0.00    0.00    5.00     0  brave
02:44:37     1000      6021    2.00    1.00    0.00    0.00    3.00     0  brave
02:44:37     1000      6120   22.00    3.00    0.00   16.00   25.00     0  brave
02:44:37     1000      6344    4.00    0.00    0.00    2.00    4.00     0  brave
02:44:37     1000     12488    1.00    1.00    0.00    0.00    2.00     1  pidstat

# Time        UID       PID    %usr %system  %guest   %wait    %CPU   CPU  Command
02:44:38        0       703    0.00    1.00    0.00    0.00    1.00     1  irq/63-rtw88_pci
02:44:38        0       968    1.00    0.00    0.00    0.00    1.00     1  Xorg
02:44:38     1000      3303    1.00    0.00    0.00    1.00    1.00     1  ibus-daemon
02:44:38     1000      3596    1.00    1.00    0.00    1.00    2.00     0  cinnamon
02:44:38     1000      5902   12.00    3.00    0.00    2.00   15.00     1  brave
02:44:38     1000      5942    4.00    1.00    0.00    2.00    5.00     0  brave
02:44:38     1000      5943    5.00    2.00    0.00    0.00    7.00     0  brave
02:44:38     1000      6021    1.00    0.00    0.00    0.00    1.00     0  brave
02:44:38     1000      6120   16.00    4.00    0.00    9.00   20.00     0  brave
02:44:38     1000      6344    4.00    2.00    0.00    2.00    6.00     1  brave
02:44:38     1000     12488    1.00    0.00    0.00    0.00    1.00     1  pidstat
02:44:38     1000     12491    1.00    0.00    0.00    0.00    1.00     0  spin-lock

# Time        UID       PID    %usr %system  %guest   %wait    %CPU   CPU  Command
02:44:39        0       813    1.00    0.00    0.00    0.00    1.00     1  snapd
02:44:39        0       968    0.00    1.00    0.00    0.00    1.00     1  Xorg
02:44:39     1000      3596    2.00    0.00    0.00    0.00    2.00     1  cinnamon
02:44:39     1000      5902    1.00    1.00    0.00    0.00    2.00     1  brave
02:44:39     1000      5942    3.00    1.00    0.00    1.00    4.00     0  brave
02:44:39     1000      5943    2.00    0.00    0.00    0.00    2.00     0  brave
02:44:39     1000      6120    6.00    1.00    0.00    2.00    7.00     0  brave
02:44:39     1000      6344    2.00    2.00    0.00    1.00    4.00     1  brave
02:44:39        0     10294    0.00    1.00    0.00    0.00    1.00     0  kworker/u32:1-phy0
02:44:39     1000     12488    0.00    1.00    0.00    0.00    1.00     1  pidstat

# Time        UID       PID    %usr %system  %guest   %wait    %CPU   CPU  Command
02:44:40        0       852    0.00    1.00    0.00    0.00    1.00     1  NetworkManager
02:44:40        0       968    0.00    1.00    0.00    1.00    1.00     1  Xorg
02:44:40     1000      3303    1.00    1.00    0.00    0.00    2.00     0  ibus-daemon
02:44:40     1000      3417    0.00    1.00    0.00    0.00    1.00     1  csd-keyboard
02:44:40     1000      3436    1.00    0.00    0.00    0.00    1.00     1  ibus-engine-sim
02:44:40     1000      3596    1.00    0.00    0.00    0.00    1.00     0  cinnamon
02:44:40     1000      4636    1.00    0.00    0.00    0.00    1.00     0  jetbrains-toolb
02:44:40     1000      5902    5.00    2.00    0.00    1.00    7.00     0  brave
02:44:40     1000      5942    3.00    4.00    0.00    1.00    7.00     1  brave
02:44:40     1000      5943    1.00    0.00    0.00    0.00    1.00     1  brave
02:44:40     1000      6021    1.00    0.00    0.00    0.00    1.00     0  brave
02:44:40     1000      6120   19.00    2.00    0.00    6.00   21.00     0  brave
02:44:40     1000      6344    5.00    1.00    0.00    1.00    6.00     0  brave
02:44:40     1000     12488    0.00    1.00    0.00    1.00    1.00     1  pidstat

# Time        UID       PID    %usr %system  %guest   %wait    %CPU   CPU  Command
02:44:41        0       703    0.00    1.00    0.00    0.00    1.00     1  irq/63-rtw88_pci
02:44:41        0       968    1.00    0.00    0.00    0.00    1.00     0  Xorg
02:44:41     1000      3596    1.00    1.00    0.00    1.00    2.00     0  cinnamon
02:44:41     1000      5902    1.00    1.00    0.00    0.00    2.00     0  brave
02:44:41     1000      5942    4.00    2.00    0.00    1.00    6.00     0  brave
02:44:41     1000      5943    1.00    0.00    0.00    0.00    1.00     1  brave
02:44:41     1000      6120   11.00    3.00    0.00    3.00   14.00     0  brave
02:44:41     1000      6344    5.00    0.00    0.00    0.00    5.00     1  brave
02:44:41     1000      6626    4.00    0.00    0.00    0.00    4.00     1  brave
02:44:41     1000     12488    1.00    0.00    0.00    0.00    1.00     0  pidstat
02:44:41     1000     12491    0.00    1.00    0.00    0.00    1.00     0  spin-lock

# Time        UID       PID    %usr %system  %guest   %wait    %CPU   CPU  Command
02:44:42        0       849    1.00    0.00    0.00    0.00    1.00     0  preload
02:44:42        0       968    1.00    0.00    0.00    0.00    1.00     0  Xorg
02:44:42     1000      3596    4.00    0.00    0.00    0.00    4.00     1  cinnamon
02:44:42     1000      5902    1.00    1.00    0.00    1.00    2.00     1  brave
02:44:42     1000      5942    4.00    1.00    0.00    1.00    5.00     1  brave
02:44:42     1000      5943    0.00    1.00    0.00    0.00    1.00     1  brave
02:44:42     1000      6120    7.00    1.00    0.00    2.00    8.00     0  brave
02:44:42     1000      6344    4.00    2.00    0.00    2.00    6.00     1  brave
02:44:42     1000      6626    1.00    0.00    0.00    0.00    1.00     0  brave
02:44:42     1000     12488    1.00    2.00    0.00    1.00    3.00     0  pidstat

# Time        UID       PID    %usr %system  %guest   %wait    %CPU   CPU  Command
02:44:43        0       968    0.00    1.00    0.00    0.00    1.00     1  Xorg
02:44:43     1000      3596    4.00    0.00    0.00    0.00    4.00     1  cinnamon
02:44:43     1000      3947    0.00    1.00    0.00    0.00    1.00     1  blueman-tray
02:44:43     1000      4636    1.00    0.00    0.00    0.00    1.00     0  jetbrains-toolb
02:44:43     1000      5902    1.00   14.00    0.00    0.00   15.00     1  brave
02:44:43     1000      5942    6.00    2.00    0.00    1.00    8.00     1  brave
02:44:43     1000      6120    9.00    1.00    0.00    1.00   10.00     1  brave
02:44:43     1000      6344    4.00    1.00    0.00    1.00    5.00     1  brave
02:44:43     1000     12488    1.00    2.00    0.00    0.00    3.00     1  pidstat
