Linux 6.1.0-34-amd64 (debian) 	06/04/25 	_x86_64_	(2 CPU)

# Time        UID       PID    %usr %system  %guest   %wait    %CPU   CPU  Command
02:41:40        0       140    0.00    0.98    0.00    0.00    0.98     0  irq/30-ELAN0708:00
02:41:40        0       968    2.94    2.94    0.00    0.98    5.88     0  Xorg
02:41:40     1000      3303    1.96    0.98    0.00    7.84    2.94     0  ibus-daemon
02:41:40     1000      3313    0.98    0.00    0.00    0.98    0.98     1  ibus-ui-gtk3
02:41:40     1000      3314    0.98    0.00    0.00    0.98    0.98     1  ibus-extension-
02:41:40     1000      3417    0.98    0.00    0.00    1.96    0.98     1  csd-keyboard
02:41:40     1000      3596    7.84    0.98    0.00   12.75    8.82     0  cinnamon
02:41:40     1000      5902    6.86    1.96    0.00    0.98    8.82     0  brave
02:41:40     1000      5942    7.84    3.92    0.00    7.84   11.76     1  brave
02:41:40     1000      5943    0.98    0.00    0.00    0.00    0.98     1  brave
02:41:40     1000      6120    9.80    1.96    0.00   12.75   11.76     1  brave
02:41:40     1000      6344   16.67    2.94    0.00   12.75   19.61     0  brave
02:41:40     1000     12228    0.00    0.98    0.00    0.00    0.98     1  pidstat
02:41:40     1000     12231    1.96    3.92    0.00    0.00    5.88     1  spin-lock

# Time        UID       PID    %usr %system  %guest   %wait    %CPU   CPU  Command
02:41:41        0       165    0.00    1.00    0.00    0.00    1.00     1  gfx
02:41:41      120       916    1.00    0.00    0.00    0.00    1.00     0  redis-server
02:41:41        0       968    1.00    1.00    0.00    0.00    2.00     1  Xorg
02:41:41     1000      3171    0.00    1.00    0.00    0.00    1.00     0  cinnamon-sessio
02:41:41     1000      3303    1.00    0.00    0.00    0.00    1.00     1  ibus-daemon
02:41:41     1000      3313    1.00    0.00    0.00    1.00    1.00     0  ibus-ui-gtk3
02:41:41     1000      3436    1.00    0.00    0.00    0.00    1.00     1  ibus-engine-sim
02:41:41     1000      3596    3.00    2.00    0.00    4.00    5.00     0  cinnamon
02:41:41     1000      4636    1.00    0.00    0.00    0.00    1.00     0  jetbrains-toolb
02:41:41     1000      5902    3.00    2.00    0.00    1.00    5.00     0  brave
02:41:41     1000      5942    4.00    3.00    0.00    2.00    7.00     0  brave
02:41:41     1000      6120    5.00    1.00    0.00    2.00    6.00     0  brave
02:41:41     1000      6344   41.00    3.00    0.00    4.00   44.00     0  brave
02:41:41     1000     12228    2.00    2.00    0.00    1.00    4.00     1  pidstat

# Time        UID       PID    %usr %system  %guest   %wait    %CPU   CPU  Command
02:41:42        0       849    1.00    0.00    0.00    0.00    1.00     1  preload
02:41:42        0       968    2.00    0.00    0.00    0.00    2.00     1  Xorg
02:41:42     1000      3303    1.00    1.00    0.00    1.00    2.00     0  ibus-daemon
02:41:42     1000      3596    2.00    0.00    0.00    3.00    2.00     1  cinnamon
02:41:42     1000      5902    4.00    1.00    0.00    0.00    5.00     0  brave
02:41:42     1000      5942    5.00    1.00    0.00    3.00    6.00     0  brave
02:41:42     1000      6120    4.00    1.00    0.00    1.00    5.00     0  brave
02:41:42     1000      6150    1.00    0.00    0.00    0.00    1.00     1  alacritty
02:41:42     1000      6344   70.00    1.00    0.00    6.00   71.00     0  brave
02:41:42     1000      6418    1.00    0.00    0.00    0.00    1.00     0  brave
02:41:42     1000     12228    0.00    1.00    0.00    0.00    1.00     1  pidstat

# Time        UID       PID    %usr %system  %guest   %wait    %CPU   CPU  Command
02:41:43        0       968    1.00    0.00    0.00    0.00    1.00     1  Xorg
02:41:43     1000      3303    2.00    1.00    0.00    2.00    3.00     0  ibus-daemon
02:41:43     1000      3417    0.00    1.00    0.00    1.00    1.00     0  csd-keyboard
02:41:43     1000      3436    1.00    1.00    0.00    1.00    2.00     0  ibus-engine-sim
02:41:43     1000      3596    2.00    2.00    0.00    8.00    4.00     1  cinnamon
02:41:43     1000      4636    1.00    0.00    0.00    0.00    1.00     0  jetbrains-toolb
02:41:43     1000      5902    7.00    2.00    0.00    3.00    9.00     1  brave
02:41:43     1000      5942    5.00    1.00    0.00    3.00    6.00     1  brave
02:41:43     1000      6120    5.00    1.00    0.00    2.00    6.00     0  brave
02:41:43     1000      6150    0.00    1.00    0.00    2.00    1.00     0  alacritty
02:41:43     1000      6344   64.00    2.00    0.00    7.00   66.00     0  brave
02:41:43        0     10294    0.00    1.00    0.00    0.00    1.00     0  kworker/u32:1+events_unbound
02:41:43     1000     12228    0.00    2.00    0.00    1.00    2.00     1  pidstat

# Time        UID       PID    %usr %system  %guest   %wait    %CPU   CPU  Command
02:41:44        0       703    0.00    1.00    0.00    0.00    1.00     1  irq/63-rtw88_pci
02:41:44        0       934    1.00    0.00    0.00    0.00    1.00     0  containerd
02:41:44        0       968    0.00    2.00    0.00    0.00    2.00     1  Xorg
02:41:44     1000      3303    2.00    0.00    0.00    1.00    2.00     1  ibus-daemon
02:41:44     1000      3314    0.00    1.00    0.00    0.00    1.00     0  ibus-extension-
02:41:44     1000      3436    1.00    0.00    0.00    0.00    1.00     0  ibus-engine-sim
02:41:44     1000      3596    3.00    1.00    0.00    4.00    4.00     1  cinnamon
02:41:44     1000      5902    5.00    2.00    0.00    1.00    7.00     0  brave
02:41:44     1000      5942    4.00    2.00    0.00    2.00    6.00     1  brave
02:41:44     1000      6120    5.00    0.00    0.00    1.00    5.00     0  brave
02:41:44     1000      6344   77.00    3.00    0.00    7.00   80.00     0  brave
02:41:44     1000     12228    1.00    2.00    0.00    0.00    3.00     1  pidstat

# Time        UID       PID    %usr %system  %guest   %wait    %CPU   CPU  Command
02:41:45      120       916    1.00    0.00    0.00    0.00    1.00     1  redis-server
02:41:45        0       968    1.00    0.00    0.00    0.00    1.00     0  Xorg
02:41:45     1000      3303    1.00    0.00    0.00    0.00    1.00     0  ibus-daemon
02:41:45     1000      3596    1.00    1.00    0.00    3.00    2.00     0  cinnamon
02:41:45     1000      5902    3.00    2.00    0.00    2.00    5.00     0  brave
02:41:45     1000      5942    3.00    2.00    0.00    1.00    5.00     0  brave
02:41:45     1000      5953    1.00    0.00    0.00    0.00    1.00     0  brave
02:41:45     1000      6120    6.00    1.00    0.00    3.00    7.00     1  brave
02:41:45     1000      6344   39.00    3.00    0.00    4.00   42.00     1  brave
02:41:45     1000      6418    0.00    1.00    0.00    0.00    1.00     0  brave
02:41:45     1000     12228    0.00    3.00    0.00    1.00    3.00     1  pidstat

# Time        UID       PID    %usr %system  %guest   %wait    %CPU   CPU  Command
02:41:46        0       968    1.00    2.00    0.00    0.00    3.00     0  Xorg
02:41:46     1000      3303    3.00    1.00    0.00    5.00    4.00     0  ibus-daemon
02:41:46     1000      3313    1.00    0.00    0.00    0.00    1.00     0  ibus-ui-gtk3
02:41:46     1000      3436    1.00    0.00    0.00    0.00    1.00     0  ibus-engine-sim
02:41:46     1000      3596    3.00    1.00    0.00   12.00    4.00     0  cinnamon
02:41:46     1000      5902    8.00    1.00    0.00    3.00    9.00     0  brave
02:41:46     1000      5942    3.00    2.00    0.00    2.00    5.00     0  brave
02:41:46     1000      6120    4.00    1.00    0.00    2.00    5.00     0  brave
02:41:46     1000      6344  116.00    4.00    0.00   21.00  120.00     1  brave
02:41:46        0     10294    0.00    1.00    0.00    0.00    1.00     0  kworker/u32:1-ext4-rsv-conversion
02:41:46     1000     12228    0.00    1.00    0.00    0.00    1.00     1  pidstat

# Time        UID       PID    %usr %system  %guest   %wait    %CPU   CPU  Command
02:41:47        0        15    0.00    1.00    0.00    0.00    1.00     0  rcu_preempt
02:41:47        0       968    1.00    1.00    0.00    0.00    2.00     0  Xorg
02:41:47     1000      3303    2.00    1.00    0.00    2.00    3.00     0  ibus-daemon
02:41:47     1000      3314    1.00    0.00    0.00    0.00    1.00     1  ibus-extension-
02:41:47     1000      3436    1.00    0.00    0.00    0.00    1.00     1  ibus-engine-sim
02:41:47     1000      3596    3.00    1.00    0.00   13.00    4.00     0  cinnamon
02:41:47     1000      5902   10.00    2.00    0.00    5.00   12.00     0  brave
02:41:47     1000      5942    5.00    2.00    0.00    1.00    7.00     0  brave
02:41:47     1000      6021    1.00    0.00    0.00    0.00    1.00     1  brave
02:41:47     1000      6120    5.00    1.00    0.00    3.00    6.00     0  brave
02:41:47     1000      6344   91.00    3.00    0.00    9.00   94.00     0  brave
02:41:47     1000     12228    1.00    2.00    0.00    0.00    3.00     1  pidstat

# Time        UID       PID    %usr %system  %guest   %wait    %CPU   CPU  Command
02:41:48        0       703    0.00    1.00    0.00    0.00    1.00     1  irq/63-rtw88_pci
02:41:48        0       968    1.00    1.00    0.00    0.00    2.00     1  Xorg
02:41:48     1000      3303    1.00    1.00    0.00    0.00    2.00     1  ibus-daemon
02:41:48     1000      3596    2.00    0.00    0.00    3.00    2.00     1  cinnamon
02:41:48     1000      4636    1.00    0.00    0.00    0.00    1.00     0  jetbrains-toolb
02:41:48     1000      5902    4.00    1.00    0.00    1.00    5.00     1  brave
02:41:48     1000      5942    3.00    1.00    0.00    0.00    4.00     0  brave
02:41:48     1000      6120    4.00    2.00    0.00    2.00    6.00     1  brave
02:41:48     1000      6344   51.00    2.00    0.00    5.00   53.00     0  brave
02:41:48     1000     12228    1.00    2.00    0.00    0.00    3.00     1  pidstat

# Time        UID       PID    %usr %system  %guest   %wait    %CPU   CPU  Command
02:41:49        0       165    0.00    1.00    0.00    0.00    1.00     1  gfx
02:41:49     1000      3436    1.00    0.00    0.00    0.00    1.00     1  ibus-engine-sim
02:41:49     1000      3596    1.00    1.00    0.00    0.00    2.00     0  cinnamon
02:41:49     1000      4636    0.00    1.00    0.00    0.00    1.00     0  jetbrains-toolb
02:41:49     1000      5902    2.00    0.00    0.00    0.00    2.00     1  brave
02:41:49     1000      5942    1.00    2.00    0.00    1.00    3.00     0  brave
02:41:49     1000      6120    4.00    2.00    0.00    1.00    6.00     0  brave
02:41:49     1000      6344   15.00    2.00    0.00    3.00   17.00     1  brave
02:41:49     1000      8645    2.00    1.00    0.00    2.00    3.00     1  brave
02:41:49        0     10294    0.00    1.00    0.00    0.00    1.00     0  kworker/u32:1-phy0
02:41:49     1000     12228    1.00    3.00    0.00    1.00    4.00     0  pidstat

# Time        UID       PID    %usr %system  %guest   %wait    %CPU   CPU  Command
02:41:50        0        36    0.00    1.00    0.00    0.00    1.00     0  khugepaged
02:41:50        0       968    2.00    1.00    0.00    0.00    3.00     1  Xorg
02:41:50     1000      3596    6.00    1.00    0.00    6.00    7.00     0  cinnamon
02:41:50     1000      5902    6.00    0.00    0.00    1.00    6.00     0  brave
02:41:50     1000      5942    8.00    4.00    0.00    6.00   12.00     0  brave
02:41:50     1000      5943    2.00    0.00    0.00    0.00    2.00     1  brave
02:41:50     1000      6120    5.00    1.00    0.00    1.00    6.00     1  brave
02:41:50     1000      6344   40.00    3.00    0.00    8.00   43.00     1  brave
02:41:50        0     10333    0.00    1.00    0.00    0.00    1.00     0  kworker/u33:0-rtw_tx_wq
02:41:50     1000     12228    0.00    1.00    0.00    0.00    1.00     0  pidstat
02:41:50     1000     12231    0.00    1.00    0.00    0.00    1.00     1  spin-lock

# Time        UID       PID    %usr %system  %guest   %wait    %CPU   CPU  Command
02:41:51        0       140    0.00    1.00    0.00    0.00    1.00     0  irq/30-ELAN0708:00
02:41:51        0       165    0.00    1.00    0.00    0.00    1.00     0  gfx
02:41:51      120       916    0.00    1.00    0.00    0.00    1.00     0  redis-server
02:41:51        0       968    4.00    3.00    0.00    1.00    7.00     0  Xorg
02:41:51     1000      3596   13.00    3.00    0.00   22.00   16.00     1  cinnamon
02:41:51     1000      5902    7.00    2.00    0.00    1.00    9.00     1  brave
02:41:51     1000      5942   13.00    5.00    0.00   11.00   18.00     0  brave
02:41:51     1000      5943    1.00    0.00    0.00    0.00    1.00     1  brave
02:41:51     1000      6120   14.00    0.00    0.00    9.00   14.00     1  brave
02:41:51     1000      6344   36.00    3.00    0.00   21.00   39.00     1  brave
02:41:51     1000      6626    1.00    0.00    0.00    0.00    1.00     0  brave
02:41:51        0     10294    0.00    1.00    0.00    0.00    1.00     1  kworker/u32:1-events_unbound
02:41:51     1000     12228    0.00    2.00    0.00    2.00    2.00     0  pidstat

# Time        UID       PID    %usr %system  %guest   %wait    %CPU   CPU  Command
02:41:52        0       140    0.00    1.00    0.00    0.00    1.00     0  irq/30-ELAN0708:00
02:41:52        0       165    0.00    1.00    0.00    0.00    1.00     1  gfx
02:41:52        0       703    0.00    1.00    0.00    0.00    1.00     1  irq/63-rtw88_pci
02:41:52      120       916    1.00    0.00    0.00    0.00    1.00     0  redis-server
02:41:52        0       968    7.00    4.00    0.00    1.00   11.00     1  Xorg
02:41:52     1000      3303    4.00    1.00    0.00   10.00    5.00     1  ibus-daemon
02:41:52     1000      3313    2.00    1.00    0.00    2.00    3.00     1  ibus-ui-gtk3
02:41:52     1000      3314    1.00    0.00    0.00    0.00    1.00     1  ibus-extension-
02:41:52     1000      3417    1.00    0.00    0.00    3.00    1.00     0  csd-keyboard
02:41:52     1000      3596   19.00    2.00    0.00   27.00   21.00     1  cinnamon
02:41:52     1000      4636    0.00    1.00    0.00    0.00    1.00     0  jetbrains-toolb
02:41:52     1000      5902   12.00    3.00    0.00    4.00   15.00     1  brave
02:41:52     1000      5942   22.00    6.00    0.00   31.00   28.00     1  brave
02:41:52     1000      5943    0.00    1.00    0.00    0.00    1.00     1  brave
02:41:52     1000      6021    1.00    0.00    0.00    0.00    1.00     1  brave
02:41:52     1000      6120   24.00    3.00    0.00   26.00   27.00     1  brave
02:41:52     1000      6150    0.00    1.00    0.00    5.00    1.00     1  alacritty
02:41:52     1000      6344   39.00    2.00    0.00   39.00   41.00     1  brave
02:41:52        0     10294    0.00    1.00    0.00    0.00    1.00     1  kworker/u32:1-events_unbound
02:41:52     1000     12228    1.00    3.00    0.00    1.00    4.00     0  pidstat

# Time        UID       PID    %usr %system  %guest   %wait    %CPU   CPU  Command
02:41:53        0        15    0.00    1.00    0.00    0.00    1.00     1  rcu_preempt
02:41:53        0       140    0.00    2.00    0.00    0.00    2.00     0  irq/30-ELAN0708:00
02:41:53        0       165    0.00    2.00    0.00    0.00    2.00     1  gfx
02:41:53        0       703    0.00    1.00    0.00    0.00    1.00     1  irq/63-rtw88_pci
02:41:53        0       968    7.00    7.00    0.00    1.00   14.00     1  Xorg
02:41:53     1000      3596   18.00    3.00    0.00   39.00   21.00     1  cinnamon
02:41:53     1000      3682    1.00    0.00    0.00    0.00    1.00     1  kdeconnectd
02:41:53     1000      3947    0.00    1.00    0.00    0.00    1.00     0  blueman-tray
02:41:53     1000      4636    1.00    0.00    0.00    0.00    1.00     0  jetbrains-toolb
02:41:53     1000      5902    8.00    0.00    0.00    1.00    8.00     0  brave
02:41:53     1000      5942   24.00   10.00    0.00   44.00   34.00     1  brave
02:41:53     1000      5943    0.00    2.00    0.00    0.00    2.00     1  brave
02:41:53     1000      6120   24.00    4.00    0.00   30.00   28.00     0  brave
02:41:53     1000      6150    1.00    0.00    0.00    5.00    1.00     1  alacritty
02:41:53     1000      6344   67.00    5.00    0.00   42.00   72.00     1  brave
02:41:53        0     11698    0.00    1.00    0.00    0.00    1.00     1  kworker/u32:4-events_unbound
02:41:53     1000     12228    1.00    3.00    0.00    2.00    4.00     0  pidstat

# Time        UID       PID    %usr %system  %guest   %wait    %CPU   CPU  Command
02:41:54        0       140    0.00    1.00    0.00    0.00    1.00     0  irq/30-ELAN0708:00
02:41:54        0       165    0.00    1.00    0.00    0.00    1.00     1  gfx
02:41:54        0       703    0.00    2.00    0.00    0.00    2.00     1  irq/63-rtw88_pci
02:41:54        0       968    6.00    4.00    0.00    1.00   10.00     1  Xorg
02:41:54     1000      3303    4.00    2.00    0.00   24.00    6.00     1  ibus-daemon
02:41:54     1000      3313    1.00    1.00    0.00    1.00    2.00     1  ibus-ui-gtk3
02:41:54     1000      3314    3.00    0.00    0.00    1.00    3.00     1  ibus-extension-
02:41:54     1000      3436    1.00    0.00    0.00    1.00    1.00     0  ibus-engine-sim
02:41:54     1000      3596   14.00    3.00    0.00   54.00   17.00     1  cinnamon
02:41:54     1000      5902   34.00   12.00    0.00   11.00   46.00     0  brave
02:41:54     1000      5942   16.00    8.00    0.00   59.00   24.00     1  brave
02:41:54     1000      5943    2.00    2.00    0.00    0.00    4.00     1  brave
02:41:54     1000      6027    6.00    0.00    0.00    0.00    6.00     0  brave
02:41:54     1000      6097    3.00    1.00    0.00   14.00    4.00     1  brave
02:41:54     1000      6120   16.00    2.00    0.00   29.00   18.00     1  brave
02:41:54     1000      6344   53.00    5.00    0.00   61.00   58.00     0  brave
02:41:54        0     11698    0.00    1.00    0.00    0.00    1.00     0  kworker/u32:4-events_unbound
02:41:54     1000     12228    1.00    4.00    0.00   16.00    5.00     1  pidstat
02:41:54     1000     12231    0.00    1.00    0.00    0.00    1.00     1  spin-lock

# Time        UID       PID    %usr %system  %guest   %wait    %CPU   CPU  Command
02:41:55        0       140    0.00    1.00    0.00    0.00    1.00     0  irq/30-ELAN0708:00
02:41:55        0       870    1.00    0.00    0.00    0.00    1.00     1  psimon
02:41:55        0       968    2.00    2.00    0.00    0.00    4.00     0  Xorg
02:41:55     1000      3303    3.00    1.00    0.00    0.00    4.00     1  ibus-daemon
02:41:55     1000      3313    3.00    0.00    0.00    1.00    3.00     1  ibus-ui-gtk3
02:41:55     1000      3314    1.00    0.00    0.00    0.00    1.00     1  ibus-extension-
02:41:55     1000      3589    1.00    0.00    0.00    0.00    1.00     1  xdg-desktop-por
02:41:55     1000      3596    3.00    2.00    0.00    4.00    5.00     0  cinnamon
02:41:55     1000      5902   13.00    4.00    0.00    8.00   17.00     1  brave
02:41:55     1000      5942    8.00    2.00    0.00   22.00   10.00     1  brave
02:41:55     1000      5943    1.00    0.00    0.00    0.00    1.00     1  brave
02:41:55     1000      6027    4.00    2.00    0.00    0.00    6.00     0  brave
02:41:55     1000      6097    8.00    3.00    0.00   11.00   11.00     1  brave
02:41:55     1000      6120    4.00    1.00    0.00    1.00    5.00     0  brave
02:41:55     1000      6150    0.00    1.00    0.00    0.00    1.00     1  alacritty
02:41:55     1000      6344   34.00    1.00    0.00   18.00   35.00     1  brave
02:41:55     1000      6447    1.00    0.00    0.00    0.00    1.00     1  brave
02:41:55     1000      6987    0.00    1.00    0.00    0.00    1.00     1  brave
02:41:55        0     10294    0.00    1.00    0.00    0.00    1.00     0  kworker/u32:1-phy0
02:41:55        0     12078    0.00    1.00    0.00    0.00    1.00     1  kworker/1:0-events
02:41:55     1000     12228    1.00    1.00    0.00    4.00    2.00     0  pidstat
02:41:55     1000     12231    0.00    1.00    0.00    0.00    1.00     1  spin-lock

# Time        UID       PID    %usr %system  %guest   %wait    %CPU   CPU  Command
02:41:56     1000      4636    1.00    0.00    0.00    0.00    1.00     0  jetbrains-toolb
02:41:56     1000      5902    2.00    1.00    0.00    0.00    3.00     1  brave
02:41:56     1000      5942    3.00    2.00    0.00    0.00    5.00     0  brave
02:41:56     1000      5943    0.00    1.00    0.00    0.00    1.00     1  brave
02:41:56     1000      6021    0.00    1.00    0.00    0.00    1.00     1  brave
02:41:56     1000      6097    7.00    3.00    0.00    3.00   10.00     1  brave
02:41:56     1000      6120    6.00    1.00    0.00    2.00    7.00     0  brave
02:41:56     1000      6344   14.00    0.00    0.00    1.00   14.00     0  brave
02:41:56     1000     12228    2.00    1.00    0.00    0.00    3.00     0  pidstat
02:41:56     1000     12231    0.00    1.00    0.00    0.00    1.00     1  spin-lock

# Time        UID       PID    %usr %system  %guest   %wait    %CPU   CPU  Command
02:41:57        0       703    0.00    1.00    0.00    0.00    1.00     1  irq/63-rtw88_pci
02:41:57        0       968    0.00    1.00    0.00    0.00    1.00     1  Xorg
02:41:57     1000      3596    1.00    0.00    0.00    0.00    1.00     0  cinnamon
02:41:57     1000      5902    4.00    1.00    0.00    1.00    5.00     1  brave
02:41:57     1000      5942    2.00    2.00    0.00    2.00    4.00     1  brave
02:41:57     1000      5943    1.00    0.00    0.00    0.00    1.00     1  brave
02:41:57     1000      6021    1.00    0.00    0.00    0.00    1.00     1  brave
02:41:57     1000      6097   13.00    2.00    0.00    4.00   15.00     1  brave
02:41:57     1000      6120    5.00    1.00    0.00    2.00    6.00     1  brave
02:41:57     1000      6344   11.00    1.00    0.00    1.00   12.00     1  brave
02:41:57        0      9838    0.00    1.00    0.00    0.00    1.00     0  kworker/0:1-events
02:41:57     1000     12228    0.00    3.00    0.00    0.00    3.00     0  pidstat

# Time        UID       PID    %usr %system  %guest   %wait    %CPU   CPU  Command
02:41:58      105       800    1.00    0.00    0.00    0.00    1.00     1  avahi-daemon
02:41:58      120       916    1.00    0.00    0.00    0.00    1.00     1  redis-server
02:41:58     1000      3674    1.00    0.00    0.00    0.00    1.00     0  blueman-applet
02:41:58     1000      3947    1.00    0.00    0.00    0.00    1.00     1  blueman-tray
02:41:58     1000      5902    3.00    0.00    0.00    1.00    3.00     1  brave
02:41:58     1000      5942    2.00    2.00    0.00    0.00    4.00     0  brave
02:41:58     1000      5943    1.00    1.00    0.00    0.00    2.00     1  brave
02:41:58     1000      6097    4.00    1.00    0.00    1.00    5.00     0  brave
02:41:58     1000      6120    5.00    1.00    0.00    2.00    6.00     1  brave
02:41:58     1000      6344   15.00    0.00    0.00    0.00   15.00     1  brave
02:41:58     1000      6626    1.00    0.00    0.00    0.00    1.00     0  brave
02:41:58     1000      6831    1.00    0.00    0.00    0.00    1.00     1  brave
02:41:58     1000     11670    1.00    0.00    0.00    0.00    1.00     1  brave
02:41:58     1000     12228    1.00    3.00    0.00    0.00    4.00     0  pidstat
02:41:58     1000     12231    1.00    0.00    0.00    0.00    1.00     1  spin-lock
