Linux 6.1.0-34-amd64 (debian) 	06/04/25 	_x86_64_	(2 CPU)

# Time        UID       PID    %usr %system  %guest   %wait    %CPU   CPU  Command
02:44:05        0       165    0.00    0.79    0.00    0.00    0.79     0  gfx
02:44:05        0       703    0.00    0.79    0.00    0.00    0.79     1  irq/63-rtw88_pci
02:44:05        0       968    3.94    0.79    0.00    0.00    4.72     1  Xorg
02:44:05     1000      3303    2.36    0.79    0.00    3.94    3.15     1  ibus-daemon
02:44:05     1000      3313    0.79    0.79    0.00    0.00    1.57     1  ibus-ui-gtk3
02:44:05     1000      3314    0.79    0.00    0.00    0.00    0.79     1  ibus-extension-
02:44:05     1000      3596   11.81    2.36    0.00   11.02   14.17     1  cinnamon
02:44:05     1000      4636    0.79    0.00    0.00    0.00    0.79     0  jetbrains-toolb
02:44:05     1000      5902    3.94    2.36    0.00    1.57    6.30     1  brave
02:44:05     1000      5942   11.81    3.15    0.00   15.75   14.96     1  brave
02:44:05     1000      5943    0.79    0.79    0.00    0.00    1.57     1  brave
02:44:05     1000      6021    0.79    0.00    0.00    0.00    0.79     0  brave
02:44:05     1000      6120    5.51    0.79    0.00    0.79    6.30     1  brave
02:44:05     1000      6344   72.44    1.57    0.00   18.90   74.02     0  brave
02:44:05     1000     11670    0.79    0.00    0.00    0.00    0.79     1  brave
02:44:05        0     12399    0.00    0.79    0.00    0.00    0.79     1  kworker/u32:0+events_unbound
02:44:05     1000     12451    0.79    1.57    0.00    1.57    2.36     1  pidstat
02:44:05     1000     12454    0.00    1.57    0.00    0.00    1.57     1  spin-lock

# Time        UID       PID    %usr %system  %guest   %wait    %CPU   CPU  Command
02:44:06        0        15    0.00    1.00    0.00    0.00    1.00     1  rcu_preempt
02:44:06        0       165    0.00    1.00    0.00    0.00    1.00     0  gfx
02:44:06        0       703    0.00    1.00    0.00    0.00    1.00     1  irq/63-rtw88_pci
02:44:06      120       916    0.00    1.00    0.00    0.00    1.00     0  redis-server
02:44:06        0       968    1.00    1.00    0.00    1.00    2.00     1  Xorg
02:44:06     1000      3596    6.00    0.00    0.00    4.00    6.00     1  cinnamon
02:44:06     1000      5902    4.00    2.00    0.00    0.00    6.00     0  brave
02:44:06     1000      5942    8.00    3.00    0.00    3.00   11.00     1  brave
02:44:06     1000      5943    1.00    0.00    0.00    0.00    1.00     1  brave
02:44:06     1000      6021    1.00    0.00    0.00    0.00    1.00     0  brave
02:44:06     1000      6120    5.00    2.00    0.00    2.00    7.00     0  brave
02:44:06     1000      6344  137.00    4.00    0.00   44.00  141.00     0  brave
02:44:06        0     12399    0.00    1.00    0.00    0.00    1.00     0  kworker/u32:0+events_unbound
02:44:06     1000     12451    2.00    2.00    0.00    5.00    4.00     0  pidstat
02:44:06     1000     12454    0.00    1.00    0.00    0.00    1.00     1  spin-lock

# Time        UID       PID    %usr %system  %guest   %wait    %CPU   CPU  Command
02:44:07        0       968    3.00    1.00    0.00    0.00    4.00     0  Xorg
02:44:07     1000      3319    0.00    1.00    0.00    0.00    1.00     1  ibus-x11
02:44:07     1000      3596    4.00    4.00    0.00    3.00    8.00     0  cinnamon
02:44:07     1000      5902    4.00    0.00    0.00    1.00    4.00     0  brave
02:44:07     1000      5942    7.00    3.00    0.00    2.00   10.00     0  brave
02:44:07     1000      6120    6.00    0.00    0.00    1.00    6.00     1  brave
02:44:07     1000      6344   23.00    3.00    0.00    5.00   26.00     0  brave
02:44:07     1000     12451    0.00    1.00    0.00    1.00    1.00     1  pidstat

# Time        UID       PID    %usr %system  %guest   %wait    %CPU   CPU  Command
02:44:08        0       703    0.00    1.00    0.00    0.00    1.00     1  irq/63-rtw88_pci
02:44:08        0       968    0.00    1.00    0.00    0.00    1.00     0  Xorg
02:44:08     1000      3596    1.00    0.00    0.00    1.00    1.00     1  cinnamon
02:44:08     1000      4636    1.00    0.00    0.00    0.00    1.00     0  jetbrains-toolb
02:44:08     1000      5902    1.00    0.00    0.00    0.00    1.00     0  brave
02:44:08     1000      5942    3.00    0.00    0.00    0.00    3.00     0  brave
02:44:08     1000      6120    4.00    2.00    0.00    2.00    6.00     0  brave
02:44:08     1000      6344   15.00    2.00    0.00    2.00   17.00     0  brave
02:44:08        0     10333    0.00    1.00    0.00    0.00    1.00     1  kworker/u33:0-rtw_tx_wq
02:44:08     1000     12451    1.00    2.00    0.00    0.00    3.00     1  pidstat

# Time        UID       PID    %usr %system  %guest   %wait    %CPU   CPU  Command
02:44:09        0       968    1.00    1.00    0.00    0.00    2.00     0  Xorg
02:44:09     1000      3596    3.00    1.00    0.00    1.00    4.00     0  cinnamon
02:44:09     1000      5902    3.00    1.00    0.00    0.00    4.00     0  brave
02:44:09     1000      5942    4.00    3.00    0.00    1.00    7.00     0  brave
02:44:09     1000      6120    5.00    1.00    0.00    1.00    6.00     0  brave
02:44:09     1000      6344   17.00    3.00    0.00    4.00   20.00     0  brave
02:44:09     1000      6418    0.00    1.00    0.00    0.00    1.00     1  brave
02:44:09        0     12399    0.00    1.00    0.00    0.00    1.00     0  kworker/u32:0+events_unbound
02:44:09     1000     12451    0.00    1.00    0.00    0.00    1.00     1  pidstat
02:44:09     1000     12454    0.00    1.00    0.00    0.00    1.00     1  spin-lock

# Time        UID       PID    %usr %system  %guest   %wait    %CPU   CPU  Command
02:44:10        0       165    0.00    1.00    0.00    0.00    1.00     0  gfx
02:44:10        0       968    1.00    2.00    0.00    0.00    3.00     1  Xorg
02:44:10     1000      3596    5.00    1.00    0.00    2.00    6.00     1  cinnamon
02:44:10     1000      4636    1.00    0.00    0.00    0.00    1.00     0  jetbrains-toolb
02:44:10     1000      5902    3.00    1.00    0.00    1.00    4.00     0  brave
02:44:10     1000      5942    5.00    3.00    0.00    2.00    8.00     0  brave
02:44:10     1000      5943    1.00    0.00    0.00    0.00    1.00     1  brave
02:44:10     1000      6120    4.00    1.00    0.00    1.00    5.00     1  brave
02:44:10     1000      6344   20.00    2.00    0.00    4.00   22.00     0  brave
02:44:10     1000     12451    0.00    4.00    0.00    0.00    4.00     1  pidstat

# Time        UID       PID    %usr %system  %guest   %wait    %CPU   CPU  Command
02:44:11        0       968    2.00    0.00    0.00    0.00    2.00     1  Xorg
02:44:11     1000      3596    1.00    0.00    0.00    0.00    1.00     0  cinnamon
02:44:11     1000      4636    0.00    1.00    0.00    0.00    1.00     0  jetbrains-toolb
02:44:11     1000      5902    1.00    1.00    0.00    0.00    2.00     0  brave
02:44:11     1000      5942    4.00    1.00    0.00    0.00    5.00     1  brave
02:44:11     1000      6120    4.00    2.00    0.00    3.00    6.00     0  brave
02:44:11     1000      6344   11.00    2.00    0.00    3.00   13.00     0  brave
02:44:11     1000     12451    0.00    2.00    0.00    0.00    2.00     1  pidstat

# Time        UID       PID    %usr %system  %guest   %wait    %CPU   CPU  Command
02:44:12        0       140    0.00    1.00    0.00    0.00    1.00     0  irq/30-ELAN0708:00
02:44:12      120       916    0.00    1.00    0.00    0.00    1.00     0  redis-server
02:44:12        0       968    1.00    0.00    0.00    0.00    1.00     0  Xorg
02:44:12     1000      3596    2.00    0.00    0.00    1.00    2.00     1  cinnamon
02:44:12     1000      5902    2.00    2.00    0.00    0.00    4.00     0  brave
02:44:12     1000      5942    3.00    1.00    0.00    1.00    4.00     1  brave
02:44:12     1000      5943    0.00    1.00    0.00    0.00    1.00     1  brave
02:44:12     1000      6120    9.00    2.00    0.00    2.00   11.00     0  brave
02:44:12     1000      6344   10.00    1.00    0.00    2.00   11.00     0  brave
02:44:12     1000     12451    1.00    2.00    0.00    0.00    3.00     1  pidstat

# Time        UID       PID    %usr %system  %guest   %wait    %CPU   CPU  Command
02:44:13        0       703    0.00    1.00    0.00    0.00    1.00     1  irq/63-rtw88_pci
02:44:13        0       968    1.00    1.00    0.00    0.00    2.00     0  Xorg
02:44:13     1000      5902    2.00    0.00    0.00    0.00    2.00     0  brave
02:44:13     1000      5942    2.00    1.00    0.00    0.00    3.00     0  brave
02:44:13     1000      6120   22.00    2.00    0.00    7.00   24.00     0  brave
02:44:13     1000      6344    4.00    0.00    0.00    2.00    4.00     0  brave
02:44:13     1000     12451    1.00    1.00    0.00    2.00    2.00     1  pidstat

# Time        UID       PID    %usr %system  %guest   %wait    %CPU   CPU  Command
02:44:14        0        33    0.00    9.00    0.00    3.00    9.00     0  kcompactd0
02:44:14        0        36    0.00    1.00    0.00    0.00    1.00     1  khugepaged
02:44:14        0       140    0.00    1.00    0.00    0.00    1.00     0  irq/30-ELAN0708:00
02:44:14        0       968    1.00    1.00    0.00    0.00    2.00     1  Xorg
02:44:14     1000      3303    1.00    0.00    0.00    4.00    1.00     1  ibus-daemon
02:44:14     1000      3313    1.00    1.00    0.00    1.00    2.00     1  ibus-ui-gtk3
02:44:14     1000      3436    1.00    0.00    0.00    0.00    1.00     1  ibus-engine-sim
02:44:14     1000      3596    2.00    1.00    0.00    6.00    3.00     0  cinnamon
02:44:14     1000      3684    1.00    0.00    0.00    0.00    1.00     1  nemo-desktop
02:44:14     1000      4636    0.00    1.00    0.00    0.00    1.00     0  jetbrains-toolb
02:44:14     1000      5902    7.00    2.00    0.00    2.00    9.00     1  brave
02:44:14     1000      5942    4.00    2.00    0.00    3.00    6.00     0  brave
02:44:14     1000      6120   52.00    2.00    0.00   23.00   54.00     1  brave
02:44:14     1000      6344   40.00    4.00    0.00   15.00   44.00     0  brave
02:44:14        0     12399    0.00    1.00    0.00    1.00    1.00     1  kworker/u32:0-phy0
02:44:14     1000     12451    0.00    2.00    0.00    3.00    2.00     1  pidstat
02:44:14     1000     12454    1.00    1.00    0.00    0.00    2.00     1  spin-lock

# Time        UID       PID    %usr %system  %guest   %wait    %CPU   CPU  Command
02:44:15        0       968    1.00    1.00    0.00    0.00    2.00     1  Xorg
02:44:15     1000      3436    0.00    1.00    0.00    0.00    1.00     1  ibus-engine-sim
02:44:15     1000      3596    4.00    1.00    0.00    1.00    5.00     0  cinnamon
02:44:15     1000      3947    0.00    1.00    0.00    0.00    1.00     1  blueman-tray
02:44:15     1000      5902    2.00    1.00    0.00    0.00    3.00     0  brave
02:44:15     1000      5942    5.00    2.00    0.00    2.00    7.00     0  brave
02:44:15     1000      5943    1.00    0.00    0.00    0.00    1.00     1  brave
02:44:15     1000      6120   13.00    1.00    0.00    2.00   14.00     0  brave
02:44:15     1000      6344   15.00    4.00    0.00    5.00   19.00     1  brave
02:44:15     1000     12451    0.00    1.00    0.00    0.00    1.00     1  pidstat

# Time        UID       PID    %usr %system  %guest   %wait    %CPU   CPU  Command
02:44:16        0        15    0.00    1.00    0.00    0.00    1.00     0  rcu_preempt
02:44:16        0       703    0.00    1.00    0.00    0.00    1.00     1  irq/63-rtw88_pci
02:44:16        0       968    1.00    1.00    0.00    0.00    2.00     1  Xorg
02:44:16     1000      3303    2.00    1.00    0.00    1.00    3.00     0  ibus-daemon
02:44:16     1000      3314    1.00    0.00    0.00    0.00    1.00     0  ibus-extension-
02:44:16     1000      3417    1.00    0.00    0.00    0.00    1.00     0  csd-keyboard
02:44:16     1000      3596    2.00    0.00    0.00    2.00    2.00     0  cinnamon
02:44:16     1000      5902   12.00    5.00    0.00    4.00   17.00     0  brave
02:44:16     1000      5942    3.00    3.00    0.00    3.00    6.00     0  brave
02:44:16     1000      5943    7.00    2.00    0.00    0.00    9.00     1  brave
02:44:16     1000      6021    1.00    1.00    0.00    0.00    2.00     0  brave
02:44:16     1000      6120   28.00    2.00    0.00   11.00   30.00     0  brave
02:44:16     1000      6344    4.00    1.00    0.00    1.00    5.00     1  brave
02:44:16     1000     12451    1.00    1.00    0.00    0.00    2.00     1  pidstat
02:44:16     1000     12454    0.00    1.00    0.00    0.00    1.00     1  spin-lock

# Time        UID       PID    %usr %system  %guest   %wait    %CPU   CPU  Command
02:44:17        0       703    0.00    1.00    0.00    0.00    1.00     1  irq/63-rtw88_pci
02:44:17      120       916    1.00    1.00    0.00    0.00    2.00     0  redis-server
02:44:17        0       968    1.00    0.00    0.00    0.00    1.00     0  Xorg
02:44:17     1000      3303    1.00    1.00    0.00    1.00    2.00     0  ibus-daemon
02:44:17     1000      3436    1.00    0.00    0.00    1.00    1.00     1  ibus-engine-sim
02:44:17     1000      3596    1.00    0.00    0.00    2.00    1.00     0  cinnamon
02:44:17     1000      5902   13.00    3.00    0.00    3.00   16.00     1  brave
02:44:17     1000      5942    2.00    2.00    0.00    0.00    4.00     1  brave
02:44:17     1000      5943    6.00    2.00    0.00    0.00    8.00     1  brave
02:44:17     1000      6021    3.00    1.00    0.00    0.00    4.00     0  brave
02:44:17     1000      6120   15.00    1.00    0.00    5.00   16.00     0  brave
02:44:17     1000      6344    3.00    1.00    0.00    1.00    4.00     0  brave
02:44:17     1000      6987    1.00    0.00    0.00    0.00    1.00     1  brave
02:44:17     1000     11670    1.00    0.00    0.00    0.00    1.00     1  brave

# Time        UID       PID    %usr %system  %guest   %wait    %CPU   CPU  Command
02:44:18        0       934    1.00    0.00    0.00    0.00    1.00     0  containerd
02:44:18        0       968    0.00    1.00    0.00    0.00    1.00     1  Xorg
02:44:18     1000      3596    1.00    0.00    0.00    1.00    1.00     1  cinnamon
02:44:18     1000      4636    0.00    1.00    0.00    0.00    1.00     0  jetbrains-toolb
02:44:18     1000      5902    5.00    1.00    0.00    1.00    6.00     0  brave
02:44:18     1000      5942    4.00    1.00    0.00    0.00    5.00     0  brave
02:44:18     1000      5943    1.00    0.00    0.00    0.00    1.00     1  brave
02:44:18     1000      6021    1.00    0.00    0.00    0.00    1.00     0  brave
02:44:18     1000      6120   10.00    3.00    0.00    3.00   13.00     0  brave
02:44:18     1000      6344    3.00    1.00    0.00    0.00    4.00     1  brave
02:44:18        0     12399    0.00    1.00    0.00    0.00    1.00     0  kworker/u32:0-phy0
02:44:18     1000     12451    1.00    1.00    0.00    0.00    2.00     1  pidstat

# Time        UID       PID    %usr %system  %guest   %wait    %CPU   CPU  Command
02:44:19        0       703    0.00    2.00    0.00    0.00    2.00     1  irq/63-rtw88_pci
02:44:19        0       968    1.00    0.00    0.00    0.00    1.00     0  Xorg
02:44:19     1000      3303    2.00    0.00    0.00    1.00    2.00     1  ibus-daemon
02:44:19     1000      3314    0.00    1.00    0.00    0.00    1.00     1  ibus-extension-
02:44:19     1000      3596    2.00    1.00    0.00    1.00    3.00     1  cinnamon
02:44:19     1000      5902   13.00    5.00    0.00    2.00   18.00     0  brave
02:44:19     1000      5942    3.00    2.00    0.00    2.00    5.00     1  brave
02:44:19     1000      5943    7.00    1.00    0.00    0.00    8.00     1  brave
02:44:19     1000      6021    2.00    0.00    0.00    0.00    2.00     0  brave
02:44:19     1000      6120   16.00    5.00    0.00    6.00   21.00     0  brave
02:44:19     1000      6344    4.00    0.00    0.00    2.00    4.00     1  brave
02:44:19     1000     12451    0.00    1.00    0.00    0.00    1.00     1  pidstat

# Time        UID       PID    %usr %system  %guest   %wait    %CPU   CPU  Command
02:44:20        0       703    0.00    1.00    0.00    0.00    1.00     1  irq/63-rtw88_pci
02:44:20        0       934    0.00    1.00    0.00    0.00    1.00     0  containerd
02:44:20        0       968    0.00    1.00    0.00    0.00    1.00     1  Xorg
02:44:20     1000      3303    2.00    0.00    0.00    0.00    2.00     1  ibus-daemon
02:44:20     1000      3436    1.00    0.00    0.00    0.00    1.00     0  ibus-engine-sim
02:44:20     1000      3596    2.00    0.00    0.00    3.00    2.00     1  cinnamon
02:44:20     1000      4636    1.00    0.00    0.00    0.00    1.00     0  jetbrains-toolb
02:44:20     1000      5902   16.00    5.00    0.00    3.00   21.00     0  brave
02:44:20     1000      5942    4.00    1.00    0.00    2.00    5.00     1  brave
02:44:20     1000      5943    5.00    4.00    0.00    0.00    9.00     1  brave
02:44:20     1000      6021    2.00    0.00    0.00    0.00    2.00     0  brave
02:44:20     1000      6097    1.00    0.00    0.00    0.00    1.00     0  brave
02:44:20     1000      6120   21.00    1.00    0.00    8.00   22.00     0  brave
02:44:20     1000      6150    0.00    1.00    0.00    1.00    1.00     0  alacritty
02:44:20     1000      6344    4.00    1.00    0.00    2.00    5.00     0  brave
02:44:20     1000     11670    1.00    0.00    0.00    0.00    1.00     1  brave
02:44:20        0     12078    0.00    1.00    0.00    0.00    1.00     1  kworker/1:0-events
02:44:20     1000     12451    2.00    2.00    0.00    0.00    4.00     1  pidstat
02:44:20     1000     12454    1.00    0.00    0.00    0.00    1.00     1  spin-lock

# Time        UID       PID    %usr %system  %guest   %wait    %CPU   CPU  Command
02:44:21        0       165    0.00    1.00    0.00    0.00    1.00     0  gfx
02:44:21        0       968    1.00    1.00    0.00    1.00    2.00     1  Xorg
02:44:21     1000      3303    1.00    0.00    0.00    1.00    1.00     0  ibus-daemon
02:44:21     1000      3436    1.00    0.00    0.00    0.00    1.00     0  ibus-engine-sim
02:44:21     1000      3596    1.00    2.00    0.00    4.00    3.00     1  cinnamon
02:44:21     1000      5902   18.00    7.00    0.00    6.00   25.00     0  brave
02:44:21     1000      5942    5.00    2.00    0.00    2.00    7.00     1  brave
02:44:21     1000      5943    6.00    1.00    0.00    0.00    7.00     1  brave
02:44:21     1000      6021    3.00    0.00    0.00    0.00    3.00     0  brave
02:44:21     1000      6120   26.00    3.00    0.00   20.00   29.00     1  brave
02:44:21     1000      6344    4.00    1.00    0.00    1.00    5.00     0  brave
02:44:21     1000      6418    1.00    0.00    0.00    0.00    1.00     1  brave
02:44:21     1000      6626   31.00    1.00    0.00    6.00   32.00     1  brave
02:44:21        0     10333    0.00    1.00    0.00    0.00    1.00     1  kworker/u33:0-rtw_tx_wq
02:44:21     1000     11670    1.00    0.00    0.00    0.00    1.00     1  brave
02:44:21     1000     12451    1.00    1.00    0.00    2.00    2.00     0  pidstat

# Time        UID       PID    %usr %system  %guest   %wait    %CPU   CPU  Command
02:44:22        0       703    0.00    1.00    0.00    0.00    1.00     1  irq/63-rtw88_pci
02:44:22        0       849    1.00    0.00    0.00    0.00    1.00     1  preload
02:44:22        0       968    1.00    0.00    0.00    0.00    1.00     1  Xorg
02:44:22     1000      3303    2.00    1.00    0.00    1.00    3.00     0  ibus-daemon
02:44:22     1000      3436    0.00    1.00    0.00    0.00    1.00     1  ibus-engine-sim
02:44:22     1000      3596    3.00    0.00    0.00    3.00    3.00     0  cinnamon
02:44:22     1000      5902   19.00    5.00    0.00    4.00   24.00     1  brave
02:44:22     1000      5942    5.00    2.00    0.00    2.00    7.00     1  brave
02:44:22     1000      5943    6.00    4.00    0.00    0.00   10.00     0  brave
02:44:22     1000      6021    1.00    2.00    0.00    0.00    3.00     0  brave
02:44:22     1000      6120   24.00    3.00    0.00    9.00   27.00     1  brave
02:44:22     1000      6344    3.00    0.00    0.00    2.00    3.00     1  brave
02:44:22     1000     12451    0.00    2.00    0.00    1.00    2.00     0  pidstat
02:44:22     1000     12454    0.00    1.00    0.00    0.00    1.00     1  spin-lock

# Time        UID       PID    %usr %system  %guest   %wait    %CPU   CPU  Command
02:44:23        0       968    1.00    1.00    0.00    0.00    2.00     1  Xorg
02:44:23     1000      3303    1.00    1.00    0.00    2.00    2.00     0  ibus-daemon
02:44:23     1000      3313    1.00    0.00    0.00    0.00    1.00     0  ibus-ui-gtk3
02:44:23     1000      3596    1.00    0.00    0.00    1.00    1.00     0  cinnamon
02:44:23     1000      4636    1.00    0.00    0.00    0.00    1.00     0  jetbrains-toolb
02:44:23     1000      5902   14.00    2.00    0.00    4.00   16.00     1  brave
02:44:23     1000      5942    4.00    1.00    0.00    0.00    5.00     1  brave
02:44:23     1000      5943    6.00    2.00    0.00    0.00    8.00     0  brave
02:44:23     1000      6021    2.00    0.00    0.00    0.00    2.00     0  brave
02:44:23     1000      6120   19.00    2.00    0.00   15.00   21.00     0  brave
02:44:23     1000      6344   31.00    2.00    0.00   12.00   33.00     1  brave
02:44:23        0      9838    0.00    1.00    0.00    0.00    1.00     0  kworker/0:1-events
02:44:23     1000     11670    0.00    1.00    0.00    0.00    1.00     1  brave
02:44:23        0     12399    0.00    1.00    0.00    0.00    1.00     0  kworker/u32:0-phy0
02:44:23     1000     12451    0.00    1.00    0.00    5.00    1.00     0  pidstat
