Linux 6.1.0-34-amd64 (debian) 	06/04/25 	_x86_64_	(2 CPU)

# Time        UID       PID    %usr %system  %guest   %wait    %CPU   CPU  Command
02:47:10        0       703    0.00    0.97    0.00    0.00    0.97     1  irq/63-rtw88_pci
02:47:10        0       968    0.97    0.97    0.00    0.00    1.94     0  Xorg
02:47:10     1000      3596    0.97    0.00    0.00    0.97    0.97     0  cinnamon
02:47:10     1000      4636    0.97    0.97    0.00    0.00    1.94     0  jetbrains-toolb
02:47:10     1000      5902    2.91    0.97    0.00    0.97    3.88     0  brave
02:47:10     1000      5942    0.97    1.94    0.00    0.00    2.91     0  brave
02:47:10     1000      6120    5.83    1.94    0.00    1.94    7.77     1  brave
02:47:10     1000      6344    7.77    0.97    0.00    2.91    8.74     1  brave
02:47:10     1000      6626    3.88    0.00    0.00    0.97    3.88     0  brave
02:47:10        0     12399    0.00    0.97    0.00    0.00    0.97     0  kworker/u32:0-phy0
02:47:10     1000     12725    1.94    0.97    0.00    0.00    2.91     0  pidstat

# Time        UID       PID    %usr %system  %guest   %wait    %CPU   CPU  Command
02:47:11     1000      3596    1.00    0.00    0.00    0.00    1.00     0  cinnamon
02:47:11     1000      5902    1.00    0.00    0.00    0.00    1.00     1  brave
02:47:11     1000      5942    2.00    2.00    0.00    0.00    4.00     1  brave
02:47:11     1000      6120    6.00    1.00    0.00    2.00    7.00     1  brave
02:47:11     1000      6344    6.00    1.00    0.00    2.00    7.00     0  brave
02:47:11     1000     12725    1.00    2.00    0.00    0.00    3.00     0  pidstat

# Time        UID       PID    %usr %system  %guest   %wait    %CPU   CPU  Command
02:47:12        0       140    0.00    1.00    0.00    0.00    1.00     0  irq/30-ELAN0708:00
02:47:12      101       804    1.00    0.00    0.00    0.00    1.00     0  dbus-daemon
02:47:12        0       849    1.00    0.00    0.00    0.00    1.00     1  preload
02:47:12        0       968    1.00    1.00    0.00    0.00    2.00     1  Xorg
02:47:12        0      1993    1.00    1.00    0.00    0.00    2.00     0  upowerd
02:47:12     1000      3596    1.00    0.00    0.00    0.00    1.00     0  cinnamon
02:47:12     1000      5902    2.00    1.00    0.00    0.00    3.00     1  brave
02:47:12     1000      5942    1.00    2.00    0.00    0.00    3.00     0  brave
02:47:12     1000      6120    7.00    1.00    0.00    2.00    8.00     1  brave
02:47:12     1000      6344    4.00    2.00    0.00    1.00    6.00     1  brave
02:47:12     1000     12725    0.00    2.00    0.00    0.00    2.00     0  pidstat
02:47:12     1000     12728    0.00    1.00    0.00    0.00    1.00     1  sem

# Time        UID       PID    %usr %system  %guest   %wait    %CPU   CPU  Command
02:47:13        0       165    0.00    1.00    0.00    0.00    1.00     1  gfx
02:47:13        0       968    2.00    1.00    0.00    0.00    3.00     1  Xorg
02:47:13     1000      3596    1.00    1.00    0.00    1.00    2.00     0  cinnamon
02:47:13     1000      4636    1.00    0.00    0.00    0.00    1.00     0  jetbrains-toolb
02:47:13     1000      5902    5.00    1.00    0.00    0.00    6.00     1  brave
02:47:13     1000      5942    2.00    2.00    0.00    1.00    4.00     0  brave
02:47:13     1000      5943    1.00    0.00    0.00    0.00    1.00     1  brave
02:47:13     1000      6120   12.00    2.00    0.00    3.00   14.00     0  brave
02:47:13     1000      6150    1.00    0.00    0.00    2.00    1.00     1  alacritty
02:47:13     1000      6344    5.00    1.00    0.00    2.00    6.00     1  brave
02:47:13     1000     12725    1.00    1.00    0.00    0.00    2.00     0  pidstat

# Time        UID       PID    %usr %system  %guest   %wait    %CPU   CPU  Command
02:47:14        0       140    0.00    1.00    0.00    0.00    1.00     0  irq/30-ELAN0708:00
02:47:14        0       968    3.00    1.00    0.00    1.00    4.00     1  Xorg
02:47:14     1000      3303    3.00    0.00    0.00    5.00    3.00     0  ibus-daemon
02:47:14     1000      3313    2.00    0.00    0.00    0.00    2.00     1  ibus-ui-gtk3
02:47:14     1000      3314    2.00    0.00    0.00    1.00    2.00     1  ibus-extension-
02:47:14     1000      3417    1.00    0.00    0.00    0.00    1.00     1  csd-keyboard
02:47:14     1000      3589    1.00    0.00    0.00    0.00    1.00     1  xdg-desktop-por
02:47:14     1000      3596    5.00    1.00    0.00    8.00    6.00     0  cinnamon
02:47:14     1000      5902    5.00    3.00    0.00    2.00    8.00     1  brave
02:47:14     1000      5942    6.00    2.00    0.00    4.00    8.00     1  brave
02:47:14     1000      6120   14.00    2.00    0.00    9.00   16.00     1  brave
02:47:14     1000      6344    6.00    1.00    0.00    7.00    7.00     1  brave
02:47:14     1000     12725    1.00    1.00    0.00    0.00    2.00     0  pidstat

# Time        UID       PID    %usr %system  %guest   %wait    %CPU   CPU  Command
02:47:15        0       703    0.00    1.00    0.00    0.00    1.00     1  irq/63-rtw88_pci
02:47:15      120       916    0.00    1.00    0.00    0.00    1.00     0  redis-server
02:47:15        0       968    1.00    0.00    0.00    0.00    1.00     1  Xorg
02:47:15     1000      3303    1.00    0.00    0.00    0.00    1.00     0  ibus-daemon
02:47:15     1000      3596    5.00    1.00    0.00    0.00    6.00     0  cinnamon
02:47:15     1000      5902    1.00    1.00    0.00    0.00    2.00     0  brave
02:47:15     1000      5942    6.00    2.00    0.00    2.00    8.00     1  brave
02:47:15     1000      6120   13.00    2.00    0.00    3.00   15.00     0  brave
02:47:15     1000      6344    4.00    1.00    0.00    1.00    5.00     1  brave
02:47:15        0     11701    0.00    1.00    0.00    0.00    1.00     1  kworker/u32:7-phy0
02:47:15     1000     12725    1.00    3.00    0.00    1.00    4.00     1  pidstat

# Time        UID       PID    %usr %system  %guest   %wait    %CPU   CPU  Command
02:47:16        0       945    1.00    0.00    0.00    0.00    1.00     0  winbindd
02:47:16        0       968    1.00    1.00    0.00    0.00    2.00     1  Xorg
02:47:16     1000      3303    2.00    0.00    0.00    1.00    2.00     1  ibus-daemon
02:47:16     1000      3436    1.00    0.00    0.00    0.00    1.00     0  ibus-engine-sim
02:47:16     1000      3596    2.00    0.00    0.00    2.00    2.00     1  cinnamon
02:47:16     1000      3947    1.00    0.00    0.00    0.00    1.00     0  blueman-tray
02:47:16     1000      5902    8.00    2.00    0.00    2.00   10.00     0  brave
02:47:16     1000      5942    5.00    3.00    0.00    1.00    8.00     1  brave
02:47:16     1000      5943    2.00    1.00    0.00    0.00    3.00     1  brave
02:47:16     1000      6120   24.00    2.00    0.00    8.00   26.00     0  brave
02:47:16     1000      6344    6.00    0.00    0.00    5.00    6.00     1  brave
02:47:16     1000      6447    1.00    0.00    0.00    0.00    1.00     0  brave
02:47:16     1000      6626    1.00    0.00    0.00    0.00    1.00     1  brave
02:47:16        0     10333    0.00    1.00    0.00    0.00    1.00     0  kworker/u33:0-rtw_tx_wq
02:47:16     1000     12725    1.00    1.00    0.00    1.00    2.00     1  pidstat
02:47:16     1000     12728    0.00    1.00    0.00    0.00    1.00     1  sem

# Time        UID       PID    %usr %system  %guest   %wait    %CPU   CPU  Command
02:47:17        0       703    0.00    0.99    0.00    0.00    0.99     1  irq/63-rtw88_pci
02:47:17        0       968    0.99    0.00    0.00    0.00    0.99     0  Xorg
02:47:17     1000      3303    1.98    0.00    0.00    0.99    1.98     0  ibus-daemon
02:47:17     1000      3436    0.99    0.00    0.00    0.99    0.99     1  ibus-engine-sim
02:47:17     1000      3596    2.97    0.00    0.00    2.97    2.97     1  cinnamon
02:47:17     1000      4636    0.99    0.00    0.00    0.00    0.99     0  jetbrains-toolb
02:47:17     1000      5902   11.88    3.96    0.00    2.97   15.84     0  brave
02:47:17     1000      5942    3.96    2.97    0.00    1.98    6.93     1  brave
02:47:17     1000      5943    4.95    0.99    0.00    0.00    5.94     1  brave
02:47:17     1000      6021    1.98    0.00    0.00    0.00    1.98     0  brave
02:47:17     1000      6120   27.72    1.98    0.00    9.90   29.70     1  brave
02:47:17     1000      6344    3.96    0.99    0.00    0.99    4.95     1  brave
02:47:17     1000      6447    0.00    0.99    0.00    0.00    0.99     1  brave
02:47:17     1000      6626    3.96    0.00    0.00    0.00    3.96     1  brave
02:47:17     1000     12725    0.00    0.99    0.00    0.99    0.99     0  pidstat

# Time        UID       PID    %usr %system  %guest   %wait    %CPU   CPU  Command
02:47:18        0        15    0.00    1.00    0.00    0.00    1.00     1  rcu_preempt
02:47:18        0        21    0.00    1.00    0.00    0.00    1.00     1  ksoftirqd/1
02:47:18        0       968    1.00    1.00    0.00    0.00    2.00     1  Xorg
02:47:18     1000      3303    2.00    0.00    0.00    1.00    2.00     1  ibus-daemon
02:47:18     1000      3313    1.00    0.00    0.00    0.00    1.00     1  ibus-ui-gtk3
02:47:18     1000      3436    1.00    0.00    0.00    0.00    1.00     0  ibus-engine-sim
02:47:18     1000      3596    3.00    0.00    0.00    2.00    3.00     1  cinnamon
02:47:18     1000      5902   14.00    4.00    0.00    4.00   18.00     0  brave
02:47:18     1000      5942    4.00    4.00    0.00    1.00    8.00     0  brave
02:47:18     1000      5943    4.00    3.00    0.00    0.00    7.00     1  brave
02:47:18     1000      6021    2.00    1.00    0.00    0.00    3.00     0  brave
02:47:18     1000      6120   25.00    2.00    0.00   10.00   27.00     1  brave
02:47:18     1000      6344    4.00    1.00    0.00    1.00    5.00     0  brave
02:47:18     1000     12561    1.00    0.00    0.00    0.00    1.00     0  brave
02:47:18     1000     12725    1.00    1.00    0.00    0.00    2.00     0  pidstat

# Time        UID       PID    %usr %system  %guest   %wait    %CPU   CPU  Command
02:47:19        0       165    0.00    1.00    0.00    0.00    1.00     0  gfx
02:47:19        0       703    0.00    1.00    0.00    0.00    1.00     1  irq/63-rtw88_pci
02:47:19      120       916    1.00    0.00    0.00    0.00    1.00     1  redis-server
02:47:19        0       968    1.00    0.00    0.00    0.00    1.00     0  Xorg
02:47:19     1000      3303    2.00    1.00    0.00    2.00    3.00     1  ibus-daemon
02:47:19     1000      3314    0.00    1.00    0.00    0.00    1.00     0  ibus-extension-
02:47:19     1000      3596    2.00    0.00    0.00    1.00    2.00     0  cinnamon
02:47:19     1000      5902   13.00    4.00    0.00    2.00   17.00     0  brave
02:47:19     1000      5942    4.00    1.00    0.00    2.00    5.00     0  brave
02:47:19     1000      5943    5.00    1.00    0.00    0.00    6.00     1  brave
02:47:19     1000      6021    2.00    0.00    0.00    0.00    2.00     0  brave
02:47:19     1000      6120   19.00    2.00    0.00    8.00   21.00     1  brave
02:47:19     1000      6344    3.00    1.00    0.00    1.00    4.00     1  brave
02:47:19     1000     12725    0.00    1.00    0.00    0.00    1.00     0  pidstat

# Time        UID       PID    %usr %system  %guest   %wait    %CPU   CPU  Command
02:47:20        0        14    0.00    1.00    0.00    0.00    1.00     0  ksoftirqd/0
02:47:20        0       140    0.00    1.00    0.00    0.00    1.00     0  irq/30-ELAN0708:00
02:47:20        0       968    2.00    1.00    0.00    0.00    3.00     1  Xorg
02:47:20     1000      3596    1.00    1.00    0.00    2.00    2.00     1  cinnamon
02:47:20     1000      5902    8.00    2.00    0.00    1.00   10.00     1  brave
02:47:20     1000      5942    2.00    2.00    0.00    0.00    4.00     0  brave
02:47:20     1000      5943    1.00    1.00    0.00    0.00    2.00     1  brave
02:47:20     1000      6021    0.00    1.00    0.00    0.00    1.00     0  brave
02:47:20     1000      6120   15.00    3.00    0.00    7.00   18.00     1  brave
02:47:20     1000      6150    1.00    1.00    0.00    0.00    2.00     1  alacritty
02:47:20     1000      6344   47.00    7.00    0.00   17.00   54.00     1  brave
02:47:20     1000     12561    1.00    0.00    0.00    0.00    1.00     0  brave
02:47:20     1000     12725    0.00    1.00    0.00    0.00    1.00     0  pidstat
02:47:20     1000     12728    1.00    0.00    0.00    0.00    1.00     1  sem

# Time        UID       PID    %usr %system  %guest   %wait    %CPU   CPU  Command
02:47:21        0       968    1.00    2.00    0.00    0.00    3.00     1  Xorg
02:47:21     1000      3596    3.00    2.00    0.00    1.00    5.00     0  cinnamon
02:47:21     1000      5902    6.00    2.00    0.00    3.00    8.00     1  brave
02:47:21     1000      5942    3.00    2.00    0.00    1.00    5.00     0  brave
02:47:21     1000      5943    1.00    1.00    0.00    0.00    2.00     1  brave
02:47:21     1000      6021    1.00    0.00    0.00    0.00    1.00     0  brave
02:47:21     1000      6027    1.00    0.00    0.00    0.00    1.00     0  brave
02:47:21     1000      6097    0.00    1.00    0.00    1.00    1.00     0  brave
02:47:21     1000      6120   11.00    2.00    0.00    4.00   13.00     0  brave
02:47:21     1000      6344    3.00    1.00    0.00    2.00    4.00     1  brave
02:47:21     1000      6626    3.00    1.00    0.00    3.00    4.00     0  brave
02:47:21     1000      6831    0.00    1.00    0.00    1.00    1.00     1  brave
02:47:21     1000      6987    1.00    0.00    0.00    1.00    1.00     1  brave
02:47:21        0     12399    0.00    1.00    0.00    0.00    1.00     0  kworker/u32:0-phy0
02:47:21     1000     12725    0.00    2.00    0.00    1.00    2.00     1  pidstat

# Time        UID       PID    %usr %system  %guest   %wait    %CPU   CPU  Command
02:47:22        0       140    0.00    1.00    0.00    0.00    1.00     0  irq/30-ELAN0708:00
02:47:22        0       968    3.00    2.00    0.00    0.00    5.00     1  Xorg
02:47:22     1000      3303    1.00    1.00    0.00    3.00    2.00     1  ibus-daemon
02:47:22     1000      3313    1.00    0.00    0.00    1.00    1.00     1  ibus-ui-gtk3
02:47:22     1000      3314    1.00    0.00    0.00    0.00    1.00     0  ibus-extension-
02:47:22     1000      3404    1.00    0.00    0.00    0.00    1.00     1  xdg-desktop-por
02:47:22     1000      3596    4.00    1.00    0.00    3.00    5.00     0  cinnamon
02:47:22     1000      4636    0.00    1.00    0.00    0.00    1.00     0  jetbrains-toolb
02:47:22     1000      5902    4.00    2.00    0.00    1.00    6.00     1  brave
02:47:22     1000      5942    5.00    2.00    0.00    2.00    7.00     0  brave
02:47:22     1000      6120   16.00    3.00    0.00    7.00   19.00     1  brave
02:47:22     1000      6344    3.00    0.00    0.00    1.00    3.00     0  brave
02:47:22     1000     12725    1.00    0.00    0.00    0.00    1.00     1  pidstat

# Time        UID       PID    %usr %system  %guest   %wait    %CPU   CPU  Command
02:47:23        0       703    0.00    2.00    0.00    0.00    2.00     1  irq/63-rtw88_pci
02:47:23        0       968    1.00    2.00    0.00    0.00    3.00     0  Xorg
02:47:23     1000      3303    2.00    0.00    0.00    1.00    2.00     0  ibus-daemon
02:47:23     1000      3436    1.00    0.00    0.00    0.00    1.00     0  ibus-engine-sim
02:47:23     1000      3596    7.00    0.00    0.00    6.00    7.00     0  cinnamon
02:47:23     1000      5902   15.00    6.00    0.00    3.00   21.00     0  brave
02:47:23     1000      5942    7.00    3.00    0.00   11.00   10.00     1  brave
02:47:23     1000      5943    6.00    2.00    0.00    0.00    8.00     1  brave
02:47:23     1000      6021    2.00    1.00    0.00    0.00    3.00     0  brave
02:47:23     1000      6120   84.00    5.00    0.00   34.00   89.00     0  brave
02:47:23     1000      6344    4.00    1.00    0.00    1.00    5.00     1  brave
02:47:23        0     11701    0.00    1.00    0.00    0.00    1.00     1  kworker/u32:7-events_unbound
02:47:23     1000     12725    0.00    2.00    0.00    0.00    2.00     1  pidstat

# Time        UID       PID    %usr %system  %guest   %wait    %CPU   CPU  Command
02:47:24        0       165    0.00    1.00    0.00    0.00    1.00     0  gfx
02:47:24        0       703    0.00    1.00    0.00    0.00    1.00     1  irq/63-rtw88_pci
02:47:24        0       968    1.00    2.00    0.00    0.00    3.00     0  Xorg
02:47:24     1000      3303    3.00    0.00    0.00    2.00    3.00     1  ibus-daemon
02:47:24     1000      3436    1.00    0.00    0.00    0.00    1.00     1  ibus-engine-sim
02:47:24     1000      3596    3.00    0.00    0.00    3.00    3.00     0  cinnamon
02:47:24     1000      3947    0.00    1.00    0.00    0.00    1.00     1  blueman-tray
02:47:24     1000      5902   26.00    4.00    0.00    4.00   30.00     0  brave
02:47:24     1000      5942    6.00    1.00    0.00    3.00    7.00     0  brave
02:47:24     1000      5943    7.00    4.00    0.00    0.00   11.00     1  brave
02:47:24     1000      6021    4.00    0.00    0.00    0.00    4.00     0  brave
02:47:24     1000      6120   28.00    4.00    0.00   15.00   32.00     1  brave
02:47:24     1000      6344    3.00    1.00    0.00    1.00    4.00     0  brave
02:47:24     1000     12561    1.00    0.00    0.00    0.00    1.00     0  brave
02:47:24     1000     12725    0.00    1.00    0.00    1.00    1.00     0  pidstat
02:47:24     1000     12728    0.00    1.00    0.00    0.00    1.00     1  sem

# Time        UID       PID    %usr %system  %guest   %wait    %CPU   CPU  Command
02:47:25        0       703    0.00    1.00    0.00    0.00    1.00     1  irq/63-rtw88_pci
02:47:25     1000      3303    1.00    0.00    0.00    0.00    1.00     1  ibus-daemon
02:47:25     1000      3596    2.00    1.00    0.00    1.00    3.00     1  cinnamon
02:47:25     1000      4636    1.00    0.00    0.00    0.00    1.00     0  jetbrains-toolb
02:47:25     1000      5902   12.00    3.00    0.00    2.00   15.00     1  brave
02:47:25     1000      5942    4.00    2.00    0.00    4.00    6.00     0  brave
02:47:25     1000      5943    3.00    1.00    0.00    0.00    4.00     1  brave
02:47:25     1000      6021    2.00    0.00    0.00    0.00    2.00     0  brave
02:47:25     1000      6120   15.00    3.00    0.00   10.00   18.00     1  brave
02:47:25     1000      6344    5.00    0.00    0.00    1.00    5.00     1  brave
02:47:25     1000      6418    1.00    0.00    0.00    0.00    1.00     1  brave
02:47:25        0      9838    0.00    1.00    0.00    0.00    1.00     0  kworker/0:1-mm_percpu_wq
02:47:25     1000     12725    1.00    3.00    0.00    0.00    4.00     0  pidstat

# Time        UID       PID    %usr %system  %guest   %wait    %CPU   CPU  Command
02:47:26        0       968    1.00    1.00    0.00    1.00    2.00     1  Xorg
02:47:26     1000      3596    1.00    0.00    0.00    1.00    1.00     1  cinnamon
02:47:26     1000      5902    1.00    0.00    0.00    0.00    1.00     1  brave
02:47:26     1000      5942    3.00    2.00    0.00    0.00    5.00     0  brave
02:47:26     1000      5943    1.00    0.00    0.00    0.00    1.00     0  brave
02:47:26     1000      6097    1.00    0.00    0.00    1.00    1.00     1  brave
02:47:26     1000      6120    7.00    2.00    0.00    2.00    9.00     1  brave
02:47:26     1000      6344    4.00    2.00    0.00    1.00    6.00     1  brave
02:47:26     1000     12725    2.00    1.00    0.00    0.00    3.00     0  pidstat

# Time        UID       PID    %usr %system  %guest   %wait    %CPU   CPU  Command
02:47:27        0       140    0.00    1.00    0.00    0.00    1.00     0  irq/30-ELAN0708:00
02:47:27      120       916    1.00    0.00    0.00    0.00    1.00     0  redis-server
02:47:27        0       968    2.00    1.00    0.00    0.00    3.00     0  Xorg
02:47:27     1000      3596    4.00    2.00    0.00    2.00    6.00     1  cinnamon
02:47:27     1000      5902    3.00    2.00    0.00    0.00    5.00     0  brave
02:47:27     1000      5942    5.00    2.00    0.00    2.00    7.00     0  brave
02:47:27     1000      5943    0.00    1.00    0.00    0.00    1.00     0  brave
02:47:27     1000      6120   14.00    3.00    0.00    3.00   17.00     1  brave
02:47:27     1000      6150    0.00    1.00    0.00    1.00    1.00     1  alacritty
02:47:27     1000      6344    3.00    1.00    0.00    1.00    4.00     0  brave
02:47:27        0     12078    0.00    1.00    0.00    0.00    1.00     1  kworker/1:0-mm_percpu_wq
02:47:27        0     12399    0.00    1.00    0.00    0.00    1.00     0  kworker/u32:0-phy0
02:47:27     1000     12725    0.00    2.00    0.00    0.00    2.00     0  pidstat
02:47:27     1000     12728    0.00    1.00    0.00    0.00    1.00     1  sem

# Time        UID       PID    %usr %system  %guest   %wait    %CPU   CPU  Command
02:47:28      120       916    0.00    1.00    0.00    0.00    1.00     1  redis-server
02:47:28        0       968    2.00    2.00    0.00    0.00    4.00     0  Xorg
02:47:28     1000      3313    1.00    0.00    0.00    0.00    1.00     1  ibus-ui-gtk3
02:47:28     1000      3363    1.00    0.00    0.00    0.00    1.00     1  at-spi2-registr
02:47:28     1000      3596    4.00    2.00    0.00    3.00    6.00     0  cinnamon
02:47:28     1000      4636    1.00    0.00    0.00    0.00    1.00     0  jetbrains-toolb
02:47:28     1000      5902    4.00    1.00    0.00    1.00    5.00     1  brave
02:47:28     1000      5942    5.00    1.00    0.00    1.00    6.00     1  brave
02:47:28     1000      6120   17.00    2.00    0.00    6.00   19.00     1  brave
02:47:28     1000      6150    1.00    0.00    0.00    1.00    1.00     1  alacritty
02:47:28     1000      6344    3.00    1.00    0.00    0.00    4.00     1  brave
02:47:28     1000     12725    1.00    2.00    0.00    0.00    3.00     0  pidstat
