Linux 6.1.0-34-amd64 (debian) 	06/04/25 	_x86_64_	(2 CPU)

# Time        UID       PID    %usr %system  %guest   %wait    %CPU   CPU  Command
02:47:51        0        15    0.00    0.98    0.00    0.98    0.98     0  rcu_preempt
02:47:51        0       703    0.00    0.98    0.00    0.00    0.98     1  irq/63-rtw88_pci
02:47:51        0       849    0.00    0.98    0.00    0.00    0.98     0  preload
02:47:51        0       968    0.00    0.98    0.00    0.00    0.98     0  Xorg
02:47:51     1000      3303    0.98    0.00    0.00    0.98    0.98     1  ibus-daemon
02:47:51     1000      3436    0.98    0.00    0.00    0.00    0.98     0  ibus-engine-sim
02:47:51     1000      3596    1.96    0.00    0.00    1.96    1.96     0  cinnamon
02:47:51     1000      5902   11.76    1.96    0.00    2.94   13.73     1  brave
02:47:51     1000      5942    4.90    0.98    0.00    0.98    5.88     1  brave
02:47:51     1000      5943    3.92    0.98    0.00    0.00    4.90     0  brave
02:47:51     1000      6021    1.96    0.98    0.00    0.00    2.94     0  brave
02:47:51     1000      6120   20.59    1.96    0.00    6.86   22.55     1  brave
02:47:51     1000      6344    3.92    0.98    0.00    2.94    4.90     1  brave
02:47:51     1000     12561    0.98    0.00    0.00    0.00    0.98     0  brave
02:47:51     1000     12793    0.98    1.96    0.00    0.00    2.94     0  pidstat

# Time        UID       PID    %usr %system  %guest   %wait    %CPU   CPU  Command
02:47:52        0       165    0.00    1.00    0.00    0.00    1.00     0  gfx
02:47:52        0       968    0.00    1.00    0.00    0.00    1.00     1  Xorg
02:47:52     1000      3303    1.00    0.00    0.00    0.00    1.00     1  ibus-daemon
02:47:52     1000      3313    1.00    0.00    0.00    0.00    1.00     1  ibus-ui-gtk3
02:47:52     1000      3596    3.00    0.00    0.00    0.00    3.00     0  cinnamon
02:47:52     1000      5902    6.00    1.00    0.00    2.00    7.00     1  brave
02:47:52     1000      5942    4.00    1.00    0.00    1.00    5.00     1  brave
02:47:52     1000      5943    2.00    2.00    0.00    0.00    4.00     0  brave
02:47:52     1000      6120   12.00    1.00    0.00    5.00   13.00     1  brave
02:47:52     1000      6319    0.00    2.00    0.00    1.00    2.00     1  brave
02:47:52     1000      6344    3.00    3.00    0.00    1.00    6.00     0  brave
02:47:52     1000     12793    0.00    3.00    0.00    1.00    3.00     0  pidstat

# Time        UID       PID    %usr %system  %guest   %wait    %CPU   CPU  Command
02:47:53      120       916    0.00    1.00    0.00    0.00    1.00     1  redis-server
02:47:53        0       968    1.00    0.00    0.00    1.00    1.00     1  Xorg
02:47:53     1000      3596    2.00    0.00    0.00    1.00    2.00     0  cinnamon
02:47:53     1000      3947    1.00    0.00    0.00    0.00    1.00     1  blueman-tray
02:47:53     1000      4636    1.00    0.00    0.00    0.00    1.00     0  jetbrains-toolb
02:47:53     1000      5902    3.00    0.00    0.00    0.00    3.00     0  brave
02:47:53     1000      5942    4.00    2.00    0.00    1.00    6.00     1  brave
02:47:53     1000      5943    1.00    0.00    0.00    0.00    1.00     0  brave
02:47:53     1000      6120    7.00    4.00    0.00    2.00   11.00     0  brave
02:47:53     1000      6344    4.00    0.00    0.00    1.00    4.00     1  brave
02:47:53     1000     12793    2.00    1.00    0.00    0.00    3.00     1  pidstat

# Time        UID       PID    %usr %system  %guest   %wait    %CPU   CPU  Command
02:47:54        0       968    1.00    1.00    0.00    0.00    2.00     0  Xorg
02:47:54     1000      3596    3.00    1.00    0.00    0.00    4.00     1  cinnamon
02:47:54     1000      4636    0.00    1.00    0.00    0.00    1.00     0  jetbrains-toolb
02:47:54     1000      5902    3.00    0.00    0.00    0.00    3.00     0  brave
02:47:54     1000      5942    4.00    3.00    0.00    1.00    7.00     0  brave
02:47:54     1000      6120    9.00    0.00    0.00    3.00    9.00     0  brave
02:47:54     1000      6344    4.00    2.00    0.00    2.00    6.00     0  brave
02:47:54        0     12399    0.00    1.00    0.00    0.00    1.00     0  kworker/u32:0-phy0
02:47:54     1000     12793    1.00    3.00    0.00    0.00    4.00     1  pidstat

# Time        UID       PID    %usr %system  %guest   %wait    %CPU   CPU  Command
02:47:55        0       703    0.00    1.00    0.00    0.00    1.00     1  irq/63-rtw88_pci
02:47:55        0       968    0.00    1.00    0.00    0.00    1.00     1  Xorg
02:47:55     1000      3596    4.00    0.00    0.00    1.00    4.00     0  cinnamon
02:47:55     1000      5902    0.00    1.00    0.00    0.00    1.00     0  brave
02:47:55     1000      5942    6.00    1.00    0.00    1.00    7.00     0  brave
02:47:55     1000      5943    1.00    0.00    0.00    0.00    1.00     0  brave
02:47:55     1000      6120    6.00    3.00    0.00    2.00    9.00     0  brave
02:47:55     1000      6344    6.00    0.00    0.00    1.00    6.00     1  brave
02:47:55     1000     12793    1.00    2.00    0.00    1.00    3.00     1  pidstat
02:47:55     1000     12796    1.00    1.00    0.00    0.00    2.00     1  sem

# Time        UID       PID    %usr %system  %guest   %wait    %CPU   CPU  Command
02:47:56        0       968    0.00    1.00    0.00    0.00    1.00     0  Xorg
02:47:56     1000      3596    4.00    0.00    0.00    1.00    4.00     1  cinnamon
02:47:56     1000      5902    1.00    0.00    0.00    0.00    1.00     0  brave
02:47:56     1000      5942    5.00    2.00    0.00    1.00    7.00     1  brave
02:47:56     1000      6120    6.00    2.00    0.00    3.00    8.00     0  brave
02:47:56     1000      6344    5.00    1.00    0.00    2.00    6.00     1  brave
02:47:56     1000      6626    1.00    0.00    0.00    0.00    1.00     0  brave
02:47:56     1000     12793    1.00    3.00    0.00    0.00    4.00     1  pidstat

# Time        UID       PID    %usr %system  %guest   %wait    %CPU   CPU  Command
02:47:57      120       916    1.00    0.00    0.00    0.00    1.00     1  redis-server
02:47:57        0       968    0.00    1.00    0.00    0.00    1.00     1  Xorg
02:47:57     1000      3596    4.00    0.00    0.00    0.00    4.00     0  cinnamon
02:47:57     1000      5902    2.00    1.00    0.00    0.00    3.00     0  brave
02:47:57     1000      5942    3.00    3.00    0.00    1.00    6.00     0  brave
02:47:57     1000      6120    8.00    2.00    0.00    2.00   10.00     1  brave
02:47:57     1000      6344    5.00    0.00    0.00    1.00    5.00     0  brave
02:47:57        0     12399    0.00    1.00    0.00    0.00    1.00     1  kworker/u32:0-events_unbound
02:47:57     1000     12793    2.00    2.00    0.00    0.00    4.00     1  pidstat
02:47:57     1000     12796    0.00    1.00    0.00    0.00    1.00     1  sem

# Time        UID       PID    %usr %system  %guest   %wait    %CPU   CPU  Command
02:47:58        0       165    0.00    1.00    0.00    0.00    1.00     0  gfx
02:47:58        0       968    0.00    1.00    0.00    0.00    1.00     1  Xorg
02:47:58     1000      3596    4.00    1.00    0.00    1.00    5.00     0  cinnamon
02:47:58     1000      4636    1.00    0.00    0.00    0.00    1.00     0  jetbrains-toolb
02:47:58     1000      5902    1.00    0.00    0.00    0.00    1.00     0  brave
02:47:58     1000      5942    6.00    2.00    0.00    2.00    8.00     0  brave
02:47:58     1000      6120    7.00    2.00    0.00    1.00    9.00     0  brave
02:47:58     1000      6344    3.00    3.00    0.00    2.00    6.00     0  brave
02:47:58     1000     12793    0.00    3.00    0.00    0.00    3.00     1  pidstat

# Time        UID       PID    %usr %system  %guest   %wait    %CPU   CPU  Command
02:47:59        0       703    0.00    1.00    0.00    0.00    1.00     1  irq/63-rtw88_pci
02:47:59        0       968    0.00    1.00    0.00    0.00    1.00     0  Xorg
02:47:59     1000      3596    4.00    0.00    0.00    1.00    4.00     1  cinnamon
02:47:59     1000      4636    0.00    1.00    0.00    0.00    1.00     0  jetbrains-toolb
02:47:59     1000      5902    2.00    1.00    0.00    1.00    3.00     0  brave
02:47:59     1000      5942    3.00    3.00    0.00    0.00    6.00     1  brave
02:47:59     1000      5943    1.00    0.00    0.00    0.00    1.00     0  brave
02:47:59     1000      6021    1.00    0.00    0.00    0.00    1.00     0  brave
02:47:59     1000      6120    8.00    1.00    0.00    2.00    9.00     0  brave
02:47:59     1000      6344    3.00    2.00    0.00    1.00    5.00     0  brave
02:47:59        0     11701    0.00    1.00    0.00    0.00    1.00     1  kworker/u32:7-events_unbound
02:47:59     1000     12793    1.00    3.00    0.00    0.00    4.00     1  pidstat
02:47:59     1000     12796    0.00    1.00    0.00    0.00    1.00     1  sem

# Time        UID       PID    %usr %system  %guest   %wait    %CPU   CPU  Command
02:48:00      120       916    0.00    1.00    0.00    0.00    1.00     0  redis-server
02:48:00        0       968    1.00    0.00    0.00    0.00    1.00     0  Xorg
02:48:00     1000      3596    4.00    0.00    0.00    0.00    4.00     1  cinnamon
02:48:00     1000      5942    4.00    2.00    0.00    2.00    6.00     1  brave
02:48:00     1000      6120    6.00    1.00    0.00    2.00    7.00     0  brave
02:48:00     1000      6344    3.00    3.00    0.00    2.00    6.00     1  brave
02:48:00     1000     12793    1.00    2.00    0.00    1.00    3.00     0  pidstat

# Time        UID       PID    %usr %system  %guest   %wait    %CPU   CPU  Command
02:48:01        0       849    1.00    0.00    0.00    0.00    1.00     1  preload
02:48:01        0       968    2.00    1.00    0.00    0.00    3.00     1  Xorg
02:48:01     1000      3303    1.00    0.00    0.00    0.00    1.00     1  ibus-daemon
02:48:01     1000      3314    1.00    0.00    0.00    0.00    1.00     0  ibus-extension-
02:48:01     1000      3596    3.00    0.00    0.00    3.00    3.00     1  cinnamon
02:48:01     1000      5902   11.00    2.00    0.00    2.00   13.00     0  brave
02:48:01     1000      5942    5.00    3.00    0.00    3.00    8.00     0  brave
02:48:01     1000      5943    3.00    2.00    0.00    0.00    5.00     0  brave
02:48:01     1000      6021    1.00    0.00    0.00    0.00    1.00     0  brave
02:48:01     1000      6120   16.00    5.00    0.00    7.00   21.00     1  brave
02:48:01     1000      6344    4.00    2.00    0.00    2.00    6.00     1  brave
02:48:01        0     10333    0.00    1.00    0.00    0.00    1.00     0  kworker/u33:0-rtw_tx_wq
02:48:01     1000     12793    0.00    1.00    0.00    1.00    1.00     0  pidstat
02:48:01     1000     12796    0.00    1.00    0.00    0.00    1.00     1  sem

# Time        UID       PID    %usr %system  %guest   %wait    %CPU   CPU  Command
02:48:02        0        15    0.00    1.00    0.00    0.00    1.00     0  rcu_preempt
02:48:02        0       703    0.00    1.00    0.00    0.00    1.00     1  irq/63-rtw88_pci
02:48:02        0       968    1.00    0.00    0.00    0.00    1.00     0  Xorg
02:48:02     1000      3303    0.00    1.00    0.00    1.00    1.00     0  ibus-daemon
02:48:02     1000      3596    2.00    1.00    0.00    2.00    3.00     1  cinnamon
02:48:02     1000      5902    8.00    1.00    0.00    1.00    9.00     1  brave
02:48:02     1000      5942    3.00    3.00    0.00    1.00    6.00     1  brave
02:48:02     1000      5943    2.00    1.00    0.00    0.00    3.00     0  brave
02:48:02     1000      6021    1.00    0.00    0.00    0.00    1.00     0  brave
02:48:02     1000      6120   12.00    3.00    0.00    4.00   15.00     1  brave
02:48:02     1000      6344    4.00    1.00    0.00    0.00    5.00     1  brave
02:48:02     1000     12793    1.00    3.00    0.00    0.00    4.00     0  pidstat

# Time        UID       PID    %usr %system  %guest   %wait    %CPU   CPU  Command
02:48:03        0       703    0.00    1.00    0.00    0.00    1.00     1  irq/63-rtw88_pci
02:48:03     1000      3303    1.00    0.00    0.00    0.00    1.00     1  ibus-daemon
02:48:03     1000      3596    1.00    0.00    0.00    0.00    1.00     1  cinnamon
02:48:03     1000      4636    1.00    0.00    0.00    0.00    1.00     0  jetbrains-toolb
02:48:03     1000      5902    6.00    2.00    0.00    1.00    8.00     1  brave
02:48:03     1000      5942    4.00    0.00    0.00    1.00    4.00     0  brave
02:48:03     1000      5943    3.00    1.00    0.00    0.00    4.00     0  brave
02:48:03     1000      6021    1.00    1.00    0.00    0.00    2.00     0  brave
02:48:03     1000      6120   13.00    3.00    0.00    4.00   16.00     1  brave
02:48:03     1000      6344    4.00    1.00    0.00    2.00    5.00     1  brave
02:48:03     1000     12793    2.00    1.00    0.00    0.00    3.00     0  pidstat
02:48:03     1000     12796    0.00    1.00    0.00    0.00    1.00     1  sem

# Time        UID       PID    %usr %system  %guest   %wait    %CPU   CPU  Command
02:48:04        0       968    1.00    0.00    0.00    0.00    1.00     0  Xorg
02:48:04     1000      3303    0.00    1.00    0.00    0.00    1.00     0  ibus-daemon
02:48:04     1000      3436    0.00    1.00    0.00    0.00    1.00     1  ibus-engine-sim
02:48:04     1000      3596    2.00    0.00    0.00    1.00    2.00     0  cinnamon
02:48:04     1000      5902    6.00    4.00    0.00    2.00   10.00     0  brave
02:48:04     1000      5942    6.00    2.00    0.00    1.00    8.00     0  brave
02:48:04     1000      5943    2.00    1.00    0.00    0.00    3.00     0  brave
02:48:04     1000      6021    1.00    0.00    0.00    0.00    1.00     0  brave
02:48:04     1000      6120   22.00    1.00    0.00    7.00   23.00     0  brave
02:48:04     1000      6150    1.00    0.00    0.00    0.00    1.00     0  alacritty
02:48:04     1000      6344    3.00    2.00    0.00    2.00    5.00     0  brave
02:48:04     1000      6626    0.00    1.00    0.00    0.00    1.00     1  brave
02:48:04     1000     12561    1.00    0.00    0.00    0.00    1.00     0  brave
02:48:04     1000     12793    1.00    1.00    0.00    0.00    2.00     1  pidstat

# Time        UID       PID    %usr %system  %guest   %wait    %CPU   CPU  Command
02:48:05        0       968    1.00    0.00    0.00    0.00    1.00     1  Xorg
02:48:05     1000      3303    1.00    0.00    0.00    0.00    1.00     1  ibus-daemon
02:48:05     1000      3596    2.00    1.00    0.00    1.00    3.00     1  cinnamon
02:48:05     1000      4636    1.00    0.00    0.00    0.00    1.00     0  jetbrains-toolb
02:48:05     1000      5902    6.00    1.00    0.00    1.00    7.00     0  brave
02:48:05     1000      5942    2.00    3.00    0.00    1.00    5.00     0  brave
02:48:05     1000      5943    2.00    0.00    0.00    0.00    2.00     0  brave
02:48:05     1000      6120   14.00    1.00    0.00    4.00   15.00     0  brave
02:48:05     1000      6344    5.00    0.00    0.00    1.00    5.00     1  brave
02:48:05     1000     12793    0.00    3.00    0.00    0.00    3.00     1  pidstat
02:48:05     1000     12796    0.00    1.00    0.00    0.00    1.00     1  sem

# Time        UID       PID    %usr %system  %guest   %wait    %CPU   CPU  Command
02:48:06        0       140    0.00    1.00    0.00    0.00    1.00     0  irq/30-ELAN0708:00
02:48:06        0       703    0.00    1.00    0.00    0.00    1.00     1  irq/63-rtw88_pci
02:48:06        0       968    0.00    2.00    0.00    0.00    2.00     0  Xorg
02:48:06      114      1086    1.00    1.00    0.00    0.00    2.00     1  postgres
02:48:06     1000      3596    1.00    1.00    0.00    1.00    2.00     0  cinnamon
02:48:06     1000      5902    3.00    1.00    0.00    0.00    4.00     0  brave
02:48:06     1000      5942    3.00    1.00    0.00    0.00    4.00     0  brave
02:48:06     1000      5943    1.00    0.00    0.00    0.00    1.00     0  brave
02:48:06     1000      6120    9.00    2.00    0.00    3.00   11.00     0  brave
02:48:06     1000      6344    5.00    1.00    0.00    2.00    6.00     0  brave
02:48:06        0     12399    0.00    1.00    0.00    0.00    1.00     0  kworker/u32:0+events_unbound
02:48:06     1000     12793    0.00    3.00    0.00    1.00    3.00     1  pidstat
02:48:06     1000     12796    1.00    0.00    0.00    0.00    1.00     1  sem

# Time        UID       PID    %usr %system  %guest   %wait    %CPU   CPU  Command
02:48:07        0       165    0.00    1.00    0.00    0.00    1.00     0  gfx
02:48:07        0       968    2.00    3.00    0.00    0.00    5.00     0  Xorg
02:48:07     1000      3303    1.00    0.00    0.00    1.00    1.00     1  ibus-daemon
02:48:07     1000      3436    1.00    0.00    0.00    0.00    1.00     1  ibus-engine-sim
02:48:07     1000      3596    6.00    0.00    0.00    4.00    6.00     0  cinnamon
02:48:07     1000      5902    4.00    3.00    0.00    1.00    7.00     0  brave
02:48:07     1000      5942    5.00    3.00    0.00    1.00    8.00     1  brave
02:48:07     1000      6120   17.00    4.00    0.00    6.00   21.00     0  brave
02:48:07     1000      6344    3.00    1.00    0.00    0.00    4.00     0  brave
02:48:07     1000     12793    1.00    2.00    0.00    0.00    3.00     0  pidstat

# Time        UID       PID    %usr %system  %guest   %wait    %CPU   CPU  Command
02:48:08        0       140    0.00    1.00    0.00    0.00    1.00     0  irq/30-ELAN0708:00
02:48:08        0       968    1.00    2.00    0.00    0.00    3.00     0  Xorg
02:48:08     1000      3303    3.00    0.00    0.00    2.00    3.00     1  ibus-daemon
02:48:08     1000      3313    2.00    0.00    0.00    1.00    2.00     0  ibus-ui-gtk3
02:48:08     1000      3314    1.00    0.00    0.00    0.00    1.00     1  ibus-extension-
02:48:08     1000      3596    3.00    1.00    0.00    3.00    4.00     0  cinnamon
02:48:08     1000      5902    4.00    0.00    0.00    0.00    4.00     1  brave
02:48:08     1000      5942    5.00    2.00    0.00    4.00    7.00     1  brave
02:48:08     1000      5943    0.00    1.00    0.00    0.00    1.00     0  brave
02:48:08     1000      6120   68.00    4.00    0.00   25.00   72.00     1  brave
02:48:08     1000      6150    1.00    0.00    0.00    1.00    1.00     1  alacritty
02:48:08     1000      6344    4.00    0.00    0.00    1.00    4.00     1  brave
02:48:08     1000      6987    1.00    0.00    0.00    0.00    1.00     0  brave
02:48:08        0     10333    0.00    1.00    0.00    0.00    1.00     0  kworker/u33:0-rtw_tx_wq
02:48:08        0     12078    0.00    1.00    0.00    0.00    1.00     1  kworker/1:0-events
02:48:08     1000     12793    0.00    1.00    0.00    0.00    1.00     0  pidstat

# Time        UID       PID    %usr %system  %guest   %wait    %CPU   CPU  Command
02:48:09        0       703    0.00    1.00    0.00    0.00    1.00     1  irq/63-rtw88_pci
02:48:09      120       916    0.00    1.00    0.00    0.00    1.00     1  redis-server
02:48:09        0       968    1.00    2.00    0.00    1.00    3.00     0  Xorg
02:48:09     1000      3303    4.00    1.00    0.00    6.00    5.00     1  ibus-daemon
02:48:09     1000      3313    2.00    0.00    0.00    0.00    2.00     0  ibus-ui-gtk3
02:48:09     1000      3314    1.00    1.00    0.00    2.00    2.00     1  ibus-extension-
02:48:09     1000      3596    5.00    0.00    0.00    5.00    5.00     1  cinnamon
02:48:09     1000      3947    1.00    0.00    0.00    0.00    1.00     1  blueman-tray
02:48:09     1000      5902    6.00    3.00    0.00    3.00    9.00     1  brave
02:48:09     1000      5942    6.00    2.00    0.00    9.00    8.00     1  brave
02:48:09     1000      5943    1.00    0.00    0.00    0.00    1.00     0  brave
02:48:09     1000      6120    8.00    2.00    0.00   14.00   10.00     1  brave
02:48:09     1000      6344   16.00    2.00    0.00   11.00   18.00     1  brave
02:48:09     1000     12793    2.00    2.00    0.00    0.00    4.00     0  pidstat
02:48:09     1000     12796    0.00    1.00    0.00    0.00    1.00     1  sem
