Linux 6.1.0-34-amd64 (debian) 	06/04/25 	_x86_64_	(2 CPU)

# Time        UID       PID    %usr %system  %guest   %wait    %CPU   CPU  Command
02:47:31        0       140    0.00    0.99    0.00    0.00    0.99     0  irq/30-ELAN0708:00
02:47:31        0       703    0.00    0.99    0.00    0.00    0.99     1  irq/63-rtw88_pci
02:47:31        0       968    1.98    1.98    0.00    0.00    3.96     0  Xorg
02:47:31     1000      3596    2.97    0.00    0.00    0.99    2.97     0  cinnamon
02:47:31     1000      4636    0.99    0.00    0.00    0.00    0.99     0  jetbrains-toolb
02:47:31     1000      5902    3.96    0.99    0.00    0.00    4.95     1  brave
02:47:31     1000      5942    3.96    0.99    0.00    0.00    4.95     0  brave
02:47:31     1000      6120   15.84    1.98    0.00    2.97   17.82     1  brave
02:47:31     1000      6150    0.00    0.99    0.00    0.99    0.99     0  alacritty
02:47:31     1000      6344    2.97    0.99    0.00    0.99    3.96     0  brave
02:47:31        0     12399    0.00    0.99    0.00    0.00    0.99     0  kworker/u32:0-phy0
02:47:31     1000     12758    0.00    3.96    0.00    0.00    3.96     0  pidstat

# Time        UID       PID    %usr %system  %guest   %wait    %CPU   CPU  Command
02:47:32        0       165    0.00    1.00    0.00    0.00    1.00     1  gfx
02:47:32        0       968    1.00    1.00    0.00    0.00    2.00     1  Xorg
02:47:32     1000      3303    3.00    0.00    0.00    2.00    3.00     1  ibus-daemon
02:47:32     1000      3313    1.00    0.00    0.00    1.00    1.00     0  ibus-ui-gtk3
02:47:32     1000      3314    1.00    0.00    0.00    0.00    1.00     0  ibus-extension-
02:47:32     1000      3436    1.00    1.00    0.00    0.00    2.00     1  ibus-engine-sim
02:47:32     1000      3596    5.00    1.00    0.00    2.00    6.00     0  cinnamon
02:47:32     1000      3682    1.00    0.00    0.00    0.00    1.00     0  kdeconnectd
02:47:32     1000      5902    2.00    1.00    0.00    1.00    3.00     1  brave
02:47:32     1000      5942    7.00    2.00    0.00    3.00    9.00     1  brave
02:47:32     1000      6120   14.00    2.00    0.00    4.00   16.00     1  brave
02:47:32     1000      6344    5.00    1.00    0.00    0.00    6.00     0  brave
02:47:32     1000     12758    0.00    1.00    0.00    0.00    1.00     1  pidstat

# Time        UID       PID    %usr %system  %guest   %wait    %CPU   CPU  Command
02:47:33        0       968    0.00    2.00    0.00    0.00    2.00     1  Xorg
02:47:33     1000      3596    5.00    1.00    0.00    2.00    6.00     0  cinnamon
02:47:33     1000      5902    4.00    1.00    0.00    0.00    5.00     0  brave
02:47:33     1000      5942    4.00    2.00    0.00    2.00    6.00     1  brave
02:47:33     1000      5943    2.00    0.00    0.00    0.00    2.00     0  brave
02:47:33     1000      6120   11.00    2.00    0.00    6.00   13.00     0  brave
02:47:33     1000      6344    3.00    1.00    0.00    1.00    4.00     1  brave
02:47:33     1000     12758    1.00    3.00    0.00    1.00    4.00     1  pidstat

# Time        UID       PID    %usr %system  %guest   %wait    %CPU   CPU  Command
02:47:34     1000      3596    1.00    0.00    0.00    0.00    1.00     1  cinnamon
02:47:34     1000      4636    0.00    1.00    0.00    0.00    1.00     0  jetbrains-toolb
02:47:34     1000      5902    2.00    0.00    0.00    0.00    2.00     0  brave
02:47:34     1000      5942    3.00    4.00    0.00    1.00    7.00     0  brave
02:47:34     1000      6109    1.00    0.00    0.00    0.00    1.00     0  brave
02:47:34     1000      6120    7.00    2.00    0.00    2.00    9.00     1  brave
02:47:34     1000      6344    4.00    1.00    0.00    1.00    5.00     0  brave
02:47:34        0     12399    0.00    1.00    0.00    0.00    1.00     0  kworker/u32:0-writeback
02:47:34     1000     12561    0.00    1.00    0.00    0.00    1.00     0  brave
02:47:34     1000     12758    0.00    1.00    0.00    0.00    1.00     1  pidstat

# Time        UID       PID    %usr %system  %guest   %wait    %CPU   CPU  Command
02:47:35        0       140    0.00    1.00    0.00    0.00    1.00     0  irq/30-ELAN0708:00
02:47:35        0       703    0.00    1.00    0.00    0.00    1.00     1  irq/63-rtw88_pci
02:47:35        0       852    0.00    1.00    0.00    1.00    1.00     0  NetworkManager
02:47:35      120       916    0.00    1.00    0.00    0.00    1.00     0  redis-server
02:47:35        0       968    1.00    1.00    0.00    0.00    2.00     1  Xorg
02:47:35     1000      3596    4.00    2.00    0.00    1.00    6.00     0  cinnamon
02:47:35     1000      4636    4.00    0.00    0.00    0.00    4.00     0  jetbrains-toolb
02:47:35     1000      5902    2.00    1.00    0.00    0.00    3.00     0  brave
02:47:35     1000      5942    4.00    3.00    0.00    1.00    7.00     0  brave
02:47:35     1000      5943    0.00    1.00    0.00    0.00    1.00     0  brave
02:47:35     1000      6120    8.00    2.00    0.00    2.00   10.00     0  brave
02:47:35     1000      6344    3.00    3.00    0.00    2.00    6.00     0  brave
02:47:35     1000     12758    1.00    0.00    0.00    0.00    1.00     1  pidstat

# Time        UID       PID    %usr %system  %guest   %wait    %CPU   CPU  Command
02:47:36        0       165    0.00    1.00    0.00    0.00    1.00     1  gfx
02:47:36        0       934    2.00    0.00    0.00    0.00    2.00     0  containerd
02:47:36        0       968    0.00    1.00    0.00    0.00    1.00     1  Xorg
02:47:36     1000      3596    4.00    0.00    0.00    1.00    4.00     0  cinnamon
02:47:36     1000      5902    0.00    1.00    0.00    0.00    1.00     0  brave
02:47:36     1000      5942    3.00    3.00    0.00    1.00    6.00     1  brave
02:47:36     1000      5943    1.00    0.00    0.00    0.00    1.00     0  brave
02:47:36     1000      6120    7.00    3.00    0.00    2.00   10.00     0  brave
02:47:36     1000      6344    5.00    1.00    0.00    2.00    6.00     1  brave
02:47:36        0     11701    0.00    1.00    0.00    1.00    1.00     0  kworker/u32:7-events_unbound
02:47:36     1000     12758    0.00    2.00    0.00    0.00    2.00     1  pidstat
02:47:36     1000     12761    1.00    0.00    0.00    0.00    1.00     0  sem

# Time        UID       PID    %usr %system  %guest   %wait    %CPU   CPU  Command
02:47:37        0       968    1.00    0.00    0.00    0.00    1.00     1  Xorg
02:47:37     1000      3596    4.00    1.00    0.00    1.00    5.00     0  cinnamon
02:47:37     1000      4636    1.00    0.00    0.00    0.00    1.00     0  jetbrains-toolb
02:47:37     1000      5902    1.00   25.00    0.00    0.00   26.00     0  brave
02:47:37     1000      5942    5.00    2.00    0.00    1.00    7.00     0  brave
02:47:37     1000      6120    7.00    1.00    0.00    3.00    8.00     1  brave
02:47:37     1000      6344    3.00    2.00    0.00    1.00    5.00     0  brave
02:47:37     1000      6626    1.00    0.00    0.00    0.00    1.00     1  brave
02:47:37        0      9838    0.00    1.00    0.00    0.00    1.00     0  kworker/0:1-events
02:47:37     1000     12758    0.00    1.00    0.00    0.00    1.00     1  pidstat
02:47:37     1000     12761    0.00    1.00    0.00    0.00    1.00     0  sem

# Time        UID       PID    %usr %system  %guest   %wait    %CPU   CPU  Command
02:47:38        0       968    1.00    1.00    0.00    1.00    2.00     1  Xorg
02:47:38     1000      3596    4.00    0.00    0.00    0.00    4.00     1  cinnamon
02:47:38     1000      5902    1.00    1.00    0.00    0.00    2.00     0  brave
02:47:38     1000      5942    7.00    2.00    0.00    2.00    9.00     0  brave
02:47:38     1000      6120    9.00    1.00    0.00    2.00   10.00     0  brave
02:47:38     1000      6344    6.00    0.00    0.00    2.00    6.00     0  brave
02:47:38     1000     12758    0.00    1.00    0.00    1.00    1.00     1  pidstat

# Time        UID       PID    %usr %system  %guest   %wait    %CPU   CPU  Command
02:47:39        0       703    0.00    1.00    0.00    0.00    1.00     1  irq/63-rtw88_pci
02:47:39        0       968    0.00    1.00    0.00    0.00    1.00     1  Xorg
02:47:39     1000      3596    4.00    1.00    0.00    1.00    5.00     1  cinnamon
02:47:39     1000      3947    1.00    0.00    0.00    0.00    1.00     1  blueman-tray
02:47:39     1000      5902    1.00    1.00    0.00    0.00    2.00     0  brave
02:47:39     1000      5942    5.00    1.00    0.00    2.00    6.00     1  brave
02:47:39     1000      6027    0.00    1.00    0.00    0.00    1.00     0  brave
02:47:39     1000      6120    6.00    1.00    0.00    2.00    7.00     1  brave
02:47:39     1000      6344    5.00    1.00    0.00    2.00    6.00     1  brave
02:47:39        0     11701    0.00    1.00    0.00    0.00    1.00     0  kworker/u32:7+events_unbound
02:47:39     1000     12758    2.00    0.00    0.00    0.00    2.00     0  pidstat

# Time        UID       PID    %usr %system  %guest   %wait    %CPU   CPU  Command
02:47:40        0        15    0.00    1.00    0.00    0.00    1.00     1  rcu_preempt
02:47:40        0       968    1.00    1.00    0.00    0.00    2.00     1  Xorg
02:47:40     1000      3596    5.00    0.00    0.00    1.00    5.00     1  cinnamon
02:47:40     1000      4636    1.00    0.00    0.00    0.00    1.00     0  jetbrains-toolb
02:47:40     1000      5902    1.00    0.00    0.00    0.00    1.00     1  brave
02:47:40     1000      5942    4.00    3.00    0.00    1.00    7.00     1  brave
02:47:40     1000      5943    1.00    0.00    0.00    0.00    1.00     0  brave
02:47:40     1000      6120    7.00    2.00    0.00    2.00    9.00     1  brave
02:47:40     1000      6344    3.00    2.00    0.00    2.00    5.00     1  brave
02:47:40     1000     12758    1.00    1.00    0.00    0.00    2.00     0  pidstat

# Time        UID       PID    %usr %system  %guest   %wait    %CPU   CPU  Command
02:47:41      120       916    0.00    1.00    0.00    0.00    1.00     1  redis-server
02:47:41        0       968    0.00    1.00    0.00    0.00    1.00     1  Xorg
02:47:41     1000      3596    4.00    1.00    0.00    0.00    5.00     1  cinnamon
02:47:41     1000      5902    1.00    0.00    0.00    1.00    1.00     1  brave
02:47:41     1000      5942    3.00    3.00    0.00    1.00    6.00     1  brave
02:47:41     1000      6120    6.00    2.00    0.00    2.00    8.00     1  brave
02:47:41     1000      6344    6.00    1.00    0.00    1.00    7.00     1  brave
02:47:41     1000      6626    2.00    1.00    0.00    0.00    3.00     0  brave
02:47:41        0     11701    0.00    1.00    0.00    0.00    1.00     1  kworker/u32:7+events_unbound
02:47:41     1000     12758    1.00    2.00    0.00    0.00    3.00     0  pidstat
02:47:41     1000     12761    1.00    1.00    0.00    0.00    2.00     0  sem

# Time        UID       PID    %usr %system  %guest   %wait    %CPU   CPU  Command
02:47:42        0       165    0.00    1.00    0.00    0.00    1.00     1  gfx
02:47:42        0       849    1.00    0.00    0.00    0.00    1.00     0  preload
02:47:42        0       968    0.00    1.00    0.00    0.00    1.00     1  Xorg
02:47:42     1000      3596    4.00    0.00    0.00    0.00    4.00     1  cinnamon
02:47:42     1000      5942    3.00    4.00    0.00    1.00    7.00     1  brave
02:47:42     1000      6120    8.00    1.00    0.00    2.00    9.00     1  brave
02:47:42     1000      6344    5.00    1.00    0.00    2.00    6.00     1  brave
02:47:42     1000     12758    1.00    2.00    0.00    0.00    3.00     0  pidstat

# Time        UID       PID    %usr %system  %guest   %wait    %CPU   CPU  Command
02:47:43        0       968    1.00    0.00    0.00    0.00    1.00     1  Xorg
02:47:43     1000      3596    4.00    1.00    0.00    1.00    5.00     1  cinnamon
02:47:43     1000      3947    0.00    1.00    0.00    0.00    1.00     0  blueman-tray
02:47:43     1000      5902    2.00    0.00    0.00    0.00    2.00     1  brave
02:47:43     1000      5942    4.00    3.00    0.00    1.00    7.00     1  brave
02:47:43     1000      6120    8.00    1.00    0.00    2.00    9.00     1  brave
02:47:43     1000      6344    3.00    2.00    0.00    2.00    5.00     1  brave
02:47:43     1000     12758    1.00    2.00    0.00    0.00    3.00     0  pidstat

# Time        UID       PID    %usr %system  %guest   %wait    %CPU   CPU  Command
02:47:44        0       703    0.00    1.00    0.00    0.00    1.00     1  irq/63-rtw88_pci
02:47:44        0       968    0.00    1.00    0.00    0.00    1.00     1  Xorg
02:47:44     1000      3596    2.00    1.00    0.00    0.00    3.00     0  cinnamon
02:47:44     1000      5902    1.00    1.00    0.00    0.00    2.00     1  brave
02:47:44     1000      5942    4.00    2.00    0.00    1.00    6.00     1  brave
02:47:44     1000      6120    7.00    1.00    0.00    2.00    8.00     1  brave
02:47:44     1000      6344    5.00    2.00    0.00    1.00    7.00     1  brave
02:47:44     1000     12758    0.00    1.00    0.00    1.00    1.00     0  pidstat
02:47:44     1000     12761    0.00    1.00    0.00    0.00    1.00     0  sem

# Time        UID       PID    %usr %system  %guest   %wait    %CPU   CPU  Command
02:47:45        0       934    0.00    1.00    0.00    0.00    1.00     0  containerd
02:47:45        0       968    0.00    2.00    0.00    0.00    2.00     1  Xorg
02:47:45     1000      3596    4.00    0.00    0.00    1.00    4.00     1  cinnamon
02:47:45     1000      4636    0.00    1.00    0.00    0.00    1.00     0  jetbrains-toolb
02:47:45     1000      5942    5.00    2.00    0.00    1.00    7.00     1  brave
02:47:45     1000      6120    7.00    2.00    0.00    3.00    9.00     1  brave
02:47:45     1000      6344    4.00    1.00    0.00    2.00    5.00     1  brave
02:47:45        0     11701    0.00    1.00    0.00    0.00    1.00     1  kworker/u32:7-phy0
02:47:45     1000     12758    0.00    2.00    0.00    0.00    2.00     0  pidstat

# Time        UID       PID    %usr %system  %guest   %wait    %CPU   CPU  Command
02:47:46        0       140    0.00    1.00    0.00    0.00    1.00     0  irq/30-ELAN0708:00
02:47:46        0       231    0.00    1.00    0.00    0.00    1.00     1  jbd2/nvme0n1p2-8
02:47:46      120       916    0.00    1.00    0.00    0.00    1.00     1  redis-server
02:47:46        0       968    2.00    3.00    0.00    0.00    5.00     0  Xorg
02:47:46     1000      3596    4.00    2.00    0.00    2.00    6.00     1  cinnamon
02:47:46     1000      5902    2.00    3.00    0.00    1.00    5.00     0  brave
02:47:46     1000      5942    3.00    1.00    0.00    1.00    4.00     1  brave
02:47:46     1000      6120   17.00    3.00    0.00    3.00   20.00     1  brave
02:47:46     1000      6150    0.00    1.00    0.00    1.00    1.00     1  alacritty
02:47:46     1000      6344    4.00    1.00    0.00    2.00    5.00     0  brave
02:47:46     1000     12758    1.00    0.00    0.00    0.00    1.00     0  pidstat

# Time        UID       PID    %usr %system  %guest   %wait    %CPU   CPU  Command
02:47:47        0       165    0.00    1.00    0.00    0.00    1.00     1  gfx
02:47:47        0       968    2.00    2.00    0.00    0.00    4.00     0  Xorg
02:47:47     1000      3303    2.00    1.00    0.00    1.00    3.00     1  ibus-daemon
02:47:47     1000      3313    1.00    1.00    0.00    0.00    2.00     1  ibus-ui-gtk3
02:47:47     1000      3314    1.00    0.00    0.00    1.00    1.00     0  ibus-extension-
02:47:47     1000      3417    1.00    0.00    0.00    1.00    1.00     0  csd-keyboard
02:47:47     1000      3596    6.00    0.00    0.00    3.00    6.00     1  cinnamon
02:47:47     1000      5902    3.00    2.00    0.00    0.00    5.00     0  brave
02:47:47     1000      5942    7.00    2.00    0.00    2.00    9.00     0  brave
02:47:47     1000      5943    1.00    0.00    0.00    0.00    1.00     0  brave
02:47:47     1000      6120   16.00    1.00    0.00    7.00   17.00     0  brave
02:47:47     1000      6344    4.00    0.00    0.00    1.00    4.00     0  brave
02:47:47        0     11701    0.00    1.00    0.00    0.00    1.00     0  kworker/u32:7-phy0
02:47:47     1000     12758    0.00    1.00    0.00    0.00    1.00     1  pidstat

# Time        UID       PID    %usr %system  %guest   %wait    %CPU   CPU  Command
02:47:48        0       703    0.00    1.00    0.00    0.00    1.00     1  irq/63-rtw88_pci
02:47:48        0       968    2.00    0.00    0.00    0.00    2.00     1  Xorg
02:47:48     1000      3303    2.00    0.00    0.00    1.00    2.00     0  ibus-daemon
02:47:48     1000      3417    0.00    1.00    0.00    0.00    1.00     0  csd-keyboard
02:47:48     1000      3596    1.00    2.00    0.00    2.00    3.00     0  cinnamon
02:47:48     1000      3663    1.00    0.00    0.00    1.00    1.00     0  gnome-software
02:47:48     1000      4636    0.00    1.00    0.00    0.00    1.00     0  jetbrains-toolb
02:47:48     1000      5902    5.00    2.00    0.00    1.00    7.00     0  brave
02:47:48     1000      5942    4.00    3.00    0.00    1.00    7.00     0  brave
02:47:48     1000      6021    1.00    1.00    0.00    0.00    2.00     0  brave
02:47:48     1000      6120   20.00    2.00    0.00    6.00   22.00     0  brave
02:47:48     1000      6344    5.00    1.00    0.00    2.00    6.00     1  brave
02:47:48     1000     12758    2.00    1.00    0.00    0.00    3.00     1  pidstat
02:47:48     1000     12761    0.00    1.00    0.00    0.00    1.00     0  sem

# Time        UID       PID    %usr %system  %guest   %wait    %CPU   CPU  Command
02:47:49        0       174    0.00    1.00    0.00    0.00    1.00     1  sdma0
02:47:49        0       703    0.00    1.00    0.00    0.00    1.00     1  irq/63-rtw88_pci
02:47:49      120       916    1.00    0.00    0.00    0.00    1.00     0  redis-server
02:47:49        0       968    2.00    0.00    0.00    0.00    2.00     0  Xorg
02:47:49     1000      3303    1.00    1.00    0.00    0.00    2.00     1  ibus-daemon
02:47:49     1000      3436    1.00    1.00    0.00    0.00    2.00     0  ibus-engine-sim
02:47:49     1000      3596    4.00    0.00    0.00    2.00    4.00     1  cinnamon
02:47:49     1000      4636    1.00    0.00    0.00    0.00    1.00     0  jetbrains-toolb
02:47:49     1000      5902    9.00    3.00    0.00    2.00   12.00     1  brave
02:47:49     1000      5942    7.00    2.00    0.00    4.00    9.00     0  brave
02:47:49     1000      5943    3.00    0.00    0.00    0.00    3.00     0  brave
02:47:49     1000      6021    1.00    0.00    0.00    0.00    1.00     0  brave
02:47:49     1000      6120   19.00    4.00    0.00    9.00   23.00     0  brave
02:47:49     1000      6344    4.00    1.00    0.00    1.00    5.00     1  brave
02:47:49        0     10333    0.00    1.00    0.00    0.00    1.00     1  kworker/u33:0-rtw_tx_wq
02:47:49        0     12078    0.00    1.00    0.00    0.00    1.00     1  kworker/1:0-events
02:47:49     1000     12758    1.00    1.00    0.00    2.00    2.00     1  pidstat
