Linux 6.1.0-34-amd64 (debian) 	06/04/25 	_x86_64_	(2 CPU)

# Time        UID       PID    %usr %system  %guest   %wait    %CPU   CPU  Command
02:45:27        0       140    0.00    0.99    0.00    0.00    0.99     0  irq/30-ELAN0708:00
02:45:27        0       968    1.98    2.97    0.00    0.00    4.95     0  Xorg
02:45:27     1000      3303    0.99    0.00    0.00    2.97    0.99     0  ibus-daemon
02:45:27     1000      3313    0.99    0.00    0.00    0.99    0.99     0  ibus-ui-gtk3
02:45:27     1000      3436    0.99    0.00    0.00    0.00    0.99     1  ibus-engine-sim
02:45:27     1000      3596    5.94    1.98    0.00    1.98    7.92     0  cinnamon
02:45:27     1000      3947    0.99    0.00    0.00    0.00    0.99     1  blueman-tray
02:45:27     1000      5902    2.97    1.98    0.00    0.99    4.95     0  brave
02:45:27     1000      5942    7.92    2.97    0.00    1.98   10.89     1  brave
02:45:27     1000      5943    0.99    0.00    0.00    0.00    0.99     0  brave
02:45:27     1000      6120   16.83    2.97    0.00    4.95   19.80     0  brave
02:45:27     1000      6344    2.97    0.00    0.00    0.99    2.97     1  brave
02:45:27     1000     12584    0.99    0.99    0.00    0.00    1.98     1  pidstat

# Time        UID       PID    %usr %system  %guest   %wait    %CPU   CPU  Command
02:45:28        0       703    0.00    1.00    0.00    0.00    1.00     1  irq/63-rtw88_pci
02:45:28      120       916    0.00    1.00    0.00    0.00    1.00     0  redis-server
02:45:28        0       968    0.00    1.00    0.00    0.00    1.00     1  Xorg
02:45:28     1000      3303    1.00    0.00    0.00    0.00    1.00     1  ibus-daemon
02:45:28     1000      3596    4.00    0.00    0.00    8.00    4.00     0  cinnamon
02:45:28     1000      5902   11.00    1.00    0.00    2.00   12.00     0  brave
02:45:28     1000      5942    5.00    2.00    0.00    4.00    7.00     1  brave
02:45:28     1000      5943    3.00    1.00    0.00    0.00    4.00     0  brave
02:45:28     1000      6021    1.00    1.00    0.00    0.00    2.00     0  brave
02:45:28     1000      6120   63.00    2.00    0.00   18.00   65.00     0  brave
02:45:28     1000      6344    3.00    2.00    0.00    1.00    5.00     0  brave
02:45:28        0     12399    0.00    1.00    0.00    0.00    1.00     0  kworker/u32:0-phy0
02:45:28     1000     12584    1.00    3.00    0.00    0.00    4.00     1  pidstat

# Time        UID       PID    %usr %system  %guest   %wait    %CPU   CPU  Command
02:45:29        0       703    0.00    1.00    0.00    0.00    1.00     1  irq/63-rtw88_pci
02:45:29      101       804    0.00    1.00    0.00    0.00    1.00     1  dbus-daemon
02:45:29        0       968    1.00    0.00    0.00    0.00    1.00     0  Xorg
02:45:29     1000      3303    1.00    0.00    0.00    1.00    1.00     1  ibus-daemon
02:45:29     1000      3313    1.00    0.00    0.00    0.00    1.00     0  ibus-ui-gtk3
02:45:29     1000      3596    2.00    0.00    0.00    1.00    2.00     0  cinnamon
02:45:29     1000      4636    1.00    0.00    0.00    0.00    1.00     0  jetbrains-toolb
02:45:29     1000      5902    3.00    1.00    0.00    1.00    4.00     1  brave
02:45:29     1000      5942    3.00    1.00    0.00    1.00    4.00     0  brave
02:45:29     1000      6120    8.00    1.00    0.00    4.00    9.00     0  brave
02:45:29     1000      6344    3.00    1.00    0.00    0.00    4.00     0  brave
02:45:29        0     10294    0.00    1.00    0.00    0.00    1.00     0  kworker/u32:1-phy0
02:45:29     1000     12584    1.00    2.00    0.00    0.00    3.00     1  pidstat

# Time        UID       PID    %usr %system  %guest   %wait    %CPU   CPU  Command
02:45:30        0       140    0.00    1.00    0.00    0.00    1.00     0  irq/30-ELAN0708:00
02:45:30        0       165    0.00    1.00    0.00    0.00    1.00     1  gfx
02:45:30        0       968    2.00    1.00    0.00    0.00    3.00     1  Xorg
02:45:30     1000      3596    3.00    3.00    0.00    1.00    6.00     0  cinnamon
02:45:30     1000      5902    2.00    1.00    0.00    0.00    3.00     0  brave
02:45:30     1000      5942    5.00    2.00    0.00    1.00    7.00     0  brave
02:45:30     1000      5943    1.00    0.00    0.00    0.00    1.00     0  brave
02:45:30     1000      6120   13.00    3.00    0.00    3.00   16.00     0  brave
02:45:30     1000      6150    1.00    0.00    0.00    1.00    1.00     1  alacritty
02:45:30     1000      6344    3.00    2.00    0.00    1.00    5.00     1  brave
02:45:30     1000     12584    0.00    1.00    0.00    0.00    1.00     1  pidstat

# Time        UID       PID    %usr %system  %guest   %wait    %CPU   CPU  Command
02:45:31        0       968    0.00    1.00    0.00    0.00    1.00     1  Xorg
02:45:31     1000      3596    4.00    0.00    0.00    1.00    4.00     0  cinnamon
02:45:31     1000      4636    0.00    1.00    0.00    0.00    1.00     0  jetbrains-toolb
02:45:31     1000      5902    1.00    1.00    0.00    0.00    2.00     0  brave
02:45:31     1000      5942    5.00    3.00    0.00    2.00    8.00     1  brave
02:45:31     1000      6120    9.00    1.00    0.00    1.00   10.00     0  brave
02:45:31     1000      6344    3.00    2.00    0.00    2.00    5.00     1  brave
02:45:31        0      9838    0.00    1.00    0.00    0.00    1.00     0  kworker/0:1-events_freezable
02:45:31     1000     12584    2.00    1.00    0.00    1.00    3.00     1  pidstat

# Time        UID       PID    %usr %system  %guest   %wait    %CPU   CPU  Command
02:45:32        0       968    1.00    0.00    0.00    0.00    1.00     0  Xorg
02:45:32     1000      3314    1.00    0.00    0.00    0.00    1.00     0  ibus-extension-
02:45:32     1000      3596    4.00    1.00    0.00    0.00    5.00     1  cinnamon
02:45:32     1000      4636    1.00    0.00    0.00    0.00    1.00     0  jetbrains-toolb
02:45:32     1000      5902    1.00    0.00    0.00    0.00    1.00     0  brave
02:45:32     1000      5942    3.00    3.00    0.00    2.00    6.00     0  brave
02:45:32     1000      6120    6.00    2.00    0.00    2.00    8.00     0  brave
02:45:32     1000      6344    4.00    1.00    0.00    1.00    5.00     0  brave
02:45:32        0     12078    0.00    1.00    0.00    0.00    1.00     1  kworker/1:0-events
02:45:32        0     12399    0.00    1.00    0.00    0.00    1.00     1  kworker/u32:0-events_unbound
02:45:32     1000     12584    1.00    2.00    0.00    0.00    3.00     1  pidstat

# Time        UID       PID    %usr %system  %guest   %wait    %CPU   CPU  Command
02:45:33      120       916    1.00    0.00    0.00    0.00    1.00     0  redis-server
02:45:33        0       968    1.00    1.00    0.00    1.00    2.00     0  Xorg
02:45:33     1000      3596    4.00    0.00    0.00    1.00    4.00     0  cinnamon
02:45:33     1000      5902    2.00    1.00    0.00    0.00    3.00     1  brave
02:45:33     1000      5942    5.00    1.00    0.00    1.00    6.00     0  brave
02:45:33     1000      6120    8.00    2.00    0.00    2.00   10.00     0  brave
02:45:33     1000      6344    4.00    1.00    0.00    2.00    5.00     1  brave
02:45:33     1000     12584    1.00    2.00    0.00    0.00    3.00     1  pidstat

# Time        UID       PID    %usr %system  %guest   %wait    %CPU   CPU  Command
02:45:34        0       140    0.00    1.00    0.00    0.00    1.00     0  irq/30-ELAN0708:00
02:45:34        0       703    0.00    1.00    0.00    0.00    1.00     1  irq/63-rtw88_pci
02:45:34        0       968    1.00    3.00    0.00    0.00    4.00     1  Xorg
02:45:34     1000      3303    1.00    0.00    0.00    1.00    1.00     0  ibus-daemon
02:45:34     1000      3436    1.00    0.00    0.00    0.00    1.00     1  ibus-engine-sim
02:45:34     1000      3596    3.00    2.00    0.00    4.00    5.00     0  cinnamon
02:45:34     1000      5902    5.00    1.00    0.00    0.00    6.00     1  brave
02:45:34     1000      5942    5.00    2.00    0.00    3.00    7.00     0  brave
02:45:34     1000      6120   19.00    1.00    0.00    5.00   20.00     0  brave
02:45:34     1000      6344    3.00    2.00    0.00    2.00    5.00     1  brave
02:45:34     1000     12584    0.00    1.00    0.00    1.00    1.00     0  pidstat

# Time        UID       PID    %usr %system  %guest   %wait    %CPU   CPU  Command
02:45:35        0       165    0.00    1.00    0.00    0.00    1.00     0  gfx
02:45:35        0       968    0.00    2.00    0.00    0.00    2.00     0  Xorg
02:45:35     1000      3596    4.00    0.00    0.00    1.00    4.00     1  cinnamon
02:45:35     1000      4636    0.00    1.00    0.00    0.00    1.00     0  jetbrains-toolb
02:45:35     1000      5902    1.00    0.00    0.00    0.00    1.00     1  brave
02:45:35     1000      5942    4.00    2.00    0.00    1.00    6.00     0  brave
02:45:35     1000      6120    7.00    3.00    0.00    2.00   10.00     1  brave
02:45:35     1000      6344    5.00    1.00    0.00    2.00    6.00     1  brave
02:45:35        0     12399    0.00    1.00    0.00    0.00    1.00     0  kworker/u32:0-phy0
02:45:35     1000     12584    1.00    3.00    0.00    0.00    4.00     0  pidstat
02:45:35     1000     12587    0.00    1.00    0.00    0.00    1.00     1  sem

# Time        UID       PID    %usr %system  %guest   %wait    %CPU   CPU  Command
02:45:36        0        15    0.00    1.00    0.00    0.00    1.00     1  rcu_preempt
02:45:36        0       968    2.00    0.00    0.00    0.00    2.00     1  Xorg
02:45:36     1000      3303    1.00    1.00    0.00    0.00    2.00     1  ibus-daemon
02:45:36     1000      3596    3.00    0.00    0.00    2.00    3.00     1  cinnamon
02:45:36     1000      5902    2.00    2.00    0.00    1.00    4.00     1  brave
02:45:36     1000      5942    3.00    2.00    0.00    1.00    5.00     0  brave
02:45:36     1000      5943    0.00    1.00    0.00    0.00    1.00     0  brave
02:45:36     1000      6120   11.00    2.00    0.00    3.00   13.00     1  brave
02:45:36     1000      6344    3.00    2.00    0.00    0.00    5.00     0  brave
02:45:36     1000     12584    1.00    3.00    0.00    0.00    4.00     0  pidstat

# Time        UID       PID    %usr %system  %guest   %wait    %CPU   CPU  Command
02:45:37        0       968    3.00    1.00    0.00    0.00    4.00     1  Xorg
02:45:37     1000      3303    1.00    0.00    0.00    1.00    1.00     1  ibus-daemon
02:45:37     1000      3313    0.00    1.00    0.00    1.00    1.00     0  ibus-ui-gtk3
02:45:37     1000      3596    5.00    0.00    0.00    3.00    5.00     0  cinnamon
02:45:37     1000      5902    4.00   22.00    0.00    1.00   26.00     1  brave
02:45:37     1000      5942    4.00    2.00    0.00    1.00    6.00     0  brave
02:45:37     1000      6120   17.00    2.00    0.00    6.00   19.00     1  brave
02:45:37     1000      6150    0.00    1.00    0.00    2.00    1.00     1  alacritty
02:45:37     1000      6344    4.00    1.00    0.00    1.00    5.00     0  brave
02:45:37     1000     12584    1.00    2.00    0.00    1.00    3.00     0  pidstat

# Time        UID       PID    %usr %system  %guest   %wait    %CPU   CPU  Command
02:45:38        0       140    0.00    1.00    0.00    0.00    1.00     0  irq/30-ELAN0708:00
02:45:38        0       703    0.00    1.00    0.00    0.00    1.00     1  irq/63-rtw88_pci
02:45:38      120       916    1.00    1.00    0.00    0.00    2.00     0  redis-server
02:45:38        0       968    1.00    2.00    0.00    0.00    3.00     1  Xorg
02:45:38     1000      3303    2.00    0.00    0.00    2.00    2.00     1  ibus-daemon
02:45:38     1000      3313    1.00    0.00    0.00    0.00    1.00     0  ibus-ui-gtk3
02:45:38     1000      3314    1.00    1.00    0.00    0.00    2.00     1  ibus-extension-
02:45:38     1000      3436    1.00    0.00    0.00    0.00    1.00     0  ibus-engine-sim
02:45:38     1000      3596    5.00    1.00    0.00    4.00    6.00     1  cinnamon
02:45:38     1000      5902    5.00    2.00    0.00    1.00    7.00     1  brave
02:45:38     1000      5942    8.00    3.00    0.00    4.00   11.00     1  brave
02:45:38     1000      5943    1.00    0.00    0.00    0.00    1.00     0  brave
02:45:38     1000      6021    1.00    0.00    0.00    0.00    1.00     0  brave
02:45:38     1000      6097    0.00    1.00    0.00    0.00    1.00     1  brave
02:45:38     1000      6120   16.00    3.00    0.00    7.00   19.00     1  brave
02:45:38     1000      6344    3.00    0.00    0.00    0.00    3.00     1  brave
02:45:38        0     10333    0.00    1.00    0.00    0.00    1.00     0  kworker/u33:0-rtw_tx_wq
02:45:38     1000     12584    0.00    1.00    0.00    0.00    1.00     0  pidstat

# Time        UID       PID    %usr %system  %guest   %wait    %CPU   CPU  Command
02:45:39        0       968    0.00    1.00    0.00    0.00    1.00     1  Xorg
02:45:39      114      1077    0.00    1.00    0.00    0.00    1.00     0  postgres
02:45:39     1000      3596    2.00    1.00    0.00    1.00    3.00     1  cinnamon
02:45:39     1000      5902    9.00    2.00    0.00    2.00   11.00     0  brave
02:45:39     1000      5942    2.00    2.00    0.00    2.00    4.00     1  brave
02:45:39     1000      5943    3.00    1.00    0.00    0.00    4.00     0  brave
02:45:39     1000      6021    1.00    0.00    0.00    0.00    1.00     0  brave
02:45:39     1000      6027    0.00    1.00    0.00    0.00    1.00     1  brave
02:45:39     1000      6120   12.00    2.00    0.00    6.00   14.00     1  brave
02:45:39     1000      6344    4.00    1.00    0.00    3.00    5.00     1  brave
02:45:39     1000      6626    1.00    0.00    0.00    0.00    1.00     1  brave
02:45:39        0     12399    0.00    1.00    0.00    0.00    1.00     0  kworker/u32:0-ext4-rsv-conversion
02:45:39     1000     12584    1.00    0.00    0.00    1.00    1.00     0  pidstat

# Time        UID       PID    %usr %system  %guest   %wait    %CPU   CPU  Command
02:45:40        0       140    0.00    1.00    0.00    0.00    1.00     0  irq/30-ELAN0708:00
02:45:40        0       703    0.00    1.00    0.00    0.00    1.00     1  irq/63-rtw88_pci
02:45:40        0       968    2.00    2.00    0.00    0.00    4.00     1  Xorg
02:45:40     1000      3303    2.00    0.00    0.00    3.00    2.00     1  ibus-daemon
02:45:40     1000      3313    1.00    0.00    0.00    1.00    1.00     1  ibus-ui-gtk3
02:45:40     1000      3596    3.00    1.00    0.00    3.00    4.00     1  cinnamon
02:45:40     1000      4636    0.00    1.00    0.00    0.00    1.00     0  jetbrains-toolb
02:45:40     1000      5902    4.00    2.00    0.00    1.00    6.00     0  brave
02:45:40     1000      5942    4.00    0.00    0.00    2.00    4.00     1  brave
02:45:40     1000      5943    0.00    1.00    0.00    0.00    1.00     0  brave
02:45:40     1000      6120   17.00    2.00    0.00    6.00   19.00     1  brave
02:45:40     1000      6150    1.00    1.00    0.00    1.00    2.00     1  alacritty
02:45:40     1000      6344    3.00    1.00    0.00    0.00    4.00     1  brave
02:45:40     1000     12561    0.00    1.00    0.00    0.00    1.00     0  brave
02:45:40     1000     12584    0.00    1.00    0.00    0.00    1.00     0  pidstat

# Time        UID       PID    %usr %system  %guest   %wait    %CPU   CPU  Command
02:45:41        0       165    0.00    1.00    0.00    0.00    1.00     0  gfx
02:45:41      101       804    1.00    0.00    0.00    0.00    1.00     0  dbus-daemon
02:45:41        0       968    1.00    2.00    0.00    1.00    3.00     0  Xorg
02:45:41     1000      3303    1.00    1.00    0.00    1.00    2.00     0  ibus-daemon
02:45:41     1000      3314    1.00    0.00    0.00    0.00    1.00     0  ibus-extension-
02:45:41     1000      3596    7.00    0.00    0.00    6.00    7.00     1  cinnamon
02:45:41     1000      3673    1.00    0.00    0.00    0.00    1.00     0  nm-applet
02:45:41     1000      4636    1.00    0.00    0.00    0.00    1.00     0  jetbrains-toolb
02:45:41     1000      5902    9.00    3.00    0.00    2.00   12.00     1  brave
02:45:41     1000      5942    8.00    2.00    0.00    5.00   10.00     1  brave
02:45:41     1000      5943    4.00    0.00    0.00    0.00    4.00     0  brave
02:45:41     1000      5953    1.00    0.00    0.00    0.00    1.00     0  brave
02:45:41     1000      6021    1.00    0.00    0.00    0.00    1.00     0  brave
02:45:41     1000      6120   20.00    5.00    0.00    9.00   25.00     1  brave
02:45:41     1000      6344    4.00    0.00    0.00    1.00    4.00     1  brave
02:45:41     1000      6418    0.00    1.00    0.00    0.00    1.00     1  brave
02:45:41        0     10294    0.00    1.00    0.00    0.00    1.00     1  kworker/u32:1-phy0
02:45:41     1000     12584    2.00    2.00    0.00    1.00    4.00     0  pidstat

# Time        UID       PID    %usr %system  %guest   %wait    %CPU   CPU  Command
02:45:42        0       849    1.00    0.00    0.00    0.00    1.00     0  preload
02:45:42        0       968    1.00    1.00    0.00    0.00    2.00     1  Xorg
02:45:42     1000      3303    1.00    0.00    0.00    0.00    1.00     0  ibus-daemon
02:45:42     1000      3392    1.00    0.00    0.00    0.00    1.00     1  csd-power
02:45:42     1000      3436    1.00    0.00    0.00    1.00    1.00     0  ibus-engine-sim
02:45:42     1000      3596    4.00    0.00    0.00    2.00    4.00     0  cinnamon
02:45:42     1000      5902    3.00    2.00    0.00    2.00    5.00     1  brave
02:45:42     1000      5942    5.00    2.00    0.00    2.00    7.00     0  brave
02:45:42     1000      5943    1.00    1.00    0.00    0.00    2.00     0  brave
02:45:42     1000      6109    0.00    1.00    0.00    0.00    1.00     1  brave
02:45:42     1000      6120   17.00    1.00    0.00   23.00   18.00     1  brave
02:45:42     1000      6344   45.00    2.00    0.00   22.00   47.00     1  brave
02:45:42     1000     12584    0.00    1.00    0.00    0.00    1.00     0  pidstat

# Time        UID       PID    %usr %system  %guest   %wait    %CPU   CPU  Command
02:45:43        0       703    0.00    1.00    0.00    0.00    1.00     1  irq/63-rtw88_pci
02:45:43        0       968    1.00    1.00    0.00    0.00    2.00     1  Xorg
02:45:43     1000      3303    1.00    0.00    0.00    0.00    1.00     1  ibus-daemon
02:45:43     1000      3417    0.00    1.00    0.00    1.00    1.00     0  csd-keyboard
02:45:43     1000      3596    3.00    2.00    0.00    1.00    5.00     1  cinnamon
02:45:43     1000      5902    2.00    0.00    0.00    0.00    2.00     0  brave
02:45:43     1000      5942    4.00    2.00    0.00    2.00    6.00     0  brave
02:45:43     1000      6120    9.00    4.00    0.00    3.00   13.00     1  brave
02:45:43     1000      6344    4.00    2.00    0.00    1.00    6.00     1  brave
02:45:43     1000     12584    0.00    1.00    0.00    0.00    1.00     0  pidstat

# Time        UID       PID    %usr %system  %guest   %wait    %CPU   CPU  Command
02:45:44        0       140    0.00    1.00    0.00    0.00    1.00     0  irq/30-ELAN0708:00
02:45:44        0       968    2.00    2.00    0.00    0.00    4.00     1  Xorg
02:45:44     1000      3303    2.00    0.00    0.00    2.00    2.00     1  ibus-daemon
02:45:44     1000      3313    1.00    0.00    0.00    0.00    1.00     0  ibus-ui-gtk3
02:45:44     1000      3363    1.00    0.00    0.00    0.00    1.00     0  at-spi2-registr
02:45:44     1000      3596    4.00    1.00    0.00    3.00    5.00     1  cinnamon
02:45:44     1000      3947    0.00    1.00    0.00    0.00    1.00     0  blueman-tray
02:45:44     1000      4636    0.00    1.00    0.00    0.00    1.00     0  jetbrains-toolb
02:45:44     1000      5902    6.00    2.00    0.00    1.00    8.00     0  brave
02:45:44     1000      5942    6.00    1.00    0.00    2.00    7.00     1  brave
02:45:44     1000      5943    0.00    1.00    0.00    0.00    1.00     0  brave
02:45:44     1000      6021    1.00    0.00    0.00    0.00    1.00     0  brave
02:45:44     1000      6120   17.00    3.00    0.00    8.00   20.00     1  brave
02:45:44     1000      6344    3.00    0.00    0.00    1.00    3.00     0  brave
02:45:44        0      9838    0.00    1.00    0.00    0.00    1.00     0  kworker/0:1-events
02:45:44     1000     12561    6.00    0.00    0.00    0.00    6.00     0  brave
02:45:44     1000     12584    1.00    1.00    0.00    0.00    2.00     0  pidstat

# Time        UID       PID    %usr %system  %guest   %wait    %CPU   CPU  Command
02:45:45        0       165    0.00    1.00    0.00    0.00    1.00     1  gfx
02:45:45      120       916    1.00    0.00    0.00    0.00    1.00     0  redis-server
02:45:45        0       968    0.00    2.00    0.00    0.00    2.00     0  Xorg
02:45:45     1000      3303    0.00    1.00    0.00    0.00    1.00     1  ibus-daemon
02:45:45     1000      3314    1.00    0.00    0.00    0.00    1.00     0  ibus-extension-
02:45:45     1000      3436    1.00    0.00    0.00    0.00    1.00     1  ibus-engine-sim
02:45:45     1000      3596    5.00    1.00    0.00    3.00    6.00     0  cinnamon
02:45:45     1000      5902   10.00    1.00    0.00    1.00   11.00     1  brave
02:45:45     1000      5942    7.00    2.00    0.00    4.00    9.00     0  brave
02:45:45     1000      5943    3.00    1.00    0.00    0.00    4.00     0  brave
02:45:45     1000      6021    1.00    0.00    0.00    0.00    1.00     0  brave
02:45:45     1000      6120   20.00    1.00    0.00    8.00   21.00     1  brave
02:45:45     1000      6344    3.00    1.00    0.00    0.00    4.00     1  brave
02:45:45        0     10333    0.00    1.00    0.00    0.00    1.00     1  kworker/u33:0-rtw_tx_wq
02:45:45        0     12399    0.00    1.00    0.00    0.00    1.00     0  kworker/u32:0-events_unbound
02:45:45     1000     12561    4.00    0.00    0.00    0.00    4.00     0  brave
02:45:45     1000     12584    1.00    2.00    0.00    3.00    3.00     0  pidstat
02:45:45     1000     12587    1.00    0.00    0.00    0.00    1.00     1  sem
