Linux 6.1.0-34-amd64 (debian) 	06/04/25 	_x86_64_	(2 CPU)

# Time        UID       PID    %usr %system  %guest   %wait    %CPU   CPU  Command
02:36:51        0       968    0.98    0.00    0.00    0.00    0.98     1  Xorg
02:36:51     1000      3303    1.96    0.98    0.00    0.98    2.94     0  ibus-daemon
02:36:51     1000      3436    0.98    0.00    0.00    0.00    0.98     0  ibus-engine-sim
02:36:51     1000      3596    1.96    0.98    0.00    2.94    2.94     0  cinnamon
02:36:51     1000      5902    7.84    1.96    0.00    0.98    9.80     1  brave
02:36:51     1000      5942    2.94    1.96    0.00    0.00    4.90     1  brave
02:36:51     1000      6120    2.94    1.96    0.00    0.98    4.90     0  brave
02:36:51     1000      6344   58.82    0.00    0.00    5.88   58.82     1  brave
02:36:51     1000      6626    0.98    0.98    0.00    0.00    1.96     1  brave
02:36:51     1000      6987    0.00    0.98    0.00    0.00    0.98     0  brave
02:36:51     1000     11743    1.96    0.98    0.00    0.00    2.94     0  pidstat

# Time        UID       PID    %usr %system  %guest   %wait    %CPU   CPU  Command
02:36:52        0       968    2.00    0.00    0.00    0.00    2.00     1  Xorg
02:36:52     1000      3303    1.00    1.00    0.00    1.00    2.00     0  ibus-daemon
02:36:52     1000      3596    3.00    0.00    0.00    3.00    3.00     1  cinnamon
02:36:52     1000      4636    0.00    1.00    0.00    0.00    1.00     1  jetbrains-toolb
02:36:52     1000      5902    7.00    0.00    0.00    0.00    7.00     1  brave
02:36:52     1000      5942    3.00    2.00    0.00    1.00    5.00     1  brave
02:36:52     1000      5943    1.00    0.00    0.00    0.00    1.00     1  brave
02:36:52     1000      6120    4.00    0.00    0.00    0.00    4.00     0  brave
02:36:52     1000      6344   66.00    5.00    0.00    5.00   71.00     0  brave
02:36:52     1000     11743    0.00    1.00    0.00    1.00    1.00     1  pidstat

# Time        UID       PID    %usr %system  %guest   %wait    %CPU   CPU  Command
02:36:53        0       165    0.00    1.00    0.00    0.00    1.00     1  gfx
02:36:53        0       968    2.00    1.00    0.00    0.00    3.00     1  Xorg
02:36:53     1000      3303    1.00    2.00    0.00    1.00    3.00     0  ibus-daemon
02:36:53     1000      3313    1.00    0.00    0.00    0.00    1.00     0  ibus-ui-gtk3
02:36:53     1000      3314    1.00    0.00    0.00    0.00    1.00     0  ibus-extension-
02:36:53     1000      3436    1.00    0.00    0.00    0.00    1.00     1  ibus-engine-sim
02:36:53     1000      3596    3.00    0.00    0.00    4.00    3.00     0  cinnamon
02:36:53     1000      5902    6.00    2.00    0.00    3.00    8.00     1  brave
02:36:53     1000      5942    4.00    1.00    0.00    2.00    5.00     1  brave
02:36:53     1000      6120    3.00    1.00    0.00    1.00    4.00     1  brave
02:36:53     1000      6150    0.00    1.00    0.00    0.00    1.00     0  alacritty
02:36:53     1000      6344  111.00    4.00    0.00   22.00  115.00     1  brave
02:36:53     1000      6418    1.00    0.00    0.00    0.00    1.00     1  brave
02:36:53     1000     11743    1.00    1.00    0.00    0.00    2.00     0  pidstat

# Time        UID       PID    %usr %system  %guest   %wait    %CPU   CPU  Command
02:36:54        0        14    0.00    1.00    0.00    0.00    1.00     0  ksoftirqd/0
02:36:54        0       968    1.00    1.00    0.00    0.00    2.00     0  Xorg
02:36:54     1000      3303    3.00    0.00    0.00    1.00    3.00     1  ibus-daemon
02:36:54     1000      3436    1.00    0.00    0.00    0.00    1.00     1  ibus-engine-sim
02:36:54     1000      3596    3.00    2.00    0.00   10.00    5.00     0  cinnamon
02:36:54     1000      5902    9.00    2.00    0.00    4.00   11.00     0  brave
02:36:54     1000      5942    3.00    3.00    0.00    1.00    6.00     0  brave
02:36:54     1000      6120    4.00    1.00    0.00    2.00    5.00     1  brave
02:36:54     1000      6344   89.00    5.00    0.00    8.00   94.00     1  brave
02:36:54        0      9839    0.00    1.00    0.00    0.00    1.00     1  kworker/1:2-events
02:36:54     1000     11670    1.00    0.00    0.00    0.00    1.00     1  brave
02:36:54     1000     11743    1.00    1.00    0.00    3.00    2.00     0  pidstat

# Time        UID       PID    %usr %system  %guest   %wait    %CPU   CPU  Command
02:36:55        0        15    0.00    1.00    0.00    0.00    1.00     1  rcu_preempt
02:36:55        0       703    0.00    1.00    0.00    0.00    1.00     1  irq/63-rtw88_pci
02:36:55        0       968    0.00    1.00    0.00    0.00    1.00     1  Xorg
02:36:55     1000      3303    2.00    0.00    0.00    1.00    2.00     0  ibus-daemon
02:36:55     1000      3436    0.00    1.00    0.00    0.00    1.00     1  ibus-engine-sim
02:36:55     1000      3596    2.00    1.00    0.00    2.00    3.00     1  cinnamon
02:36:55     1000      4636    0.00    1.00    0.00    0.00    1.00     1  jetbrains-toolb
02:36:55     1000      5902    7.00    1.00    0.00    2.00    8.00     0  brave
02:36:55     1000      5942    3.00    2.00    0.00    1.00    5.00     0  brave
02:36:55     1000      6120    4.00    2.00    0.00    3.00    6.00     0  brave
02:36:55     1000      6344   60.00    1.00    0.00    4.00   61.00     1  brave
02:36:55        0     11698    0.00    1.00    0.00    0.00    1.00     0  kworker/u32:4+events_unbound
02:36:55     1000     11743    1.00    3.00    0.00    1.00    4.00     0  pidstat

# Time        UID       PID    %usr %system  %guest   %wait    %CPU   CPU  Command
02:36:56        0       968    1.00    1.00    0.00    0.00    2.00     1  Xorg
02:36:56     1000      3303    1.00    1.00    0.00    0.00    2.00     0  ibus-daemon
02:36:56     1000      3417    0.00    1.00    0.00    1.00    1.00     1  csd-keyboard
02:36:56     1000      3436    1.00    0.00    0.00    1.00    1.00     0  ibus-engine-sim
02:36:56     1000      3596    1.00    0.00    0.00    2.00    1.00     1  cinnamon
02:36:56     1000      5902    5.00    2.00    0.00    1.00    7.00     1  brave
02:36:56     1000      5942    3.00    1.00    0.00    1.00    4.00     1  brave
02:36:56     1000      6097    1.00    0.00    0.00    0.00    1.00     0  brave
02:36:56     1000      6120    3.00    1.00    0.00    2.00    4.00     1  brave
02:36:56     1000      6344   60.00    2.00    0.00    8.00   62.00     0  brave
02:36:56     1000      6626   30.00    0.00    0.00    7.00   30.00     1  brave
02:36:56     1000     11743    1.00    0.00    0.00    0.00    1.00     1  pidstat

# Time        UID       PID    %usr %system  %guest   %wait    %CPU   CPU  Command
02:36:57        0       968    1.00    1.00    0.00    0.00    2.00     0  Xorg
02:36:57     1000      3303    1.00    1.00    0.00    0.00    2.00     1  ibus-daemon
02:36:57     1000      3596    2.00    1.00    0.00    2.00    3.00     1  cinnamon
02:36:57     1000      4636    1.00    0.00    0.00    0.00    1.00     1  jetbrains-toolb
02:36:57     1000      5902    5.00    1.00    0.00    2.00    6.00     0  brave
02:36:57     1000      5942    3.00    1.00    0.00    0.00    4.00     1  brave
02:36:57     1000      6120    3.00    1.00    0.00    1.00    4.00     0  brave
02:36:57     1000      6344   71.00    2.00    0.00    4.00   73.00     0  brave
02:36:57        0     10333    0.00    1.00    0.00    0.00    1.00     0  kworker/u33:0-rtw_tx_wq
02:36:57     1000     11743    1.00    2.00    0.00    1.00    3.00     1  pidstat

# Time        UID       PID    %usr %system  %guest   %wait    %CPU   CPU  Command
02:36:58      120       916    1.00    0.00    0.00    0.00    1.00     0  redis-server
02:36:58        0       968    0.00    1.00    0.00    0.00    1.00     1  Xorg
02:36:58     1000      3313    0.00    1.00    0.00    0.00    1.00     0  ibus-ui-gtk3
02:36:58     1000      3436    1.00    0.00    0.00    0.00    1.00     1  ibus-engine-sim
02:36:58     1000      3596    2.00    0.00    0.00    1.00    2.00     0  cinnamon
02:36:58     1000      3947    1.00    0.00    0.00    0.00    1.00     0  blueman-tray
02:36:58     1000      5902    3.00    1.00    0.00    0.00    4.00     1  brave
02:36:58     1000      5942    2.00    3.00    0.00    1.00    5.00     0  brave
02:36:58     1000      6120    4.00    2.00    0.00    1.00    6.00     0  brave
02:36:58     1000      6344   20.00    4.00    0.00    3.00   24.00     0  brave
02:36:58     1000     11743    0.00    1.00    0.00    0.00    1.00     1  pidstat

# Time        UID       PID    %usr %system  %guest   %wait    %CPU   CPU  Command
02:36:59        0       165    0.00    1.00    0.00    0.00    1.00     0  gfx
02:36:59        0       703    0.00    1.00    0.00    0.00    1.00     1  irq/63-rtw88_pci
02:36:59        0       968    2.00    0.00    0.00    1.00    2.00     0  Xorg
02:36:59     1000      3303    0.00    1.00    0.00    0.00    1.00     1  ibus-daemon
02:36:59     1000      3596    6.00    2.00    0.00    6.00    8.00     1  cinnamon
02:36:59     1000      3673    0.00    1.00    0.00    0.00    1.00     1  nm-applet
02:36:59     1000      5902    5.00    3.00    0.00    1.00    8.00     1  brave
02:36:59     1000      5942    8.00    4.00    0.00    4.00   12.00     0  brave
02:36:59     1000      5943    1.00    2.00    0.00    0.00    3.00     1  brave
02:36:59     1000      6021    1.00    1.00    0.00    0.00    2.00     1  brave
02:36:59     1000      6120    4.00    0.00    0.00    0.00    4.00     1  brave
02:36:59     1000      6344   46.00    2.00    0.00    9.00   48.00     0  brave
02:36:59        0     11698    0.00    1.00    0.00    0.00    1.00     1  kworker/u32:4+events_unbound
02:36:59     1000     11743    1.00    1.00    0.00    1.00    2.00     1  pidstat

# Time        UID       PID    %usr %system  %guest   %wait    %CPU   CPU  Command
02:37:00      120       916    0.00    1.00    0.00    0.00    1.00     1  redis-server
02:37:00        0       968    3.00    2.00    0.00    0.00    5.00     1  Xorg
02:37:00     1000      3596   12.00    1.00    0.00   10.00   13.00     1  cinnamon
02:37:00     1000      4636    0.00    1.00    0.00    0.00    1.00     1  jetbrains-toolb
02:37:00     1000      5902    1.00    1.00    0.00    0.00    2.00     1  brave
02:37:00     1000      5942   12.00    2.00    0.00   12.00   14.00     1  brave
02:37:00     1000      6120    3.00    1.00    0.00    1.00    4.00     1  brave
02:37:00     1000      6344   31.00    2.00    0.00    7.00   33.00     0  brave
02:37:00        0     11698    0.00    1.00    0.00    1.00    1.00     1  kworker/u32:4+events_unbound
02:37:00     1000     11743    1.00    1.00    0.00    0.00    2.00     0  pidstat

# Time        UID       PID    %usr %system  %guest   %wait    %CPU   CPU  Command
02:37:01        0       165    0.00    1.00    0.00    0.00    1.00     0  gfx
02:37:01        0       968    3.00    1.00    0.00    0.00    4.00     1  Xorg
02:37:01     1000      3596    9.00    2.00    0.00   10.00   11.00     1  cinnamon
02:37:01     1000      5902    2.00    1.00    0.00    1.00    3.00     0  brave
02:37:01     1000      5942   11.00    3.00    0.00   12.00   14.00     1  brave
02:37:01     1000      5943    2.00    0.00    0.00    0.00    2.00     1  brave
02:37:01     1000      6120    3.00    2.00    0.00    1.00    5.00     1  brave
02:37:01     1000      6344   70.00    5.00    0.00    7.00   75.00     1  brave
02:37:01        0     10294    0.00    1.00    0.00    1.00    1.00     1  kworker/u32:1+events_unbound
02:37:01     1000     11743    0.00    1.00    0.00    1.00    1.00     0  pidstat

# Time        UID       PID    %usr %system  %guest   %wait    %CPU   CPU  Command
02:37:02        0       165    0.00    1.00    0.00    0.00    1.00     0  gfx
02:37:02        0       703    0.00    1.00    0.00    0.00    1.00     1  irq/63-rtw88_pci
02:37:02        0       968    1.00    3.00    0.00    0.00    4.00     0  Xorg
02:37:02     1000      3596   10.00    5.00    0.00   18.00   15.00     0  cinnamon
02:37:02     1000      4636    1.00    0.00    0.00    0.00    1.00     1  jetbrains-toolb
02:37:02     1000      5902    1.00    1.00    0.00    0.00    2.00     0  brave
02:37:02     1000      5942   15.00    4.00    0.00   14.00   19.00     0  brave
02:37:02     1000      6120    4.00    1.00    0.00    0.00    5.00     0  brave
02:37:02     1000      6344   90.00    4.00    0.00    7.00   94.00     1  brave
02:37:02        0     10294    0.00    1.00    0.00    0.00    1.00     0  kworker/u32:1-events_unbound
02:37:02     1000     11743    1.00    1.00    0.00    3.00    2.00     0  pidstat

# Time        UID       PID    %usr %system  %guest   %wait    %CPU   CPU  Command
02:37:03        0       165    0.00    1.00    0.00    0.00    1.00     1  gfx
02:37:03        0       968    4.00    4.00    0.00    1.00    8.00     0  Xorg
02:37:03     1000      3596   15.00    2.00    0.00   21.00   17.00     0  cinnamon
02:37:03     1000      5902    1.00    2.00    0.00    0.00    3.00     0  brave
02:37:03     1000      5942   15.00    6.00    0.00   28.00   21.00     0  brave
02:37:03     1000      6120    5.00    0.00    0.00    2.00    5.00     0  brave
02:37:03     1000      6344  119.00    4.00    0.00   43.00  123.00     1  brave
02:37:03     1000      6626    3.00    0.00    0.00    5.00    3.00     0  brave
02:37:03        0     11698    0.00    1.00    0.00    1.00    1.00     0  kworker/u32:4-events_unbound
02:37:03     1000     11743    0.00    3.00    0.00    4.00    3.00     0  pidstat

# Time        UID       PID    %usr %system  %guest   %wait    %CPU   CPU  Command
02:37:04        0        15    0.00    1.00    0.00    0.00    1.00     0  rcu_preempt
02:37:04        0       140    0.00    1.00    0.00    0.00    1.00     0  irq/30-ELAN0708:00
02:37:04        0       165    0.00    1.00    0.00    0.00    1.00     1  gfx
02:37:04        0       968    2.00    4.00    0.00    0.00    6.00     0  Xorg
02:37:04     1000      3170    1.00    0.00    0.00    0.00    1.00     0  kwalletd5
02:37:04     1000      3303    5.00    0.00    0.00    8.00    5.00     1  ibus-daemon
02:37:04     1000      3313    3.00    0.00    0.00    0.00    3.00     1  ibus-ui-gtk3
02:37:04     1000      3314    2.00    0.00    0.00    1.00    2.00     1  ibus-extension-
02:37:04     1000      3596   11.00    3.00    0.00   14.00   14.00     1  cinnamon
02:37:04     1000      5902    5.00    2.00    0.00    1.00    7.00     0  brave
02:37:04     1000      5942   15.00    3.00    0.00   21.00   18.00     0  brave
02:37:04     1000      5943    1.00    1.00    0.00    0.00    2.00     1  brave
02:37:04     1000      6120    4.00    2.00    0.00    1.00    6.00     0  brave
02:37:04     1000      6319    1.00    0.00    0.00    0.00    1.00     0  brave
02:37:04     1000      6344   90.00    5.00    0.00   17.00   95.00     1  brave
02:37:04        0     10294    0.00    1.00    0.00    1.00    1.00     0  kworker/u32:1+events_unbound
02:37:04        0     11698    0.00    1.00    0.00    0.00    1.00     1  kworker/u32:4-phy0
02:37:04     1000     11743    1.00    2.00    0.00    4.00    3.00     0  pidstat

# Time        UID       PID    %usr %system  %guest   %wait    %CPU   CPU  Command
02:37:05        0       140    0.00    1.00    0.00    0.00    1.00     0  irq/30-ELAN0708:00
02:37:05        0       165    0.00    1.00    0.00    0.00    1.00     0  gfx
02:37:05        0       703    0.00    1.00    0.00    0.00    1.00     1  irq/63-rtw88_pci
02:37:05      120       916    0.00    1.00    0.00    0.00    1.00     0  redis-server
02:37:05        0       968    4.00    2.00    0.00    1.00    6.00     1  Xorg
02:37:05     1000      3596   12.00    2.00    0.00   17.00   14.00     1  cinnamon
02:37:05     1000      4636    0.00    1.00    0.00    0.00    1.00     1  jetbrains-toolb
02:37:05     1000      5902    3.00    2.00    0.00    1.00    5.00     1  brave
02:37:05     1000      5942   14.00    2.00    0.00   12.00   16.00     1  brave
02:37:05     1000      6120    9.00    1.00    0.00    4.00   10.00     1  brave
02:37:05     1000      6344   58.00    5.00    0.00   13.00   63.00     1  brave
02:37:05     1000      6626    1.00    0.00    0.00    0.00    1.00     1  brave
02:37:05     1000     11743    1.00    2.00    0.00    0.00    3.00     0  pidstat

# Time        UID       PID    %usr %system  %guest   %wait    %CPU   CPU  Command
02:37:06        0       140    0.00    1.00    0.00    0.00    1.00     0  irq/30-ELAN0708:00
02:37:06        0       934    0.00    1.00    0.00    0.00    1.00     0  containerd
02:37:06        0       968    3.00    2.00    0.00    0.00    5.00     0  Xorg
02:37:06     1000      3596    1.00    2.00    0.00    2.00    3.00     0  cinnamon
02:37:06     1000      5902    4.00    2.00    0.00    1.00    6.00     1  brave
02:37:06     1000      5942    1.00    2.00    0.00    0.00    3.00     0  brave
02:37:06     1000      6120   18.00    4.00    0.00    3.00   22.00     1  brave
02:37:06     1000      6150    0.00    1.00    0.00    2.00    1.00     1  alacritty
02:37:06     1000      6344    4.00    1.00    0.00    1.00    5.00     1  brave
02:37:06        0     10294    0.00    1.00    0.00    0.00    1.00     1  kworker/u32:1-events_unbound
02:37:06     1000     11743    0.00    1.00    0.00    0.00    1.00     0  pidstat

# Time        UID       PID    %usr %system  %guest   %wait    %CPU   CPU  Command
02:37:07        0       968    1.00    1.00    0.00    0.00    2.00     1  Xorg
02:37:07     1000      3303    2.00    0.00    0.00    3.00    2.00     1  ibus-daemon
02:37:07     1000      3313    1.00    0.00    0.00    2.00    1.00     1  ibus-ui-gtk3
02:37:07     1000      3314    1.00    0.00    0.00    1.00    1.00     1  ibus-extension-
02:37:07     1000      3436    1.00    0.00    0.00    0.00    1.00     0  ibus-engine-sim
02:37:07     1000      3596    5.00    0.00    0.00    6.00    5.00     1  cinnamon
02:37:07     1000      5902    7.00    2.00    0.00    1.00    9.00     1  brave
02:37:07     1000      5942    7.00    3.00    0.00    5.00   10.00     1  brave
02:37:07     1000      6120   14.00    3.00    0.00   10.00   17.00     1  brave
02:37:07     1000      6344    3.00    2.00    0.00    1.00    5.00     1  brave
02:37:07     1000     11743    1.00    2.00    0.00    0.00    3.00     0  pidstat

# Time        UID       PID    %usr %system  %guest   %wait    %CPU   CPU  Command
02:37:08        0       703    0.00    1.00    0.00    0.00    1.00     1  irq/63-rtw88_pci
02:37:08        0       968    1.00    1.00    0.00    0.00    2.00     1  Xorg
02:37:08     1000      3303    2.00    0.00    0.00    0.00    2.00     1  ibus-daemon
02:37:08     1000      3596    2.00    0.00    0.00    1.00    2.00     1  cinnamon
02:37:08     1000      4636    1.00    0.00    0.00    0.00    1.00     1  jetbrains-toolb
02:37:08     1000      5902    5.00    2.00    0.00    1.00    7.00     1  brave
02:37:08     1000      5942    6.00    2.00    0.00    1.00    8.00     1  brave
02:37:08     1000      5943    1.00    1.00    0.00    0.00    2.00     0  brave
02:37:08     1000      6021    1.00    0.00    0.00    0.00    1.00     1  brave
02:37:08     1000      6120   29.00    2.00    0.00    5.00   31.00     1  brave
02:37:08     1000      6344    4.00    1.00    0.00    2.00    5.00     1  brave
02:37:08     1000     11743    2.00    3.00    0.00    0.00    5.00     0  pidstat

# Time        UID       PID    %usr %system  %guest   %wait    %CPU   CPU  Command
02:37:09        0       813    1.00    0.00    0.00    0.00    1.00     1  snapd
02:37:09     1000      3303    1.00    0.00    0.00    0.00    1.00     1  ibus-daemon
02:37:09     1000      3417    1.00    0.00    0.00    0.00    1.00     0  csd-keyboard
02:37:09     1000      3436    1.00    0.00    0.00    0.00    1.00     0  ibus-engine-sim
02:37:09     1000      3596    1.00    1.00    0.00    1.00    2.00     1  cinnamon
02:37:09     1000      3947    1.00    0.00    0.00    0.00    1.00     1  blueman-tray
02:37:09     1000      4636    1.00    0.00    0.00    0.00    1.00     1  jetbrains-toolb
02:37:09     1000      5902    4.00    2.00    0.00    1.00    6.00     0  brave
02:37:09     1000      5942    2.00    2.00    0.00    0.00    4.00     1  brave
02:37:09     1000      5943    1.00    1.00    0.00    0.00    2.00     0  brave
02:37:09     1000      6120   12.00    2.00    0.00    2.00   14.00     1  brave
02:37:09     1000      6344    4.00    1.00    0.00    2.00    5.00     0  brave
02:37:09        0     10333    0.00    1.00    0.00    0.00    1.00     1  kworker/u33:0-rtw_tx_wq
02:37:09     1000     11743    0.00    1.00    0.00    0.00    1.00     0  pidstat
