Linux 6.1.0-34-amd64 (debian) 	06/04/25 	_x86_64_	(2 CPU)

# Time        UID       PID    %usr %system  %guest   %wait    %CPU   CPU  Command
02:51:17        0       703    0.00    0.98    0.00    0.00    0.98     1  irq/63-rtw88_pci
02:51:17        0       968    0.98    0.00    0.00    0.00    0.98     0  Xorg
02:51:17     1000      3303    0.98    0.00    0.00    0.00    0.98     0  ibus-daemon
02:51:17     1000      3596    0.98    0.00    0.00    1.96    0.98     1  cinnamon
02:51:17     1000      4636    0.98    0.00    0.00    0.00    0.98     0  jetbrains-toolb
02:51:17     1000      5902   17.65    2.94    0.00    3.92   20.59     1  brave
02:51:17     1000      5942    3.92    0.98    0.00    0.98    4.90     1  brave
02:51:17     1000      5943    4.90    4.90    0.00    0.00    9.80     0  brave
02:51:17     1000      6021    0.98    1.96    0.00    0.00    2.94     0  brave
02:51:17     1000      6097    3.92    0.00    0.00    0.00    3.92     0  brave
02:51:17     1000      6109    0.98    0.00    0.00    0.00    0.98     0  brave
02:51:17     1000      6120   17.65    2.94    0.00    6.86   20.59     0  brave
02:51:17     1000     13012    0.98    0.00    0.00    0.00    0.98     1  brave
02:51:17     1000     13138    0.00    0.98    0.00    0.00    0.98     1  pidstat

# Time        UID       PID    %usr %system  %guest   %wait    %CPU   CPU  Command
02:51:18        0        21    0.00    1.00    0.00    0.00    1.00     1  ksoftirqd/1
02:51:18        0       703    0.00    1.00    0.00    0.00    1.00     1  irq/63-rtw88_pci
02:51:18        0       968    2.00    0.00    0.00    1.00    2.00     1  Xorg
02:51:18     1000      3303    1.00    0.00    0.00    1.00    1.00     0  ibus-daemon
02:51:18     1000      3314    0.00    1.00    0.00    1.00    1.00     1  ibus-extension-
02:51:18     1000      3596    3.00    1.00    0.00    2.00    4.00     0  cinnamon
02:51:18     1000      5902   22.00    2.00    0.00    6.00   24.00     0  brave
02:51:18     1000      5942    2.00    2.00    0.00    1.00    4.00     0  brave
02:51:18     1000      5943    5.00    4.00    0.00    0.00    9.00     0  brave
02:51:18     1000      6021    3.00    0.00    0.00    0.00    3.00     0  brave
02:51:18     1000      6097    3.00    0.00    0.00    1.00    3.00     1  brave
02:51:18     1000      6120   21.00    3.00    0.00   11.00   24.00     1  brave
02:51:18        0     10294    0.00    1.00    0.00    0.00    1.00     0  kworker/u32:1-phy0
02:51:18     1000     13138    1.00    1.00    0.00    1.00    2.00     1  pidstat

# Time        UID       PID    %usr %system  %guest   %wait    %CPU   CPU  Command
02:51:19        0        15    0.00    1.00    0.00    0.00    1.00     0  rcu_preempt
02:51:19        0       968    1.00    1.00    0.00    0.00    2.00     1  Xorg
02:51:19     1000      3303    2.00    1.00    0.00    1.00    3.00     0  ibus-daemon
02:51:19     1000      3417    0.00    1.00    0.00    0.00    1.00     0  csd-keyboard
02:51:19     1000      3436    1.00    0.00    0.00    0.00    1.00     0  ibus-engine-sim
02:51:19     1000      3596    2.00    0.00    0.00    2.00    2.00     0  cinnamon
02:51:19     1000      5902   19.00    9.00    0.00    4.00   28.00     1  brave
02:51:19     1000      5942    4.00    2.00    0.00    2.00    6.00     1  brave
02:51:19     1000      5943    7.00    5.00    0.00    0.00   12.00     0  brave
02:51:19     1000      6021    2.00    2.00    0.00    0.00    4.00     1  brave
02:51:19     1000      6097    2.00    2.00    0.00    2.00    4.00     1  brave
02:51:19     1000      6120   25.00    4.00    0.00   12.00   29.00     0  brave
02:51:19     1000      6987    1.00    0.00    0.00    0.00    1.00     1  brave
02:51:19     1000     13012    1.00    0.00    0.00    0.00    1.00     1  brave
02:51:19     1000     13138    0.00    1.00    0.00    0.00    1.00     1  pidstat

# Time        UID       PID    %usr %system  %guest   %wait    %CPU   CPU  Command
02:51:20        0       703    0.00    1.00    0.00    0.00    1.00     1  irq/63-rtw88_pci
02:51:20        0       968    1.00    1.00    0.00    0.00    2.00     1  Xorg
02:51:20     1000      3303    2.00    0.00    0.00    1.00    2.00     1  ibus-daemon
02:51:20     1000      3436    1.00    0.00    0.00    0.00    1.00     0  ibus-engine-sim
02:51:20     1000      3596    3.00    0.00    0.00    2.00    3.00     1  cinnamon
02:51:20     1000      5902   20.00    6.00    0.00    4.00   26.00     1  brave
02:51:20     1000      5942    4.00    1.00    0.00    1.00    5.00     1  brave
02:51:20     1000      5943    6.00    4.00    0.00    0.00   10.00     0  brave
02:51:20     1000      6021    3.00    0.00    0.00    0.00    3.00     1  brave
02:51:20     1000      6097    3.00    1.00    0.00    1.00    4.00     1  brave
02:51:20     1000      6120   24.00    2.00    0.00   15.00   26.00     0  brave
02:51:20     1000      6319    1.00    0.00    0.00    1.00    1.00     1  brave
02:51:20     1000      6418    0.00    1.00    0.00    0.00    1.00     1  brave
02:51:20     1000      6626    2.00    1.00    0.00    3.00    3.00     0  brave
02:51:20     1000      6831    1.00    1.00    0.00    5.00    2.00     0  brave
02:51:20     1000      7002    1.00    0.00    0.00    0.00    1.00     1  brave
02:51:20     1000     13012    1.00    0.00    0.00    0.00    1.00     1  brave
02:51:20     1000     13138    1.00    0.00    0.00    0.00    1.00     1  pidstat

# Time        UID       PID    %usr %system  %guest   %wait    %CPU   CPU  Command
02:51:21        0       849    1.00    1.00    0.00    0.00    2.00     1  preload
02:51:21        0      2892    1.00    0.00    0.00    0.00    1.00     0  dockerd
02:51:21     1000      3303    1.00    0.00    0.00    0.00    1.00     1  ibus-daemon
02:51:21     1000      3417    1.00    0.00    0.00    0.00    1.00     0  csd-keyboard
02:51:21     1000      3596    1.00    0.00    0.00    2.00    1.00     1  cinnamon
02:51:21     1000      3693    1.00    0.00    0.00    0.00    1.00     0  polkit-gnome-au
02:51:21     1000      4636    1.00    0.00    0.00    1.00    1.00     0  jetbrains-toolb
02:51:21     1000      5902    7.00    3.00    0.00    2.00   10.00     0  brave
02:51:21     1000      5942    2.00    2.00    0.00    0.00    4.00     0  brave
02:51:21     1000      5943    3.00    1.00    0.00    0.00    4.00     0  brave
02:51:21     1000      6021    2.00    0.00    0.00    0.00    2.00     1  brave
02:51:21     1000      6097    4.00    1.00    0.00    1.00    5.00     1  brave
02:51:21     1000      6120   14.00    3.00    0.00    5.00   17.00     0  brave
02:51:21     1000     13138    0.00    1.00    0.00    0.00    1.00     1  pidstat

# Time        UID       PID    %usr %system  %guest   %wait    %CPU   CPU  Command
02:51:22      120       916    0.00    1.00    0.00    0.00    1.00     0  redis-server
02:51:22        0       968    1.00    0.00    0.00    0.00    1.00     0  Xorg
02:51:22     1000      3303    1.00    0.00    0.00    0.00    1.00     0  ibus-daemon
02:51:22     1000      3436    1.00    0.00    0.00    0.00    1.00     0  ibus-engine-sim
02:51:22     1000      3596    0.00    1.00    0.00    1.00    1.00     1  cinnamon
02:51:22     1000      3947    0.00    1.00    0.00    0.00    1.00     0  blueman-tray
02:51:22     1000      5902    4.00    1.00    0.00    1.00    5.00     1  brave
02:51:22     1000      5942    3.00    1.00    0.00    0.00    4.00     1  brave
02:51:22     1000      5943    1.00    1.00    0.00    0.00    2.00     0  brave
02:51:22     1000      6097    3.00    2.00    0.00    3.00    5.00     1  brave
02:51:22     1000      6120   12.00    3.00    0.00    4.00   15.00     0  brave
02:51:22        0     12399    0.00    1.00    0.00    0.00    1.00     1  kworker/u32:0-events_unbound
02:51:22     1000     13138    1.00    2.00    0.00    1.00    3.00     1  pidstat

# Time        UID       PID    %usr %system  %guest   %wait    %CPU   CPU  Command
02:51:23        0       703    0.00    1.00    0.00    0.00    1.00     1  irq/63-rtw88_pci
02:51:23        0       968    0.00    1.00    0.00    0.00    1.00     0  Xorg
02:51:23     1000      3596    2.00    0.00    0.00    0.00    2.00     1  cinnamon
02:51:23     1000      5902    5.00    2.00    0.00    0.00    7.00     0  brave
02:51:23     1000      5942    5.00    2.00    0.00    1.00    7.00     0  brave
02:51:23     1000      5943    1.00    1.00    0.00    0.00    2.00     0  brave
02:51:23     1000      6021    1.00    1.00    0.00    0.00    2.00     1  brave
02:51:23     1000      6097    2.00    3.00    0.00    1.00    5.00     0  brave
02:51:23     1000      6120   11.00    1.00    0.00    3.00   12.00     1  brave
02:51:23     1000     13138    0.00    3.00    0.00    0.00    3.00     0  pidstat

# Time        UID       PID    %usr %system  %guest   %wait    %CPU   CPU  Command
02:51:24        0       968    0.00    1.00    0.00    0.00    1.00     0  Xorg
02:51:24     1000      3596    3.00    1.00    0.00    0.00    4.00     1  cinnamon
02:51:24     1000      4636    1.00    0.00    0.00    0.00    1.00     0  jetbrains-toolb
02:51:24     1000      5942    3.00    4.00    0.00    1.00    7.00     1  brave
02:51:24     1000      6097    5.00    1.00    0.00    1.00    6.00     0  brave
02:51:24     1000      6120    7.00    2.00    0.00    1.00    9.00     0  brave
02:51:24     1000      6626    1.00    0.00    0.00    0.00    1.00     0  brave
02:51:24     1000     13138    1.00    3.00    0.00    0.00    4.00     1  pidstat

# Time        UID       PID    %usr %system  %guest   %wait    %CPU   CPU  Command
02:51:25        0       165    0.00    1.00    0.00    0.00    1.00     0  gfx
02:51:25        0       703    0.00    1.00    0.00    0.00    1.00     1  irq/63-rtw88_pci
02:51:25        0       934    1.00    0.00    0.00    0.00    1.00     0  containerd
02:51:25        0       968    1.00    1.00    0.00    0.00    2.00     0  Xorg
02:51:25     1000      3596    4.00    0.00    0.00    1.00    4.00     1  cinnamon
02:51:25     1000      4636    0.00    1.00    0.00    0.00    1.00     0  jetbrains-toolb
02:51:25     1000      5902    1.00    1.00    0.00    1.00    2.00     0  brave
02:51:25     1000      5942    5.00    3.00    0.00    1.00    8.00     0  brave
02:51:25     1000      6097    5.00    0.00    0.00    3.00    5.00     0  brave
02:51:25     1000      6120    9.00    1.00    0.00    2.00   10.00     0  brave
02:51:25     1000     13138    0.00    3.00    0.00    0.00    3.00     1  pidstat

# Time        UID       PID    %usr %system  %guest   %wait    %CPU   CPU  Command
02:51:26        0       968    0.00    1.00    0.00    0.00    1.00     0  Xorg
02:51:26     1000      3596    2.00    1.00    0.00    0.00    3.00     1  cinnamon
02:51:26     1000      5902    1.00    0.00    0.00    0.00    1.00     0  brave
02:51:26     1000      5942    4.00    3.00    0.00    1.00    7.00     1  brave
02:51:26     1000      6097    3.00    2.00    0.00    1.00    5.00     0  brave
02:51:26     1000      6120    7.00    2.00    0.00    1.00    9.00     0  brave
02:51:26        0     12399    0.00    1.00    0.00    0.00    1.00     0  kworker/u32:0-phy0
02:51:26     1000     13138    1.00    3.00    0.00    0.00    4.00     1  pidstat

# Time        UID       PID    %usr %system  %guest   %wait    %CPU   CPU  Command
02:51:27        0       968    1.00    1.00    0.00    0.00    2.00     0  Xorg
02:51:27     1000      3303    0.00    1.00    0.00    0.00    1.00     0  ibus-daemon
02:51:27     1000      3410    1.00    0.00    0.00    1.00    1.00     0  csd-xsettings
02:51:27     1000      3580    1.00    0.00    0.00    0.00    1.00     1  cinnamon-launch
02:51:27     1000      3596    4.00    1.00    0.00    2.00    5.00     1  cinnamon
02:51:27     1000      4636    1.00    0.00    0.00    0.00    1.00     0  jetbrains-toolb
02:51:27     1000      5902    2.00    0.00    0.00    0.00    2.00     0  brave
02:51:27     1000      5942    5.00    3.00    0.00    2.00    8.00     0  brave
02:51:27     1000      5943    1.00    0.00    0.00    0.00    1.00     0  brave
02:51:27     1000      6097    4.00    2.00    0.00    1.00    6.00     1  brave
02:51:27     1000      6120   12.00    0.00    0.00    3.00   12.00     0  brave
02:51:27     1000     13138    0.00    1.00    0.00    1.00    1.00     1  pidstat

# Time        UID       PID    %usr %system  %guest   %wait    %CPU   CPU  Command
02:51:28        0       703    0.00    2.00    0.00    0.00    2.00     1  irq/63-rtw88_pci
02:51:28      120       916    0.00    1.00    0.00    0.00    1.00     1  redis-server
02:51:28        0       968    1.00    0.00    0.00    0.00    1.00     1  Xorg
02:51:28     1000      3303    1.00    1.00    0.00    1.00    2.00     0  ibus-daemon
02:51:28     1000      3436    1.00    0.00    0.00    0.00    1.00     1  ibus-engine-sim
02:51:28     1000      3596    2.00    0.00    0.00    1.00    2.00     0  cinnamon
02:51:28     1000      5902   11.00    4.00    0.00    2.00   15.00     1  brave
02:51:28     1000      5942    4.00    1.00    0.00    2.00    5.00     1  brave
02:51:28     1000      5943    5.00    1.00    0.00    0.00    6.00     0  brave
02:51:28     1000      6021    1.00    0.00    0.00    0.00    1.00     1  brave
02:51:28     1000      6097    3.00    1.00    0.00    1.00    4.00     0  brave
02:51:28     1000      6120   25.00    2.00    0.00    6.00   27.00     0  brave
02:51:28        0     12895    0.00    1.00    0.00    0.00    1.00     1  kworker/u33:2-rtw_tx_wq
02:51:28     1000     13138    0.00    1.00    0.00    0.00    1.00     1  pidstat

# Time        UID       PID    %usr %system  %guest   %wait    %CPU   CPU  Command
02:51:29        0        15    0.00    1.00    0.00    0.00    1.00     0  rcu_preempt
02:51:29        0       703    0.00    1.00    0.00    0.00    1.00     1  irq/63-rtw88_pci
02:51:29        0       968    1.00    0.00    0.00    0.00    1.00     1  Xorg
02:51:29     1000      3303    2.00    0.00    0.00    1.00    2.00     0  ibus-daemon
02:51:29     1000      3436    0.00    1.00    0.00    0.00    1.00     0  ibus-engine-sim
02:51:29     1000      3596    2.00    0.00    0.00    2.00    2.00     0  cinnamon
02:51:29     1000      3947    1.00    0.00    0.00    0.00    1.00     0  blueman-tray
02:51:29     1000      4636    0.00    1.00    0.00    0.00    1.00     0  jetbrains-toolb
02:51:29     1000      5902   14.00    3.00    0.00    4.00   17.00     0  brave
02:51:29     1000      5942    3.00    2.00    0.00    1.00    5.00     1  brave
02:51:29     1000      5943    4.00    4.00    0.00    0.00    8.00     0  brave
02:51:29     1000      6021    4.00    0.00    0.00    0.00    4.00     1  brave
02:51:29     1000      6097    4.00    1.00    0.00    1.00    5.00     0  brave
02:51:29     1000      6120   25.00    2.00    0.00    9.00   27.00     0  brave
02:51:29     1000      6418    1.00    0.00    0.00    0.00    1.00     1  brave
02:51:29     1000     13012    1.00    0.00    0.00    0.00    1.00     1  brave
02:51:29     1000     13138    0.00    1.00    0.00    0.00    1.00     1  pidstat

# Time        UID       PID    %usr %system  %guest   %wait    %CPU   CPU  Command
02:51:30        0       968    1.00    1.00    0.00    0.00    2.00     1  Xorg
02:51:30     1000      3303    2.00    1.00    0.00    1.00    3.00     1  ibus-daemon
02:51:30     1000      3596    2.00    1.00    0.00    3.00    3.00     1  cinnamon
02:51:30     1000      5902   14.00    3.00    0.00    4.00   17.00     0  brave
02:51:30     1000      5942    4.00    3.00    0.00    2.00    7.00     1  brave
02:51:30     1000      5943    5.00    1.00    0.00    0.00    6.00     0  brave
02:51:30     1000      6021    1.00    0.00    0.00    0.00    1.00     1  brave
02:51:30     1000      6097    3.00    1.00    0.00    1.00    4.00     1  brave
02:51:30     1000      6120   21.00    3.00    0.00    8.00   24.00     1  brave
02:51:30     1000      6150    1.00    0.00    0.00    0.00    1.00     0  alacritty
02:51:30        0     12078    0.00    1.00    0.00    0.00    1.00     1  kworker/1:0-events
02:51:30     1000     13138    1.00    1.00    0.00    0.00    2.00     0  pidstat

# Time        UID       PID    %usr %system  %guest   %wait    %CPU   CPU  Command
02:51:31        0       703    0.00    1.00    0.00    0.00    1.00     1  irq/63-rtw88_pci
02:51:31        0       968    1.00    0.00    0.00    0.00    1.00     1  Xorg
02:51:31     1000      3303    1.00    0.00    0.00    0.00    1.00     0  ibus-daemon
02:51:31     1000      3436    1.00    0.00    0.00    0.00    1.00     1  ibus-engine-sim
02:51:31     1000      3596    2.00    0.00    0.00    0.00    2.00     1  cinnamon
02:51:31     1000      5902   11.00    3.00    0.00    1.00   14.00     0  brave
02:51:31     1000      5942    2.00    1.00    0.00    0.00    3.00     1  brave
02:51:31     1000      5943    4.00    2.00    0.00    0.00    6.00     0  brave
02:51:31     1000      6021    2.00    0.00    0.00    0.00    2.00     1  brave
02:51:31     1000      6097    2.00    1.00    0.00    0.00    3.00     1  brave
02:51:31     1000      6120   41.00    4.00    0.00   19.00   45.00     0  brave
02:51:31     1000     13138    0.00    1.00    0.00    1.00    1.00     0  pidstat

# Time        UID       PID    %usr %system  %guest   %wait    %CPU   CPU  Command
02:51:32        0       968    1.00    0.00    0.00    0.00    1.00     1  Xorg
02:51:32     1000      3596    1.00    0.00    0.00    2.00    1.00     1  cinnamon
02:51:32     1000      5902   10.00    3.00    0.00    3.00   13.00     0  brave
02:51:32     1000      5942    3.00    1.00    0.00    1.00    4.00     1  brave
02:51:32     1000      5943    5.00    1.00    0.00    0.00    6.00     0  brave
02:51:32     1000      6021    1.00    1.00    0.00    0.00    2.00     1  brave
02:51:32     1000      6097    4.00    0.00    0.00    1.00    4.00     1  brave
02:51:32     1000      6120   38.00    3.00    0.00   11.00   41.00     1  brave
02:51:32        0     10294    0.00    1.00    0.00    0.00    1.00     0  kworker/u32:1+events_unbound

# Time        UID       PID    %usr %system  %guest   %wait    %CPU   CPU  Command
02:51:33        0       165    0.00    1.00    0.00    0.00    1.00     0  gfx
02:51:33        0       703    0.00    1.00    0.00    0.00    1.00     1  irq/63-rtw88_pci
02:51:33      120       916    1.00    0.00    0.00    0.00    1.00     0  redis-server
02:51:33        0       968    0.00    2.00    0.00    0.00    2.00     0  Xorg
02:51:33     1000      3303    2.00    0.00    0.00    2.00    2.00     1  ibus-daemon
02:51:33     1000      3436    1.00    0.00    0.00    0.00    1.00     0  ibus-engine-sim
02:51:33     1000      3596    2.00    0.00    0.00    2.00    2.00     1  cinnamon
02:51:33     1000      5902   17.00    5.00    0.00    2.00   22.00     0  brave
02:51:33     1000      5942    3.00    2.00    0.00    2.00    5.00     0  brave
02:51:33     1000      5943    7.00    2.00    0.00    0.00    9.00     0  brave
02:51:33     1000      6021    2.00    0.00    0.00    0.00    2.00     1  brave
02:51:33     1000      6097    2.00    1.00    0.00    1.00    3.00     0  brave
02:51:33     1000      6109    0.00    1.00    0.00    0.00    1.00     0  brave
02:51:33     1000      6120   27.00    3.00    0.00    9.00   30.00     1  brave
02:51:33     1000     13012    1.00    1.00    0.00    0.00    2.00     1  brave
02:51:33     1000     13138    0.00    2.00    0.00    0.00    2.00     1  pidstat

# Time        UID       PID    %usr %system  %guest   %wait    %CPU   CPU  Command
02:51:34        0       934    0.00    1.00    0.00    0.00    1.00     0  containerd
02:51:34        0       968    1.00    0.00    0.00    0.00    1.00     1  Xorg
02:51:34     1000      3303    1.00    1.00    0.00    1.00    2.00     1  ibus-daemon
02:51:34     1000      3313    1.00    0.00    0.00    0.00    1.00     0  ibus-ui-gtk3
02:51:34     1000      3436    0.00    1.00    0.00    0.00    1.00     0  ibus-engine-sim
02:51:34     1000      3596    2.00    0.00    0.00    2.00    2.00     1  cinnamon
02:51:34     1000      5902   15.00    5.00    0.00    2.00   20.00     0  brave
02:51:34     1000      5942    3.00    1.00    0.00    0.00    4.00     0  brave
02:51:34     1000      5943    4.00    3.00    0.00    0.00    7.00     0  brave
02:51:34     1000      6021    2.00    1.00    0.00    0.00    3.00     1  brave
02:51:34     1000      6097    3.00    1.00    0.00    1.00    4.00     0  brave
02:51:34     1000      6120   18.00    4.00    0.00    8.00   22.00     0  brave
02:51:34        0     12399    0.00    1.00    0.00    0.00    1.00     0  kworker/u32:0-phy0
02:51:34     1000     13138    0.00    1.00    0.00    1.00    1.00     1  pidstat
02:51:34     1000     13141    0.00    1.00    0.00    0.00    1.00     1  starving

# Time        UID       PID    %usr %system  %guest   %wait    %CPU   CPU  Command
02:51:35        0       968    1.00    0.00    0.00    0.00    1.00     1  Xorg
02:51:35     1000      3303    1.00    1.00    0.00    1.00    2.00     1  ibus-daemon
02:51:35     1000      3596    1.00    1.00    0.00    1.00    2.00     1  cinnamon
02:51:35     1000      4636    1.00    0.00    0.00    0.00    1.00     0  jetbrains-toolb
02:51:35     1000      5902   16.00    2.00    0.00    4.00   18.00     1  brave
02:51:35     1000      5942    4.00    1.00    0.00    1.00    5.00     0  brave
02:51:35     1000      5943    6.00    1.00    0.00    0.00    7.00     0  brave
02:51:35     1000      6021    2.00    1.00    0.00    0.00    3.00     1  brave
02:51:35     1000      6097    3.00    1.00    0.00    0.00    4.00     1  brave
02:51:35     1000      6120   15.00    3.00    0.00    6.00   18.00     0  brave
02:51:35     1000     13012    1.00    0.00    0.00    0.00    1.00     1  brave
02:51:35     1000     13138    1.00    1.00    0.00    0.00    2.00     1  pidstat
