Linux 6.1.0-34-amd64 (debian) 	06/04/25 	_x86_64_	(2 CPU)

# Time        UID       PID    %usr %system  %guest   %wait    %CPU   CPU  Command
02:41:19        0       968    0.98    0.00    0.00    0.00    0.98     0  Xorg
02:41:19     1000      3303    0.98    0.00    0.00    0.98    0.98     1  ibus-daemon
02:41:19     1000      3436    0.98    0.00    0.00    0.00    0.98     0  ibus-engine-sim
02:41:19     1000      3596    0.98    0.98    0.00    0.98    1.96     1  cinnamon
02:41:19     1000      5902    2.94    1.96    0.00    0.00    4.90     1  brave
02:41:19     1000      5942    3.92    1.96    0.00    1.96    5.88     0  brave
02:41:19     1000      5943    0.98    0.00    0.00    0.00    0.98     1  brave
02:41:19     1000      6120   49.02    5.88    0.00   20.59   54.90     0  brave
02:41:19     1000      6344    4.90    0.98    0.00    0.98    5.88     1  brave
02:41:19     1000     12203    0.98    0.98    0.00    5.88    1.96     1  pidstat
02:41:19     1000     12206    0.98   12.75    0.00    0.00   13.73     1  spin-lock

# Time        UID       PID    %usr %system  %guest   %wait    %CPU   CPU  Command
02:41:20        0       703    0.00    1.00    0.00    0.00    1.00     1  irq/63-rtw88_pci
02:41:20     1000      3313    1.00    0.00    0.00    0.00    1.00     1  ibus-ui-gtk3
02:41:20     1000      3596    1.00    0.00    0.00    0.00    1.00     0  cinnamon
02:41:20     1000      5902    7.00    1.00    0.00    4.00    8.00     0  brave
02:41:20     1000      5942    3.00    1.00    0.00    0.00    4.00     1  brave
02:41:20     1000      5943    2.00    1.00    0.00    0.00    3.00     1  brave
02:41:20     1000      6021    1.00    0.00    0.00    0.00    1.00     0  brave
02:41:20     1000      6097    1.00    1.00    0.00    5.00    2.00     0  brave
02:41:20     1000      6120   33.00    2.00    0.00   14.00   35.00     0  brave
02:41:20     1000      6344    3.00    1.00    0.00    1.00    4.00     0  brave
02:41:20     1000      6626    3.00    1.00    0.00    2.00    4.00     0  brave
02:41:20        0      9838    0.00    1.00    0.00    0.00    1.00     0  kworker/0:1-events
02:41:20     1000     12203    1.00    1.00    0.00    1.00    2.00     1  pidstat
02:41:20     1000     12206    4.00    5.00    0.00    0.00    9.00     1  spin-lock

# Time        UID       PID    %usr %system  %guest   %wait    %CPU   CPU  Command
02:41:21        0       849    1.00    0.00    0.00    0.00    1.00     0  preload
02:41:21        0       968    0.00    1.00    0.00    0.00    1.00     1  Xorg
02:41:21     1000      3303    1.00    0.00    0.00    0.00    1.00     1  ibus-daemon
02:41:21     1000      3596    2.00    1.00    0.00    2.00    3.00     1  cinnamon
02:41:21     1000      4636    1.00    0.00    0.00    0.00    1.00     1  jetbrains-toolb
02:41:21     1000      5902    6.00    1.00    0.00    2.00    7.00     1  brave
02:41:21     1000      5942    3.00    0.00    0.00    2.00    3.00     1  brave
02:41:21     1000      5943    1.00    1.00    0.00    0.00    2.00     1  brave
02:41:21     1000      6120   12.00    2.00    0.00    4.00   14.00     1  brave
02:41:21     1000      6344    2.00    2.00    0.00    0.00    4.00     1  brave
02:41:21     1000     11670    0.00    1.00    0.00    0.00    1.00     1  brave
02:41:21     1000     12203    0.00    2.00    0.00    0.00    2.00     0  pidstat
02:41:21     1000     12206    1.00    6.00    0.00    0.00    7.00     1  spin-lock

# Time        UID       PID    %usr %system  %guest   %wait    %CPU   CPU  Command
02:41:22        0       703    0.00    1.00    0.00    0.00    1.00     1  irq/63-rtw88_pci
02:41:22        0       968    1.00    1.00    0.00    0.00    2.00     1  Xorg
02:41:22     1000      3303    1.00    1.00    0.00    1.00    2.00     0  ibus-daemon
02:41:22     1000      3596    2.00    1.00    0.00    2.00    3.00     1  cinnamon
02:41:22     1000      5902   15.00    5.00    0.00    4.00   20.00     1  brave
02:41:22     1000      5942    6.00    2.00    0.00    4.00    8.00     1  brave
02:41:22     1000      5943    4.00    3.00    0.00    0.00    7.00     1  brave
02:41:22     1000      6021    2.00    1.00    0.00    0.00    3.00     0  brave
02:41:22     1000      6120   25.00    5.00    0.00   12.00   30.00     1  brave
02:41:22     1000      6150    0.00    1.00    0.00    0.00    1.00     0  alacritty
02:41:22     1000      6344    2.00    1.00    0.00    1.00    3.00     1  brave
02:41:22     1000      6418    0.00    1.00    0.00    0.00    1.00     0  brave
02:41:22     1000     12203    0.00    2.00    0.00    0.00    2.00     0  pidstat
02:41:22     1000     12206    1.00    7.00    0.00    0.00    8.00     1  spin-lock

# Time        UID       PID    %usr %system  %guest   %wait    %CPU   CPU  Command
02:41:23        0        15    0.00    1.00    0.00    0.00    1.00     1  rcu_preempt
02:41:23        0       703    0.00    1.00    0.00    0.00    1.00     1  irq/63-rtw88_pci
02:41:23        0       968    1.00    0.00    0.00    0.00    1.00     0  Xorg
02:41:23     1000      3303    1.00    0.00    0.00    1.00    1.00     0  ibus-daemon
02:41:23     1000      3436    1.00    0.00    0.00    0.00    1.00     0  ibus-engine-sim
02:41:23     1000      3596    2.00    1.00    0.00    5.00    3.00     0  cinnamon
02:41:23     1000      5902   13.00    6.00    0.00    4.00   19.00     0  brave
02:41:23     1000      5942    5.00    1.00    0.00    1.00    6.00     0  brave
02:41:23     1000      5943    6.00    2.00    0.00    0.00    8.00     1  brave
02:41:23     1000      6021    4.00    1.00    0.00    0.00    5.00     0  brave
02:41:23     1000      6120   21.00    5.00    0.00   13.00   26.00     0  brave
02:41:23     1000      6344    4.00    1.00    0.00    2.00    5.00     0  brave
02:41:23     1000     11670    0.00    1.00    0.00    0.00    1.00     1  brave
02:41:23     1000     12203    1.00    1.00    0.00    1.00    2.00     1  pidstat
02:41:23     1000     12206    1.00    9.00    0.00    0.00   10.00     1  spin-lock

# Time        UID       PID    %usr %system  %guest   %wait    %CPU   CPU  Command
02:41:24        0       165    0.00    1.00    0.00    0.00    1.00     0  gfx
02:41:24      120       916    0.00    1.00    0.00    0.00    1.00     0  redis-server
02:41:24        0       968    1.00    1.00    0.00    0.00    2.00     0  Xorg
02:41:24     1000      3303    0.00    1.00    0.00    0.00    1.00     1  ibus-daemon
02:41:24     1000      3596    1.00    1.00    0.00    1.00    2.00     1  cinnamon
02:41:24     1000      5902   11.00    3.00    0.00    3.00   14.00     0  brave
02:41:24     1000      5942    4.00    1.00    0.00    1.00    5.00     0  brave
02:41:24     1000      5943    4.00    1.00    0.00    0.00    5.00     1  brave
02:41:24     1000      6021    2.00    0.00    0.00    0.00    2.00     0  brave
02:41:24     1000      6120   18.00    3.00    0.00    5.00   21.00     0  brave
02:41:24     1000      6344    4.00    0.00    0.00    0.00    4.00     0  brave
02:41:24     1000     11670    1.00    0.00    0.00    0.00    1.00     1  brave
02:41:24        0     11701    0.00    1.00    0.00    0.00    1.00     0  kworker/u32:7-phy0
02:41:24     1000     12203    0.00    2.00    0.00    0.00    2.00     1  pidstat
02:41:24     1000     12206    0.00    6.00    0.00    0.00    6.00     1  spin-lock

# Time        UID       PID    %usr %system  %guest   %wait    %CPU   CPU  Command
02:41:25        0       703    0.00    1.00    0.00    0.00    1.00     1  irq/63-rtw88_pci
02:41:25        0       968    1.00    0.00    0.00    0.00    1.00     0  Xorg
02:41:25     1000      3303    1.00    1.00    0.00    0.00    2.00     0  ibus-daemon
02:41:25     1000      3436    1.00    1.00    0.00    0.00    2.00     0  ibus-engine-sim
02:41:25     1000      3596    2.00    1.00    0.00    3.00    3.00     1  cinnamon
02:41:25     1000      3947    0.00    1.00    0.00    0.00    1.00     1  blueman-tray
02:41:25     1000      5902   15.00    8.00    0.00    4.00   23.00     1  brave
02:41:25     1000      5942    6.00    2.00    0.00    3.00    8.00     0  brave
02:41:25     1000      5943    6.00    3.00    0.00    1.00    9.00     1  brave
02:41:25     1000      6021    3.00    1.00    0.00    0.00    4.00     0  brave
02:41:25     1000      6120   29.00    4.00    0.00   14.00   33.00     0  brave
02:41:25     1000      6344    3.00    0.00    0.00    1.00    3.00     0  brave
02:41:25     1000     12203    0.00    1.00    0.00    0.00    1.00     1  pidstat
02:41:25     1000     12206    9.00    0.00    0.00    0.00    9.00     1  spin-lock

# Time        UID       PID    %usr %system  %guest   %wait    %CPU   CPU  Command
02:41:26     1000      4636    1.00    0.00    0.00    0.00    1.00     1  jetbrains-toolb
02:41:26     1000      5902    3.00    0.00    0.00    0.00    3.00     0  brave
02:41:26     1000      5942    3.00    1.00    0.00    0.00    4.00     1  brave
02:41:26     1000      5943    1.00    1.00    0.00    0.00    2.00     1  brave
02:41:26     1000      6120    8.00    4.00    0.00    3.00   12.00     0  brave
02:41:26     1000      6344    4.00    0.00    0.00    0.00    4.00     0  brave
02:41:26     1000     12203    2.00    2.00    0.00    0.00    4.00     1  pidstat
02:41:26     1000     12206    3.00    5.00    0.00    0.00    8.00     1  spin-lock

# Time        UID       PID    %usr %system  %guest   %wait    %CPU   CPU  Command
02:41:27        0       968    1.00    1.00    0.00    0.00    2.00     0  Xorg
02:41:27     1000      3596    3.00    0.00    0.00    0.00    3.00     1  cinnamon
02:41:27     1000      5902    1.00    1.00    0.00    0.00    2.00     1  brave
02:41:27     1000      5942    3.00    1.00    0.00    1.00    4.00     0  brave
02:41:27     1000      6120    5.00    1.00    0.00    1.00    6.00     1  brave
02:41:27     1000      6344    3.00    1.00    0.00    0.00    4.00     0  brave
02:41:27     1000     12203    0.00    1.00    0.00    0.00    1.00     0  pidstat
02:41:27     1000     12206    3.00    5.00    0.00    0.00    8.00     1  spin-lock

# Time        UID       PID    %usr %system  %guest   %wait    %CPU   CPU  Command
02:41:28        0       934    0.00    1.00    0.00    0.00    1.00     0  containerd
02:41:28        0       968    1.00    0.00    0.00    0.00    1.00     0  Xorg
02:41:28     1000      3596    3.00    1.00    0.00    0.00    4.00     1  cinnamon
02:41:28     1000      5942    5.00    2.00    0.00    2.00    7.00     1  brave
02:41:28     1000      6120    6.00    2.00    0.00    2.00    8.00     1  brave
02:41:28     1000      6344    3.00    2.00    0.00    0.00    5.00     1  brave
02:41:28        0     11698    0.00    1.00    0.00    0.00    1.00     1  kworker/u32:4-events_unbound
02:41:28     1000     12203    1.00    3.00    0.00    0.00    4.00     0  pidstat
02:41:28     1000     12206    1.00    7.00    0.00    0.00    8.00     1  spin-lock

# Time        UID       PID    %usr %system  %guest   %wait    %CPU   CPU  Command
02:41:29        0       703    0.00    1.00    0.00    0.00    1.00     1  irq/63-rtw88_pci
02:41:29      120       916    0.00    1.00    0.00    0.00    1.00     1  redis-server
02:41:29        0       968    0.00    1.00    0.00    0.00    1.00     0  Xorg
02:41:29     1000      3596    4.00    0.00    0.00    1.00    4.00     0  cinnamon
02:41:29     1000      5902    1.00    0.00    0.00    0.00    1.00     1  brave
02:41:29     1000      5942    4.00    2.00    0.00    1.00    6.00     0  brave
02:41:29     1000      6120    5.00    2.00    0.00    2.00    7.00     1  brave
02:41:29     1000      6344    4.00    0.00    0.00    1.00    4.00     0  brave
02:41:29     1000     12203    1.00    2.00    0.00    0.00    3.00     1  pidstat
02:41:29     1000     12206    1.00   10.00    0.00    0.00   11.00     1  spin-lock

# Time        UID       PID    %usr %system  %guest   %wait    %CPU   CPU  Command
02:41:30        0       968    2.00    0.00    0.00    0.00    2.00     0  Xorg
02:41:30     1000      3303    0.00    1.00    0.00    1.00    1.00     1  ibus-daemon
02:41:30     1000      3410    1.00    0.00    0.00    0.00    1.00     0  csd-xsettings
02:41:30     1000      3596    2.00    1.00    0.00    2.00    3.00     1  cinnamon
02:41:30     1000      4636    0.00    1.00    0.00    1.00    1.00     0  jetbrains-toolb
02:41:30     1000      5902    3.00    0.00    0.00    0.00    3.00     0  brave
02:41:30     1000      5942    3.00    3.00    0.00    1.00    6.00     1  brave
02:41:30     1000      6120    7.00    2.00    0.00    1.00    9.00     0  brave
02:41:30     1000      6344    3.00    1.00    0.00    0.00    4.00     1  brave
02:41:30     1000      6987    1.00    0.00    0.00    0.00    1.00     1  brave
02:41:30        0      9600    0.00    1.00    0.00    0.00    1.00     1  kworker/u33:1-rtw_tx_wq
02:41:30     1000     12203    0.00    2.00    0.00    0.00    2.00     1  pidstat
02:41:30     1000     12206    2.00    5.00    0.00    0.00    7.00     1  spin-lock

# Time        UID       PID    %usr %system  %guest   %wait    %CPU   CPU  Command
02:41:31        0       140    0.00    1.00    0.00    0.00    1.00     0  irq/30-ELAN0708:00
02:41:31        0       165    0.00    1.00    0.00    0.00    1.00     0  gfx
02:41:31        0       968    1.00    1.00    0.00    0.00    2.00     1  Xorg
02:41:31     1000      3596    4.00    0.00    0.00    2.00    4.00     1  cinnamon
02:41:31     1000      5902    4.00    2.00    0.00    1.00    6.00     1  brave
02:41:31     1000      5942    3.00    2.00    0.00    1.00    5.00     0  brave
02:41:31     1000      5943    1.00    1.00    0.00    0.00    2.00     1  brave
02:41:31     1000      6021    1.00    0.00    0.00    0.00    1.00     0  brave
02:41:31     1000      6120   12.00    2.00    0.00    5.00   14.00     1  brave
02:41:31     1000      6150    1.00    0.00    0.00    0.00    1.00     1  alacritty
02:41:31     1000      6319    1.00    0.00    0.00    0.00    1.00     0  brave
02:41:31     1000      6344    3.00    0.00    0.00    0.00    3.00     1  brave
02:41:31     1000      6626    1.00    0.00    0.00    0.00    1.00     0  brave
02:41:31     1000     12203    1.00    0.00    0.00    1.00    1.00     0  pidstat
02:41:31     1000     12206    1.00    7.00    0.00    0.00    8.00     1  spin-lock

# Time        UID       PID    %usr %system  %guest   %wait    %CPU   CPU  Command
02:41:32        0        14    0.00    1.00    0.00    0.00    1.00     0  ksoftirqd/0
02:41:32        0       968    2.00    1.00    0.00    0.00    3.00     0  Xorg
02:41:32     1000      3303    1.00    0.00    0.00    1.00    1.00     0  ibus-daemon
02:41:32     1000      3596    1.00    1.00    0.00    2.00    2.00     0  cinnamon
02:41:32     1000      5902    3.00    1.00    0.00    1.00    4.00     0  brave
02:41:32     1000      5942    4.00    1.00    0.00    0.00    5.00     0  brave
02:41:32     1000      6027    0.00    1.00    0.00    0.00    1.00     0  brave
02:41:32     1000      6120   17.00    2.00    0.00    3.00   19.00     0  brave
02:41:32     1000      6344    3.00    1.00    0.00    0.00    4.00     1  brave
02:41:32     1000     12203    0.00    1.00    0.00    0.00    1.00     1  pidstat
02:41:32     1000     12206    3.00    3.00    0.00    0.00    6.00     1  spin-lock

# Time        UID       PID    %usr %system  %guest   %wait    %CPU   CPU  Command
02:41:33        0       140    0.00    1.00    0.00    0.00    1.00     0  irq/30-ELAN0708:00
02:41:33        0       703    0.00    1.00    0.00    0.00    1.00     1  irq/63-rtw88_pci
02:41:33        0       968    3.00    2.00    0.00    0.00    5.00     1  Xorg
02:41:33     1000      3303    5.00    0.00    0.00    7.00    5.00     0  ibus-daemon
02:41:33     1000      3313    2.00    0.00    0.00    1.00    2.00     0  ibus-ui-gtk3
02:41:33     1000      3314    2.00    0.00    0.00    1.00    2.00     0  ibus-extension-
02:41:33     1000      3596    4.00    1.00    0.00    5.00    5.00     0  cinnamon
02:41:33     1000      4636    0.00    1.00    0.00    0.00    1.00     0  jetbrains-toolb
02:41:33     1000      5902    7.00    3.00    0.00    2.00   10.00     1  brave
02:41:33     1000      5942    6.00    2.00    0.00    5.00    8.00     0  brave
02:41:33     1000      5943    1.00    1.00    0.00    0.00    2.00     1  brave
02:41:33     1000      6120   28.00    4.00    0.00   12.00   32.00     0  brave
02:41:33     1000      6150    1.00    0.00    0.00    1.00    1.00     1  alacritty
02:41:33     1000      6344    4.00    0.00    0.00    1.00    4.00     1  brave
02:41:33     1000      7002    1.00    0.00    0.00    0.00    1.00     1  brave
02:41:33     1000     11670    1.00    0.00    0.00    0.00    1.00     1  brave
02:41:33     1000     12203    1.00    1.00    0.00    0.00    2.00     1  pidstat
02:41:33     1000     12206    0.00    7.00    0.00    0.00    7.00     1  spin-lock

# Time        UID       PID    %usr %system  %guest   %wait    %CPU   CPU  Command
02:41:34        0       140    0.00    1.00    0.00    0.00    1.00     0  irq/30-ELAN0708:00
02:41:34        0       934    1.00    0.00    0.00    0.00    1.00     0  containerd
02:41:34        0       968    2.00    2.00    0.00    1.00    4.00     1  Xorg
02:41:34     1000      3303    5.00    1.00    0.00    8.00    6.00     0  ibus-daemon
02:41:34     1000      3313    3.00    1.00    0.00    0.00    4.00     0  ibus-ui-gtk3
02:41:34     1000      3314    1.00    1.00    0.00    0.00    2.00     0  ibus-extension-
02:41:34     1000      3436    1.00    0.00    0.00    0.00    1.00     0  ibus-engine-sim
02:41:34     1000      3596    3.00    1.00    0.00    3.00    4.00     1  cinnamon
02:41:34     1000      4636    1.00    0.00    0.00    0.00    1.00     0  jetbrains-toolb
02:41:34     1000      5902    7.00    2.00    0.00    1.00    9.00     0  brave
02:41:34     1000      5942    5.00    2.00    0.00    3.00    7.00     0  brave
02:41:34     1000      6021    1.00    0.00    0.00    0.00    1.00     0  brave
02:41:34     1000      6120   27.00    4.00    0.00   13.00   31.00     1  brave
02:41:34     1000      6344    2.00    2.00    0.00    0.00    4.00     0  brave
02:41:34        0      9838    0.00    1.00    0.00    0.00    1.00     0  kworker/0:1-events_freezable
02:41:34        0     10294    0.00    1.00    0.00    0.00    1.00     0  kworker/u32:1-events_unbound
02:41:34     1000     12203    0.00    1.00    0.00    0.00    1.00     0  pidstat
02:41:34     1000     12206    2.00    6.00    0.00    0.00    8.00     1  spin-lock

# Time        UID       PID    %usr %system  %guest   %wait    %CPU   CPU  Command
02:41:35        0       140    0.00    1.00    0.00    0.00    1.00     0  irq/30-ELAN0708:00
02:41:35      120       916    1.00    0.00    0.00    0.00    1.00     0  redis-server
02:41:35        0       968    4.00    2.00    0.00    0.00    6.00     0  Xorg
02:41:35     1000      3303    4.00    1.00    0.00    6.00    5.00     0  ibus-daemon
02:41:35     1000      3313    1.00    0.00    0.00    1.00    1.00     0  ibus-ui-gtk3
02:41:35     1000      3314    2.00    0.00    0.00    1.00    2.00     1  ibus-extension-
02:41:35     1000      3436    1.00    0.00    0.00    0.00    1.00     0  ibus-engine-sim
02:41:35     1000      3596    3.00    2.00    0.00    2.00    5.00     1  cinnamon
02:41:35     1000      5902    7.00    0.00    0.00    2.00    7.00     0  brave
02:41:35     1000      5942    4.00    2.00    0.00    2.00    6.00     0  brave
02:41:35     1000      5943    1.00    0.00    0.00    0.00    1.00     1  brave
02:41:35     1000      6120   85.00   11.00    0.00   41.00   96.00     1  brave
02:41:35     1000      6150    1.00    0.00    0.00    1.00    1.00     1  alacritty
02:41:35     1000      6344    3.00    1.00    0.00    1.00    4.00     1  brave
02:41:35     1000     12203    1.00    2.00    0.00    6.00    3.00     0  pidstat
02:41:35     1000     12206   14.00    0.00    0.00    0.00   14.00     1  spin-lock

# Time        UID       PID    %usr %system  %guest   %wait    %CPU   CPU  Command
02:41:36        0       140    0.00    1.00    0.00    0.00    1.00     0  irq/30-ELAN0708:00
02:41:36        0       165    0.00    1.00    0.00    0.00    1.00     1  gfx
02:41:36        0       968    3.00    1.00    0.00    0.00    4.00     0  Xorg
02:41:36     1000      3303    5.00    0.00    0.00    7.00    5.00     1  ibus-daemon
02:41:36     1000      3313    2.00    1.00    0.00    1.00    3.00     0  ibus-ui-gtk3
02:41:36     1000      3314    2.00    0.00    0.00    1.00    2.00     1  ibus-extension-
02:41:36     1000      3596    4.00    1.00    0.00    6.00    5.00     1  cinnamon
02:41:36     1000      5902    7.00    9.00    0.00    2.00   16.00     1  brave
02:41:36     1000      5942    8.00    1.00    0.00    9.00    9.00     0  brave
02:41:36     1000      6120   31.00    6.00    0.00   19.00   37.00     1  brave
02:41:36     1000      6344    3.00    0.00    0.00    1.00    3.00     0  brave
02:41:36        0     12078    0.00    1.00    0.00    0.00    1.00     1  kworker/1:0-events
02:41:36     1000     12203    0.00    2.00    0.00    3.00    2.00     0  pidstat
02:41:36     1000     12206    9.00    0.00    0.00    0.00    9.00     1  spin-lock

# Time        UID       PID    %usr %system  %guest   %wait    %CPU   CPU  Command
02:41:37        0        15    0.00    1.00    0.00    0.00    1.00     0  rcu_preempt
02:41:37        0       140    0.00    2.00    0.00    0.00    2.00     0  irq/30-ELAN0708:00
02:41:37        0       968    3.00    3.00    0.00    0.00    6.00     0  Xorg
02:41:37     1000      3303    3.00    1.00    0.00    2.00    4.00     1  ibus-daemon
02:41:37     1000      3313    1.00    0.00    0.00    1.00    1.00     0  ibus-ui-gtk3
02:41:37     1000      3314    1.00    0.00    0.00    0.00    1.00     1  ibus-extension-
02:41:37     1000      3596    4.00    1.00    0.00    8.00    5.00     0  cinnamon
02:41:37     1000      3947    1.00    0.00    0.00    0.00    1.00     0  blueman-tray
02:41:37     1000      5902    7.00   27.00    0.00    1.00   34.00     1  brave
02:41:37     1000      5942    4.00    2.00    0.00    2.00    6.00     0  brave
02:41:37     1000      5943    1.00    0.00    0.00    0.00    1.00     0  brave
02:41:37     1000      6120   29.00    7.00    0.00   19.00   36.00     1  brave
02:41:37     1000      6150    1.00    0.00    0.00    4.00    1.00     1  alacritty
02:41:37     1000      6344    4.00    1.00    0.00    0.00    5.00     0  brave
02:41:37     1000     12203    0.00    2.00    0.00    4.00    2.00     0  pidstat
02:41:37     1000     12206   10.00    0.00    0.00    0.00   10.00     1  spin-lock
