Linux 6.1.0-34-amd64 (debian) 	06/04/25 	_x86_64_	(2 CPU)

# Time        UID       PID    %usr %system  %guest   %wait    %CPU   CPU  Command
02:43:02        0        36    0.00    0.98    0.00    0.00    0.98     0  khugepaged
02:43:02        0       140    0.00    0.98    0.00    0.00    0.98     0  irq/30-ELAN0708:00
02:43:02        0       968    0.00    0.98    0.00    0.00    0.98     0  Xorg
02:43:02     1000      3596    1.96    0.00    0.00    0.98    1.96     1  cinnamon
02:43:02     1000      4636    0.98    0.00    0.00    0.00    0.98     0  jetbrains-toolb
02:43:02     1000      5902    1.96    0.98    0.00    0.00    2.94     1  brave
02:43:02     1000      5942    1.96    0.98    0.00    0.00    2.94     1  brave
02:43:02     1000      6120    6.86    2.94    0.00    1.96    9.80     0  brave
02:43:02     1000      6344    2.94    0.98    0.00    0.98    3.92     1  brave
02:43:02     1000      6626    2.94    0.00    0.00    0.98    2.94     0  brave
02:43:02     1000     12345    0.98    0.00    0.00    0.00    0.98     1  pidstat
02:43:02     1000     12348    0.98   13.73    0.00    0.00   14.71     1  spin-lock

# Time        UID       PID    %usr %system  %guest   %wait    %CPU   CPU  Command
02:43:03        0       703    0.00    1.00    0.00    0.00    1.00     1  irq/63-rtw88_pci
02:43:03        0       968    2.00    1.00    0.00    1.00    3.00     0  Xorg
02:43:03     1000      3303    2.00    0.00    0.00    1.00    2.00     0  ibus-daemon
02:43:03     1000      3596    4.00    1.00    0.00    4.00    5.00     1  cinnamon
02:43:03     1000      3947    1.00    0.00    0.00    0.00    1.00     0  blueman-tray
02:43:03     1000      5902    9.00    3.00    0.00    4.00   12.00     0  brave
02:43:03     1000      5942    6.00    2.00    0.00    3.00    8.00     0  brave
02:43:03     1000      5943    2.00    0.00    0.00    0.00    2.00     0  brave
02:43:03     1000      6120   32.00    8.00    0.00   12.00   40.00     0  brave
02:43:03     1000      6344    4.00    1.00    0.00    1.00    5.00     0  brave
02:43:03     1000     12345    1.00    3.00    0.00    0.00    4.00     1  pidstat
02:43:03     1000     12348    2.00    8.00    0.00    0.00   10.00     1  spin-lock

# Time        UID       PID    %usr %system  %guest   %wait    %CPU   CPU  Command
02:43:04      120       916    0.00    1.00    0.00    0.00    1.00     1  redis-server
02:43:04        0       968    1.00    0.00    0.00    0.00    1.00     1  Xorg
02:43:04     1000      3436    1.00    0.00    0.00    1.00    1.00     1  ibus-engine-sim
02:43:04     1000      3596    2.00    1.00    0.00    1.00    3.00     0  cinnamon
02:43:04     1000      4636    6.00    0.00    0.00    0.00    6.00     0  jetbrains-toolb
02:43:04     1000      5902    6.00    0.00    0.00    1.00    6.00     0  brave
02:43:04     1000      5942    4.00    2.00    0.00    1.00    6.00     1  brave
02:43:04     1000      5943    1.00    0.00    0.00    0.00    1.00     0  brave
02:43:04     1000      6021    1.00    0.00    0.00    0.00    1.00     0  brave
02:43:04     1000      6120   13.00    2.00    0.00    6.00   15.00     0  brave
02:43:04     1000      6344    3.00    0.00    0.00    0.00    3.00     0  brave
02:43:04        0     11698    0.00    1.00    0.00    0.00    1.00     0  kworker/u32:4-events_unbound
02:43:04     1000     12348    0.00    8.00    0.00    0.00    8.00     1  spin-lock

# Time        UID       PID    %usr %system  %guest   %wait    %CPU   CPU  Command
02:43:05        0       703    0.00    1.00    0.00    0.00    1.00     1  irq/63-rtw88_pci
02:43:05        0       968    1.00    1.00    0.00    0.00    2.00     1  Xorg
02:43:05     1000      3303    1.00    1.00    0.00    1.00    2.00     0  ibus-daemon
02:43:05     1000      3596    2.00    0.00    0.00    2.00    2.00     1  cinnamon
02:43:05     1000      3682    1.00    0.00    0.00    0.00    1.00     0  kdeconnectd
02:43:05     1000      5902    6.00    2.00    0.00    2.00    8.00     1  brave
02:43:05     1000      5942    4.00    1.00    0.00    1.00    5.00     1  brave
02:43:05     1000      5943    1.00    1.00    0.00    0.00    2.00     0  brave
02:43:05     1000      6120   22.00    4.00    0.00    6.00   26.00     0  brave
02:43:05     1000      6344    4.00    2.00    0.00    2.00    6.00     1  brave
02:43:05     1000     12345    0.00    2.00    0.00    1.00    2.00     1  pidstat
02:43:05     1000     12348    3.00    6.00    0.00    0.00    9.00     1  spin-lock

# Time        UID       PID    %usr %system  %guest   %wait    %CPU   CPU  Command
02:43:06        0       968    0.00    2.00    0.00    0.00    2.00     1  Xorg
02:43:06     1000      3303    2.00    0.00    0.00    1.00    2.00     1  ibus-daemon
02:43:06     1000      3417    0.00    1.00    0.00    4.00    1.00     0  csd-keyboard
02:43:06     1000      3436    1.00    0.00    0.00    0.00    1.00     0  ibus-engine-sim
02:43:06     1000      3596    6.00    1.00    0.00   14.00    7.00     1  cinnamon
02:43:06     1000      5902   11.00    4.00    0.00    5.00   15.00     0  brave
02:43:06     1000      5942    8.00    3.00    0.00   13.00   11.00     1  brave
02:43:06     1000      5943    1.00    1.00    0.00    0.00    2.00     0  brave
02:43:06     1000      6021    1.00    0.00    0.00    0.00    1.00     0  brave
02:43:06     1000      6120   46.00   10.00    0.00   22.00   56.00     0  brave
02:43:06     1000      6344    3.00    1.00    0.00    1.00    4.00     0  brave
02:43:06        0     12078    0.00    1.00    0.00    0.00    1.00     1  kworker/1:0-events
02:43:06     1000     12345    1.00    1.00    0.00    0.00    2.00     1  pidstat
02:43:06     1000     12348   10.00    5.00    0.00    0.00   15.00     1  spin-lock

# Time        UID       PID    %usr %system  %guest   %wait    %CPU   CPU  Command
02:43:07        0        15    0.00    1.00    0.00    0.00    1.00     0  rcu_preempt
02:43:07        0       703    0.00    1.00    0.00    0.00    1.00     1  irq/63-rtw88_pci
02:43:07        0       965    0.00    1.00    0.00    0.00    1.00     1  apache2
02:43:07        0       968    1.00    1.00    0.00    0.00    2.00     0  Xorg
02:43:07     1000      3303    1.00    1.00    0.00    0.00    2.00     1  ibus-daemon
02:43:07     1000      3417    1.00    0.00    0.00    1.00    1.00     0  csd-keyboard
02:43:07     1000      3436    1.00    0.00    0.00    0.00    1.00     0  ibus-engine-sim
02:43:07     1000      3596    2.00    0.00    0.00    2.00    2.00     0  cinnamon
02:43:07     1000      5902   11.00    2.00    0.00    2.00   13.00     0  brave
02:43:07     1000      5942    2.00    2.00    0.00    1.00    4.00     0  brave
02:43:07     1000      5943    6.00    0.00    0.00    0.00    6.00     0  brave
02:43:07     1000      6021    1.00    1.00    0.00    0.00    2.00     0  brave
02:43:07     1000      6120   21.00    6.00    0.00    8.00   27.00     0  brave
02:43:07     1000      6344    3.00    0.00    0.00    1.00    3.00     1  brave
02:43:07     1000      6418    0.00    1.00    0.00    0.00    1.00     1  brave
02:43:07     1000     11483    1.00    0.00    0.00    0.00    1.00     0  nemo
02:43:07     1000     11670    1.00    0.00    0.00    0.00    1.00     1  brave
02:43:07     1000     12345    0.00    2.00    0.00    1.00    2.00     1  pidstat
02:43:07     1000     12348    1.00    7.00    0.00    0.00    8.00     1  spin-lock

# Time        UID       PID    %usr %system  %guest   %wait    %CPU   CPU  Command
02:43:08        0       703    0.00    1.00    0.00    0.00    1.00     1  irq/63-rtw88_pci
02:43:08        0       968    1.00    0.00    0.00    0.00    1.00     1  Xorg
02:43:08     1000      3303    1.00    0.00    0.00    0.00    1.00     1  ibus-daemon
02:43:08     1000      3596    2.00    0.00    0.00    1.00    2.00     0  cinnamon
02:43:08     1000      4636    0.00    1.00    0.00    0.00    1.00     0  jetbrains-toolb
02:43:08     1000      5902   14.00    3.00    0.00    4.00   17.00     0  brave
02:43:08     1000      5942    5.00    1.00    0.00    2.00    6.00     0  brave
02:43:08     1000      5943    4.00    1.00    0.00    0.00    5.00     0  brave
02:43:08     1000      6021    1.00    1.00    0.00    0.00    2.00     0  brave
02:43:08     1000      6120   18.00    3.00    0.00    9.00   21.00     0  brave
02:43:08     1000      6344    3.00    1.00    0.00    0.00    4.00     1  brave
02:43:08     1000     12345    1.00    0.00    0.00    0.00    1.00     1  pidstat
02:43:08     1000     12348    1.00    6.00    0.00    0.00    7.00     1  spin-lock

# Time        UID       PID    %usr %system  %guest   %wait    %CPU   CPU  Command
02:43:09        0       165    0.00    1.00    0.00    0.00    1.00     0  gfx
02:43:09        0       968    0.00    1.00    0.00    0.00    1.00     1  Xorg
02:43:09     1000      3303    1.00    0.00    0.00    1.00    1.00     0  ibus-daemon
02:43:09     1000      3313    1.00    0.00    0.00    0.00    1.00     1  ibus-ui-gtk3
02:43:09     1000      3596    1.00    1.00    0.00    1.00    2.00     1  cinnamon
02:43:09     1000      5902    7.00    3.00    0.00    2.00   10.00     0  brave
02:43:09     1000      5942    3.00    1.00    0.00    1.00    4.00     1  brave
02:43:09     1000      5943    2.00    1.00    0.00    0.00    3.00     1  brave
02:43:09     1000      6021    1.00    0.00    0.00    0.00    1.00     0  brave
02:43:09     1000      6120   16.00    1.00    0.00    4.00   17.00     1  brave
02:43:09     1000      6344    3.00    1.00    0.00    0.00    4.00     1  brave
02:43:09     1000      6626    2.00    1.00    0.00    0.00    3.00     1  brave
02:43:09        0     11698    0.00    1.00    0.00    0.00    1.00     1  kworker/u32:4-events_unbound
02:43:09     1000     12345    1.00    1.00    0.00    0.00    2.00     0  pidstat
02:43:09     1000     12348    1.00    7.00    0.00    0.00    8.00     1  spin-lock

# Time        UID       PID    %usr %system  %guest   %wait    %CPU   CPU  Command
02:43:10        0       968    1.00    1.00    0.00    0.00    2.00     0  Xorg
02:43:10     1000      3303    1.00    1.00    0.00    0.00    2.00     0  ibus-daemon
02:43:10     1000      3314    1.00    0.00    0.00    0.00    1.00     0  ibus-extension-
02:43:10     1000      3436    1.00    0.00    0.00    0.00    1.00     0  ibus-engine-sim
02:43:10     1000      3596    2.00    1.00    0.00    2.00    3.00     1  cinnamon
02:43:10     1000      3947    0.00    1.00    0.00    0.00    1.00     1  blueman-tray
02:43:10     1000      5902   12.00    2.00    0.00    3.00   14.00     1  brave
02:43:10     1000      5942    4.00    0.00    0.00    1.00    4.00     1  brave
02:43:10     1000      5943    4.00    2.00    0.00    0.00    6.00     1  brave
02:43:10     1000      6021    1.00    0.00    0.00    0.00    1.00     0  brave
02:43:10     1000      6120   17.00    3.00    0.00    7.00   20.00     1  brave
02:43:10     1000      6344    4.00    0.00    0.00    0.00    4.00     0  brave
02:43:10     1000     11670    1.00    1.00    0.00    0.00    2.00     1  brave
02:43:10     1000     12345    0.00    1.00    0.00    0.00    1.00     1  pidstat
02:43:10     1000     12348    0.00    6.00    0.00    0.00    6.00     1  spin-lock

# Time        UID       PID    %usr %system  %guest   %wait    %CPU   CPU  Command
02:43:11        0       703    0.00    1.00    0.00    0.00    1.00     1  irq/63-rtw88_pci
02:43:11      120       916    1.00    0.00    0.00    0.00    1.00     0  redis-server
02:43:11     1000      3596    1.00    0.00    0.00    1.00    1.00     1  cinnamon
02:43:11     1000      4636    1.00    0.00    0.00    0.00    1.00     0  jetbrains-toolb
02:43:11     1000      5902   10.00    0.00    0.00    2.00   10.00     0  brave
02:43:11     1000      5942    3.00    1.00    0.00    1.00    4.00     0  brave
02:43:11     1000      5943    4.00    1.00    0.00    0.00    5.00     1  brave
02:43:11     1000      6021    1.00    0.00    0.00    0.00    1.00     0  brave
02:43:11     1000      6120   16.00    2.00    0.00    4.00   18.00     0  brave
02:43:11     1000      6344    1.00    2.00    0.00    1.00    3.00     1  brave
02:43:11     1000     12345    0.00    1.00    0.00    0.00    1.00     1  pidstat
02:43:11     1000     12348    2.00    7.00    0.00    0.00    9.00     1  spin-lock

# Time        UID       PID    %usr %system  %guest   %wait    %CPU   CPU  Command
02:43:12        0       968    1.00    1.00    0.00    0.00    2.00     1  Xorg
02:43:12     1000      3303    2.00    0.00    0.00    0.00    2.00     0  ibus-daemon
02:43:12     1000      3436    1.00    0.00    0.00    0.00    1.00     1  ibus-engine-sim
02:43:12     1000      3596    1.00    1.00    0.00    3.00    2.00     1  cinnamon
02:43:12     1000      5902   12.00    5.00    0.00    3.00   17.00     0  brave
02:43:12     1000      5942    3.00    1.00    0.00    2.00    4.00     1  brave
02:43:12     1000      5943    4.00    1.00    0.00    0.00    5.00     1  brave
02:43:12     1000      6021    2.00    1.00    0.00    0.00    3.00     0  brave
02:43:12     1000      6120   16.00    4.00    0.00    9.00   20.00     1  brave
02:43:12     1000      6344    3.00    1.00    0.00    0.00    4.00     1  brave
02:43:12     1000     12345    0.00    1.00    0.00    2.00    1.00     1  pidstat
02:43:12     1000     12348    2.00    6.00    0.00    0.00    8.00     1  spin-lock

# Time        UID       PID    %usr %system  %guest   %wait    %CPU   CPU  Command
02:43:13        0       703    0.00    1.00    0.00    0.00    1.00     1  irq/63-rtw88_pci
02:43:13        0       968    1.00    0.00    0.00    0.00    1.00     0  Xorg
02:43:13     1000      3303    1.00    0.00    0.00    1.00    1.00     1  ibus-daemon
02:43:13     1000      3436    0.00    1.00    0.00    0.00    1.00     0  ibus-engine-sim
02:43:13     1000      3596    1.00    0.00    0.00    1.00    1.00     1  cinnamon
02:43:13     1000      5902   14.00    3.00    0.00    3.00   17.00     1  brave
02:43:13     1000      5942    4.00    1.00    0.00    1.00    5.00     0  brave
02:43:13     1000      5943    4.00    2.00    0.00    0.00    6.00     1  brave
02:43:13     1000      6021    1.00    1.00    0.00    0.00    2.00     0  brave
02:43:13     1000      6120   21.00    2.00    0.00    7.00   23.00     0  brave
02:43:13     1000      6344    3.00    1.00    0.00    1.00    4.00     1  brave
02:43:13     1000     11670    1.00    0.00    0.00    0.00    1.00     1  brave
02:43:13     1000     12345    0.00    2.00    0.00    0.00    2.00     1  pidstat
02:43:13     1000     12348    2.00    5.00    0.00    0.00    7.00     1  spin-lock

# Time        UID       PID    %usr %system  %guest   %wait    %CPU   CPU  Command
02:43:14     1000      3303    0.00    1.00    0.00    0.00    1.00     0  ibus-daemon
02:43:14     1000      3596    1.00    1.00    0.00    1.00    2.00     0  cinnamon
02:43:14     1000      5902    8.00    1.00    0.00    2.00    9.00     1  brave
02:43:14     1000      5942    2.00    1.00    0.00    1.00    3.00     1  brave
02:43:14     1000      5943    3.00    2.00    0.00    0.00    5.00     1  brave
02:43:14     1000      6021    1.00    0.00    0.00    0.00    1.00     0  brave
02:43:14     1000      6120   13.00    1.00    0.00    5.00   14.00     0  brave
02:43:14     1000      6344    3.00    1.00    0.00    0.00    4.00     0  brave
02:43:14     1000     12345    0.00    1.00    0.00    0.00    1.00     1  pidstat
02:43:14     1000     12348    3.00    4.00    0.00    0.00    7.00     1  spin-lock

# Time        UID       PID    %usr %system  %guest   %wait    %CPU   CPU  Command
02:43:15        0       968    0.00    1.00    0.00    0.00    1.00     0  Xorg
02:43:15     1000      3303    1.00    0.00    0.00    1.00    1.00     0  ibus-daemon
02:43:15     1000      3436    1.00    0.00    0.00    0.00    1.00     0  ibus-engine-sim
02:43:15     1000      3596    2.00    0.00    0.00    1.00    2.00     0  cinnamon
02:43:15     1000      5902   10.00    2.00    0.00    1.00   12.00     0  brave
02:43:15     1000      5942    4.00    0.00    0.00    0.00    4.00     1  brave
02:43:15     1000      5943    4.00    1.00    0.00    0.00    5.00     1  brave
02:43:15     1000      6021    2.00    0.00    0.00    0.00    2.00     0  brave
02:43:15     1000      6120   53.00    9.00    0.00   29.00   62.00     0  brave
02:43:15     1000      6344    1.00    2.00    0.00    0.00    3.00     0  brave
02:43:15     1000      6447    1.00    0.00    0.00    0.00    1.00     0  brave
02:43:15     1000     11670    1.00    0.00    0.00    0.00    1.00     1  brave
02:43:15     1000     12345    2.00    0.00    0.00    3.00    2.00     1  pidstat
02:43:15     1000     12348   11.00    0.00    0.00    0.00   11.00     1  spin-lock

# Time        UID       PID    %usr %system  %guest   %wait    %CPU   CPU  Command
02:43:16        0       703    0.00    1.00    0.00    0.00    1.00     1  irq/63-rtw88_pci
02:43:16        0       968    1.00    0.00    0.00    0.00    1.00     1  Xorg
02:43:16     1000      3303    1.00    0.00    0.00    0.00    1.00     0  ibus-daemon
02:43:16     1000      3596    1.00    0.00    0.00    2.00    1.00     0  cinnamon
02:43:16     1000      5902   12.00    4.00    0.00    3.00   16.00     0  brave
02:43:16     1000      5942    2.00    2.00    0.00    2.00    4.00     1  brave
02:43:16     1000      5943    5.00    2.00    0.00    0.00    7.00     1  brave
02:43:16     1000      6021    1.00    0.00    0.00    0.00    1.00     0  brave
02:43:16     1000      6120   34.00    4.00    0.00   49.00   38.00     1  brave
02:43:16     1000      6344   54.00    7.00    0.00   42.00   61.00     0  brave
02:43:16     1000      6626    5.00    0.00    0.00    0.00    5.00     1  brave
02:43:16     1000     12345    0.00    1.00    0.00    0.00    1.00     0  pidstat
02:43:16     1000     12348   15.00    0.00    0.00    0.00   15.00     1  spin-lock

# Time        UID       PID    %usr %system  %guest   %wait    %CPU   CPU  Command
02:43:17      120       916    1.00    0.00    0.00    0.00    1.00     1  redis-server
02:43:17        0       968    1.00    0.00    0.00    0.00    1.00     0  Xorg
02:43:17     1000      3596    3.00    1.00    0.00    2.00    4.00     0  cinnamon
02:43:17     1000      4636    1.00    1.00    0.00    0.00    2.00     0  jetbrains-toolb
02:43:17     1000      5902    3.00    3.00    0.00    1.00    6.00     1  brave
02:43:17     1000      5942    5.00    1.00    0.00    2.00    6.00     1  brave
02:43:17     1000      5943    1.00    1.00    0.00    0.00    2.00     1  brave
02:43:17     1000      6021    1.00    0.00    0.00    0.00    1.00     0  brave
02:43:17     1000      6120   11.00    1.00    0.00    3.00   12.00     0  brave
02:43:17     1000      6344    4.00    1.00    0.00    0.00    5.00     1  brave
02:43:17        0     11698    0.00    1.00    0.00    0.00    1.00     0  kworker/u32:4-phy0
02:43:17     1000     12345    1.00    2.00    0.00    0.00    3.00     0  pidstat
02:43:17     1000     12348    7.00    3.00    0.00    0.00   10.00     1  spin-lock

# Time        UID       PID    %usr %system  %guest   %wait    %CPU   CPU  Command
02:43:18        0       968    0.00    1.00    0.00    0.00    1.00     1  Xorg
02:43:18     1000      3596    2.00    1.00    0.00    1.00    3.00     1  cinnamon
02:43:18     1000      5902    1.00    0.00    0.00    0.00    1.00     1  brave
02:43:18     1000      5942    3.00    2.00    0.00    0.00    5.00     1  brave
02:43:18     1000      6120    4.00    2.00    0.00    1.00    6.00     1  brave
02:43:18     1000      6344    3.00    1.00    0.00    1.00    4.00     0  brave
02:43:18     1000     12345    0.00    1.00    0.00    0.00    1.00     0  pidstat
02:43:18     1000     12348    2.00    6.00    0.00    0.00    8.00     1  spin-lock

# Time        UID       PID    %usr %system  %guest   %wait    %CPU   CPU  Command
02:43:19        0        15    0.00    1.00    0.00    0.00    1.00     1  rcu_preempt
02:43:19        0       703    0.00    1.00    0.00    0.00    1.00     1  irq/63-rtw88_pci
02:43:19        0       968    1.00    0.00    0.00    0.00    1.00     0  Xorg
02:43:19     1000      3303    1.00    0.00    0.00    0.00    1.00     1  ibus-daemon
02:43:19     1000      3596    2.00    0.00    0.00    1.00    2.00     1  cinnamon
02:43:19     1000      5902    5.00    1.00    0.00    1.00    6.00     1  brave
02:43:19     1000      5942    3.00    2.00    0.00    1.00    5.00     1  brave
02:43:19     1000      5943    2.00    0.00    0.00    0.00    2.00     1  brave
02:43:19     1000      6120   12.00    1.00    0.00    3.00   13.00     1  brave
02:43:19     1000      6344    3.00    1.00    0.00    1.00    4.00     0  brave
02:43:19        0     10333    0.00    1.00    0.00    0.00    1.00     0  kworker/u33:0-rtw_tx_wq
02:43:19     1000     12345    1.00    0.00    0.00    0.00    1.00     0  pidstat
02:43:19     1000     12348    1.00    7.00    0.00    0.00    8.00     1  spin-lock

# Time        UID       PID    %usr %system  %guest   %wait    %CPU   CPU  Command
02:43:20        0       165    0.00    1.00    0.00    0.00    1.00     0  gfx
02:43:20        0       968    2.00    0.00    0.00    0.00    2.00     1  Xorg
02:43:20     1000      3596    2.00    1.00    0.00    2.00    3.00     1  cinnamon
02:43:20     1000      5902   13.00    2.00    0.00    4.00   15.00     1  brave
02:43:20     1000      5942    2.00    2.00    0.00    1.00    4.00     1  brave
02:43:20     1000      5943    3.00    2.00    0.00    0.00    5.00     1  brave
02:43:20     1000      6021    2.00    0.00    0.00    0.00    2.00     0  brave
02:43:20     1000      6120   12.00    3.00    0.00    7.00   15.00     0  brave
02:43:20     1000      6150    1.00    0.00    0.00    1.00    1.00     1  alacritty
02:43:20     1000      6344    2.00    1.00    0.00    0.00    3.00     1  brave
02:43:20     1000      6626    3.00    2.00    0.00    3.00    5.00     1  brave
02:43:20     1000      6831    1.00    0.00    0.00    2.00    1.00     1  brave
02:43:20     1000     11670    1.00    0.00    0.00    0.00    1.00     1  brave
02:43:20     1000     12345    0.00    1.00    0.00    1.00    1.00     1  pidstat
02:43:20     1000     12348    2.00    5.00    0.00    0.00    7.00     1  spin-lock
