Linux 6.1.0-34-amd64 (debian) 	06/04/25 	_x86_64_	(2 CPU)

# Time        UID       PID    %usr %system  %guest   %wait    %CPU   CPU  Command
02:48:32        0        14    0.00    0.98    0.00    0.00    0.98     0  ksoftirqd/0
02:48:32        0        21    0.00    0.98    0.00    0.00    0.98     1  ksoftirqd/1
02:48:32      120       916    0.00    0.98    0.00    0.00    0.98     1  redis-server
02:48:32        0       968    0.00    1.96    0.00    0.00    1.96     0  Xorg
02:48:32     1000      3596    2.94    0.00    0.00    0.00    2.94     1  cinnamon
02:48:32     1000      4636    0.98    0.00    0.00    0.00    0.98     0  jetbrains-toolb
02:48:32     1000      5902    2.94    0.00    0.00    0.00    2.94     0  brave
02:48:32     1000      5942    1.96    1.96    0.00    0.98    3.92     1  brave
02:48:32     1000      6120    5.88    0.98    0.00    0.98    6.86     0  brave
02:48:32     1000      6150    0.98    0.00    0.00    0.00    0.98     1  alacritty
02:48:32     1000      8654    0.00    0.98    0.00    0.98    0.98     1  brave
02:48:32        0     11701    0.00    0.98    0.00    0.00    0.98     0  kworker/u32:7-flush-259:0
02:48:32        0     12078    0.00    0.98    0.00    0.00    0.98     1  kworker/1:0-events
02:48:32     1000     12869    0.98    1.96    0.00    0.00    2.94     1  pidstat

# Time        UID       PID    %usr %system  %guest   %wait    %CPU   CPU  Command
02:48:33        0       140    0.00    1.00    0.00    0.00    1.00     0  irq/30-ELAN0708:00
02:48:33      120       916    1.00    0.00    0.00    0.00    1.00     0  redis-server
02:48:33        0       968    4.00    2.00    0.00    0.00    6.00     1  Xorg
02:48:33     1000      3303    2.00    0.00    0.00    5.00    2.00     1  ibus-daemon
02:48:33     1000      3314    1.00    0.00    0.00    0.00    1.00     0  ibus-extension-
02:48:33     1000      3436    0.00    1.00    0.00    0.00    1.00     1  ibus-engine-sim
02:48:33     1000      3596    8.00    3.00    0.00   10.00   11.00     1  cinnamon
02:48:33     1000      5902    7.00    2.00    0.00    2.00    9.00     0  brave
02:48:33     1000      5942    9.00    2.00    0.00    7.00   11.00     0  brave
02:48:33     1000      6120   20.00    3.00    0.00    9.00   23.00     1  brave
02:48:33     1000      8654    1.00    0.00    0.00    1.00    1.00     0  brave
02:48:33     1000     12869    0.00    1.00    0.00    0.00    1.00     0  pidstat

# Time        UID       PID    %usr %system  %guest   %wait    %CPU   CPU  Command
02:48:34        0       140    0.00    1.00    0.00    0.00    1.00     0  irq/30-ELAN0708:00
02:48:34        0       165    0.00    1.00    0.00    0.00    1.00     1  gfx
02:48:34        0       968    1.00    2.00    0.00    0.00    3.00     0  Xorg
02:48:34     1000      3313    0.00    1.00    0.00    1.00    1.00     0  ibus-ui-gtk3
02:48:34     1000      3596    6.00    0.00    0.00    3.00    6.00     1  cinnamon
02:48:34     1000      5902    4.00    0.00    0.00    1.00    4.00     1  brave
02:48:34     1000      5942    9.00    1.00    0.00    2.00   10.00     0  brave
02:48:34     1000      6120   19.00    1.00    0.00    4.00   20.00     1  brave
02:48:34     1000      6626    2.00    0.00    0.00    2.00    2.00     1  brave
02:48:34     1000     12869    2.00    2.00    0.00    0.00    4.00     0  pidstat
02:48:34     1000     12872    0.00    1.00    0.00    0.00    1.00     0  sem

# Time        UID       PID    %usr %system  %guest   %wait    %CPU   CPU  Command
02:48:35        0       703    0.00    1.00    0.00    0.00    1.00     1  irq/63-rtw88_pci
02:48:35        0       968    1.00    1.00    0.00    0.00    2.00     1  Xorg
02:48:35     1000      3596    3.00    1.00    0.00    2.00    4.00     0  cinnamon
02:48:35     1000      5902    3.00    1.00    0.00    0.00    4.00     1  brave
02:48:35     1000      5942    5.00    3.00    0.00    3.00    8.00     0  brave
02:48:35     1000      5943    1.00    1.00    0.00    0.00    2.00     1  brave
02:48:35     1000      6120   17.00    4.00    0.00    3.00   21.00     1  brave
02:48:35        0     11701    0.00    1.00    0.00    1.00    1.00     0  kworker/u32:7-events_unbound
02:48:35     1000     12869    1.00    2.00    0.00    0.00    3.00     0  pidstat

# Time        UID       PID    %usr %system  %guest   %wait    %CPU   CPU  Command
02:48:36        0       968    0.00    1.00    0.00    1.00    1.00     0  Xorg
02:48:36     1000      3596    3.00    0.00    0.00    2.00    3.00     0  cinnamon
02:48:36     1000      3947    1.00    0.00    0.00    0.00    1.00     0  blueman-tray
02:48:36     1000      4636    0.00    1.00    0.00    0.00    1.00     0  jetbrains-toolb
02:48:36     1000      5902    1.00   20.00    0.00    0.00   21.00     0  brave
02:48:36     1000      5942    3.00    1.00    0.00    1.00    4.00     0  brave
02:48:36     1000      6120    7.00    3.00    0.00    0.00   10.00     0  brave
02:48:36     1000     12869    1.00    1.00    0.00    0.00    2.00     1  pidstat

# Time        UID       PID    %usr %system  %guest   %wait    %CPU   CPU  Command
02:48:37        0       968    1.00    0.00    0.00    0.00    1.00     1  Xorg
02:48:37     1000      3303    1.00    1.00    0.00    0.00    2.00     0  ibus-daemon
02:48:37     1000      3596    1.00    0.00    0.00    1.00    1.00     0  cinnamon
02:48:37     1000      5902    7.00   21.00    0.00    2.00   28.00     1  brave
02:48:37     1000      5942    3.00    1.00    0.00    0.00    4.00     0  brave
02:48:37     1000      5943    1.00    1.00    0.00    0.00    2.00     1  brave
02:48:37     1000      6021    1.00    0.00    0.00    0.00    1.00     0  brave
02:48:37     1000      6120   14.00    0.00    0.00    2.00   14.00     0  brave
02:48:37     1000      6150    1.00    0.00    0.00    0.00    1.00     0  alacritty
02:48:37        0      9838    0.00    1.00    0.00    0.00    1.00     0  kworker/0:1-events_power_efficient
02:48:37     1000     12869    0.00    1.00    0.00    0.00    1.00     1  pidstat

# Time        UID       PID    %usr %system  %guest   %wait    %CPU   CPU  Command
02:48:38        0        15    0.00    1.00    0.00    0.00    1.00     1  rcu_preempt
02:48:38        0       703    0.00    1.00    0.00    0.00    1.00     1  irq/63-rtw88_pci
02:48:38        0       968    0.00    1.00    0.00    0.00    1.00     1  Xorg
02:48:38     1000      3596    1.00    1.00    0.00    0.00    2.00     1  cinnamon
02:48:38     1000      4636    1.00    0.00    0.00    0.00    1.00     0  jetbrains-toolb
02:48:38     1000      5902    3.00    0.00    0.00    0.00    3.00     1  brave
02:48:38     1000      5942    2.00    2.00    0.00    0.00    4.00     0  brave
02:48:38     1000      5943    1.00    1.00    0.00    0.00    2.00     1  brave
02:48:38     1000      6120   12.00    1.00    0.00    1.00   13.00     1  brave
02:48:38     1000     12869    1.00    1.00    0.00    0.00    2.00     0  pidstat
02:48:38     1000     12872    0.00    1.00    0.00    0.00    1.00     0  sem

# Time        UID       PID    %usr %system  %guest   %wait    %CPU   CPU  Command
02:48:39        0       968    1.00    1.00    0.00    0.00    2.00     0  Xorg
02:48:39     1000      3303    1.00    0.00    0.00    1.00    1.00     0  ibus-daemon
02:48:39     1000      3313    1.00    0.00    0.00    0.00    1.00     1  ibus-ui-gtk3
02:48:39     1000      3436    1.00    0.00    0.00    0.00    1.00     1  ibus-engine-sim
02:48:39     1000      3596    1.00    1.00    0.00    1.00    2.00     1  cinnamon
02:48:39     1000      5902    6.00    3.00    0.00    1.00    9.00     1  brave
02:48:39     1000      5942    4.00    1.00    0.00    1.00    5.00     0  brave
02:48:39     1000      5943    2.00    0.00    0.00    0.00    2.00     1  brave
02:48:39     1000      6120   20.00    3.00    0.00    3.00   23.00     1  brave
02:48:39     1000      6344    1.00    0.00    0.00    0.00    1.00     1  brave
02:48:39     1000      6831    1.00    0.00    0.00    1.00    1.00     1  brave
02:48:39     1000     12869    1.00    2.00    0.00    1.00    3.00     0  pidstat

# Time        UID       PID    %usr %system  %guest   %wait    %CPU   CPU  Command
02:48:40        0       968    0.00    2.00    0.00    0.00    2.00     0  Xorg
02:48:40     1000      3596    1.00    1.00    0.00    1.00    2.00     0  cinnamon
02:48:40     1000      5902    3.00    2.00    0.00    1.00    5.00     0  brave
02:48:40     1000      5942    6.00    0.00    0.00    0.00    6.00     1  brave
02:48:40     1000      5943    1.00    0.00    0.00    0.00    1.00     1  brave
02:48:40     1000      6021    1.00    0.00    0.00    0.00    1.00     0  brave
02:48:40     1000      6120   15.00    2.00    0.00    1.00   17.00     0  brave
02:48:40     1000     12561    1.00    0.00    0.00    0.00    1.00     1  brave
02:48:40     1000     12872    1.00    0.00    0.00    0.00    1.00     0  sem

# Time        UID       PID    %usr %system  %guest   %wait    %CPU   CPU  Command
02:48:41        0       140    0.00    1.00    0.00    0.00    1.00     0  irq/30-ELAN0708:00
02:48:41        0       849    1.00    0.00    0.00    0.00    1.00     1  preload
02:48:41      120       916    1.00    0.00    0.00    0.00    1.00     1  redis-server
02:48:41        0       968    2.00    0.00    0.00    0.00    2.00     1  Xorg
02:48:41     1000      3303    1.00    0.00    0.00    1.00    1.00     0  ibus-daemon
02:48:41     1000      3596    5.00    1.00    0.00    1.00    6.00     0  cinnamon
02:48:41     1000      4636    0.00    1.00    0.00    0.00    1.00     0  jetbrains-toolb
02:48:41     1000      5902    2.00    0.00    0.00    1.00    2.00     1  brave
02:48:41     1000      5942    5.00    3.00    0.00    1.00    8.00     0  brave
02:48:41     1000      6120   12.00    2.00    0.00    2.00   14.00     0  brave
02:48:41     1000      6150    0.00    1.00    0.00    0.00    1.00     0  alacritty
02:48:41     1000      6626    5.00    1.00    0.00    0.00    6.00     0  brave
02:48:41     1000      6987    1.00    0.00    0.00    0.00    1.00     1  brave
02:48:41        0     10294    0.00    1.00    0.00    0.00    1.00     0  kworker/u32:1-events_unbound
02:48:41     1000     12869    1.00    1.00    0.00    0.00    2.00     1  pidstat

# Time        UID       PID    %usr %system  %guest   %wait    %CPU   CPU  Command
02:48:42        0       703    0.00    1.00    0.00    0.00    1.00     1  irq/63-rtw88_pci
02:48:42        0       968    1.00    0.00    0.00    0.00    1.00     0  Xorg
02:48:42     1000      3303    1.00    1.00    0.00    0.00    2.00     1  ibus-daemon
02:48:42     1000      3314    1.00    0.00    0.00    0.00    1.00     1  ibus-extension-
02:48:42     1000      3596    1.00    0.00    0.00    1.00    1.00     1  cinnamon
02:48:42     1000      5902    7.00    1.00    0.00    1.00    8.00     1  brave
02:48:42     1000      5942    4.00    1.00    0.00    1.00    5.00     0  brave
02:48:42     1000      5943    1.00    1.00    0.00    0.00    2.00     1  brave
02:48:42     1000      6021    0.00    1.00    0.00    0.00    1.00     0  brave
02:48:42     1000      6120   17.00    4.00    0.00    3.00   21.00     1  brave
02:48:42        0      9838    0.00    1.00    0.00    0.00    1.00     0  kworker/0:1-events_freezable
02:48:42     1000     12869    1.00    3.00    0.00    0.00    4.00     0  pidstat
02:48:42     1000     12872    0.00    1.00    0.00    0.00    1.00     0  sem

# Time        UID       PID    %usr %system  %guest   %wait    %CPU   CPU  Command
02:48:43        0       165    0.00    1.00    0.00    0.00    1.00     0  gfx
02:48:43        0       968    0.00    1.00    0.00    0.00    1.00     1  Xorg
02:48:43     1000      3596    2.00    0.00    0.00    2.00    2.00     0  cinnamon
02:48:43     1000      5902    7.00    1.00    0.00    1.00    8.00     1  brave
02:48:43     1000      5942    3.00    1.00    0.00    1.00    4.00     1  brave
02:48:43     1000      5943    1.00    2.00    0.00    0.00    3.00     1  brave
02:48:43     1000      6021    1.00    0.00    0.00    0.00    1.00     0  brave
02:48:43     1000      6120   12.00    1.00    0.00    3.00   13.00     0  brave
02:48:43     1000     12869    0.00    1.00    0.00    0.00    1.00     0  pidstat
02:48:43     1000     12872    0.00    1.00    0.00    0.00    1.00     0  sem

# Time        UID       PID    %usr %system  %guest   %wait    %CPU   CPU  Command
02:48:44        0       703    0.00    1.00    0.00    0.00    1.00     1  irq/63-rtw88_pci
02:48:44        0       968    1.00    1.00    0.00    0.00    2.00     0  Xorg
02:48:44     1000      3303    2.00    0.00    0.00    0.00    2.00     0  ibus-daemon
02:48:44     1000      3436    1.00    0.00    0.00    1.00    1.00     1  ibus-engine-sim
02:48:44     1000      3596    1.00    0.00    0.00    1.00    1.00     1  cinnamon
02:48:44     1000      4636    1.00    0.00    0.00    0.00    1.00     0  jetbrains-toolb
02:48:44     1000      5902    6.00   21.00    0.00    2.00   27.00     0  brave
02:48:44     1000      5942    3.00    2.00    0.00    1.00    5.00     0  brave
02:48:44     1000      5943    2.00    1.00    0.00    0.00    3.00     1  brave
02:48:44     1000      6120   21.00    2.00    0.00    2.00   23.00     0  brave
02:48:44     1000     12869    1.00    1.00    0.00    1.00    2.00     1  pidstat

# Time        UID       PID    %usr %system  %guest   %wait    %CPU   CPU  Command
02:48:45      120       916    0.00    1.00    0.00    0.00    1.00     0  redis-server
02:48:45        0       968    1.00    1.00    0.00    0.00    2.00     0  Xorg
02:48:45     1000      3303    1.00    0.00    0.00    2.00    1.00     1  ibus-daemon
02:48:45     1000      3596    1.00    2.00    0.00    1.00    3.00     0  cinnamon
02:48:45     1000      5902    8.00    1.00    0.00    3.00    9.00     1  brave
02:48:45     1000      5942    4.00    1.00    0.00    5.00    5.00     1  brave
02:48:45     1000      5943    2.00    1.00    0.00    0.00    3.00     1  brave
02:48:45     1000      6021    1.00    0.00    0.00    0.00    1.00     0  brave
02:48:45     1000      6120   71.00    3.00    0.00   22.00   74.00     0  brave
02:48:45     1000     12869    0.00    2.00    0.00    1.00    2.00     1  pidstat

# Time        UID       PID    %usr %system  %guest   %wait    %CPU   CPU  Command
02:48:46        0       140    0.00    1.00    0.00    0.00    1.00     0  irq/30-ELAN0708:00
02:48:46        0       703    0.00    1.00    0.00    0.00    1.00     1  irq/63-rtw88_pci
02:48:46        0       968    1.00    1.00    0.00    0.00    2.00     0  Xorg
02:48:46     1000      3303    1.00    2.00    0.00    5.00    3.00     0  ibus-daemon
02:48:46     1000      3313    1.00    0.00    0.00    1.00    1.00     0  ibus-ui-gtk3
02:48:46     1000      3314    0.00    1.00    0.00    1.00    1.00     1  ibus-extension-
02:48:46     1000      3596    2.00    0.00    0.00    1.00    2.00     1  cinnamon
02:48:46     1000      3673    1.00    0.00    0.00    0.00    1.00     0  nm-applet
02:48:46     1000      5902    2.00    2.00    0.00    0.00    4.00     0  brave
02:48:46     1000      5942    2.00    1.00    0.00    0.00    3.00     1  brave
02:48:46     1000      6120   15.00    2.00    0.00    3.00   17.00     0  brave
02:48:46        0     10294    0.00    1.00    0.00    0.00    1.00     0  kworker/u32:1-phy0
02:48:46     1000     12869    1.00    3.00    0.00    0.00    4.00     1  pidstat
02:48:46     1000     12872    0.00    1.00    0.00    0.00    1.00     0  sem

# Time        UID       PID    %usr %system  %guest   %wait    %CPU   CPU  Command
02:48:47        0       934    0.00    1.00    0.00    0.00    1.00     0  containerd
02:48:47        0       968    1.00    1.00    0.00    0.00    2.00     0  Xorg
02:48:47     1000      3303    4.00    0.00    0.00    4.00    4.00     1  ibus-daemon
02:48:47     1000      3313    1.00    1.00    0.00    0.00    2.00     0  ibus-ui-gtk3
02:48:47     1000      3314    2.00    0.00    0.00    0.00    2.00     1  ibus-extension-
02:48:47     1000      3436    1.00    0.00    0.00    0.00    1.00     1  ibus-engine-sim
02:48:47     1000      3596    3.00    0.00    0.00    1.00    3.00     0  cinnamon
02:48:47     1000      3947    0.00    1.00    0.00    0.00    1.00     0  blueman-tray
02:48:47     1000      4636    1.00    0.00    0.00    0.00    1.00     0  jetbrains-toolb
02:48:47     1000      5902    4.00    2.00    0.00    1.00    6.00     1  brave
02:48:47     1000      5942    6.00    1.00    0.00    2.00    7.00     0  brave
02:48:47     1000      6120   15.00    2.00    0.00    5.00   17.00     0  brave
02:48:47     1000      6150    0.00    1.00    0.00    1.00    1.00     1  alacritty
02:48:47     1000      6626    1.00    0.00    0.00    0.00    1.00     0  brave
02:48:47     1000     12869    1.00    2.00    0.00    0.00    3.00     1  pidstat

# Time        UID       PID    %usr %system  %guest   %wait    %CPU   CPU  Command
02:48:48        0       968    2.00    1.00    0.00    0.00    3.00     1  Xorg
02:48:48     1000      3303    1.00    0.00    0.00    0.00    1.00     0  ibus-daemon
02:48:48     1000      3596    5.00    1.00    0.00    2.00    6.00     0  cinnamon
02:48:48     1000      5902    3.00    1.00    0.00    0.00    4.00     1  brave
02:48:48     1000      5942    4.00    2.00    0.00    3.00    6.00     0  brave
02:48:48     1000      5943    1.00    0.00    0.00    0.00    1.00     1  brave
02:48:48     1000      6120   14.00    2.00    0.00    3.00   16.00     0  brave
02:48:48     1000      6626    5.00    0.00    0.00    1.00    5.00     0  brave
02:48:48     1000     12869    0.00    1.00    0.00    0.00    1.00     1  pidstat

# Time        UID       PID    %usr %system  %guest   %wait    %CPU   CPU  Command
02:48:49      120       916    1.00    0.00    0.00    0.00    1.00     0  redis-server
02:48:49     1000      3303    1.00    0.00    0.00    0.00    1.00     0  ibus-daemon
02:48:49     1000      3313    1.00    0.00    0.00    0.00    1.00     0  ibus-ui-gtk3
02:48:49     1000      3436    0.00    1.00    0.00    0.00    1.00     1  ibus-engine-sim
02:48:49     1000      3596    1.00    0.00    0.00    1.00    1.00     0  cinnamon
02:48:49     1000      5902    3.00    0.00    0.00    0.00    3.00     1  brave
02:48:49     1000      5942    3.00    2.00    0.00    0.00    5.00     0  brave
02:48:49     1000      6120   10.00    3.00    0.00    2.00   13.00     1  brave
02:48:49     1000     12869    1.00    2.00    0.00    0.00    3.00     0  pidstat
02:48:49     1000     12872    0.00    1.00    0.00    0.00    1.00     0  sem

# Time        UID       PID    %usr %system  %guest   %wait    %CPU   CPU  Command
02:48:50        0       140    0.00    1.00    0.00    0.00    1.00     0  irq/30-ELAN0708:00
02:48:50        0       165    0.00    1.00    0.00    0.00    1.00     1  gfx
02:48:50        0       968    2.00    1.00    0.00    0.00    3.00     1  Xorg
02:48:50     1000      3596    2.00    0.00    0.00    1.00    2.00     0  cinnamon
02:48:50     1000      4636    0.00    1.00    0.00    0.00    1.00     0  jetbrains-toolb
02:48:50     1000      5902    2.00    1.00    0.00    1.00    3.00     0  brave
02:48:50     1000      5942    4.00    1.00    0.00    1.00    5.00     1  brave
02:48:50     1000      6120   10.00    2.00    0.00    1.00   12.00     1  brave
02:48:50     1000      6626    1.00    0.00    0.00    0.00    1.00     1  brave
02:48:50     1000     12869    1.00    1.00    0.00    0.00    2.00     0  pidstat
