Linux 6.1.0-34-amd64 (debian) 	06/04/25 	_x86_64_	(2 CPU)

# Time        UID       PID    %usr %system  %guest   %wait    %CPU   CPU  Command
02:43:23      120       916    0.00    0.98    0.00    0.00    0.98     1  redis-server
02:43:23        0       968    0.98    1.96    0.00    0.00    2.94     1  Xorg
02:43:23     1000      3303    0.00    0.98    0.00    0.98    0.98     1  ibus-daemon
02:43:23     1000      3596    1.96    0.98    0.00    0.98    2.94     1  cinnamon
02:43:23     1000      4636    0.98    0.00    0.00    0.00    0.98     0  jetbrains-toolb
02:43:23     1000      5902    6.86    0.98    0.00    0.98    7.84     0  brave
02:43:23     1000      5942    2.94    0.98    0.00    0.98    3.92     0  brave
02:43:23     1000      5943    2.94    0.00    0.00    0.00    2.94     1  brave
02:43:23     1000      6021    0.98    0.00    0.00    0.00    0.98     0  brave
02:43:23     1000      6120   13.73    1.96    0.00    4.90   15.69     1  brave
02:43:23     1000      6150    0.00    0.98    0.00    0.00    0.98     1  alacritty
02:43:23     1000      6344    3.92    0.00    0.00    0.00    3.92     0  brave
02:43:23     1000     11670    0.98    0.00    0.00    0.00    0.98     1  brave
02:43:23     1000     12378    0.00    0.98    0.00    0.00    0.98     0  pidstat
02:43:23     1000     12381    0.98   12.75    0.00    0.00   13.73     0  spin-lock

# Time        UID       PID    %usr %system  %guest   %wait    %CPU   CPU  Command
02:43:24        0       140    0.00    1.00    0.00    0.00    1.00     0  irq/30-ELAN0708:00
02:43:24        0       968    3.00    2.00    0.00    0.00    5.00     1  Xorg
02:43:24     1000      3303    1.00    0.00    0.00    1.00    1.00     0  ibus-daemon
02:43:24     1000      3313    1.00    0.00    0.00    0.00    1.00     0  ibus-ui-gtk3
02:43:24     1000      3596    4.00    2.00    0.00    4.00    6.00     0  cinnamon
02:43:24     1000      5902    2.00    3.00    0.00    1.00    5.00     1  brave
02:43:24     1000      5942    7.00    1.00    0.00    2.00    8.00     0  brave
02:43:24     1000      6120   16.00    5.00    0.00    5.00   21.00     1  brave
02:43:24     1000      6344    2.00    2.00    0.00    0.00    4.00     0  brave
02:43:24     1000     12378    0.00    2.00    0.00    0.00    2.00     0  pidstat
02:43:24     1000     12381    1.00    6.00    0.00    0.00    7.00     0  spin-lock

# Time        UID       PID    %usr %system  %guest   %wait    %CPU   CPU  Command
02:43:25        0       165    0.00    1.00    0.00    0.00    1.00     0  gfx
02:43:25        0       703    0.00    1.00    0.00    0.00    1.00     1  irq/63-rtw88_pci
02:43:25        0       968    0.00    1.00    0.00    1.00    1.00     0  Xorg
02:43:25     1000      3435    1.00    0.00    0.00    0.00    1.00     1  csd-housekeepin
02:43:25     1000      3436    1.00    0.00    0.00    0.00    1.00     0  ibus-engine-sim
02:43:25     1000      3596    3.00    2.00    0.00    1.00    5.00     1  cinnamon
02:43:25     1000      5902    3.00    1.00    0.00    0.00    4.00     1  brave
02:43:25     1000      5942    6.00    2.00    0.00    3.00    8.00     1  brave
02:43:25     1000      6120   11.00    1.00    0.00    3.00   12.00     1  brave
02:43:25     1000      6344    3.00    1.00    0.00    1.00    4.00     1  brave
02:43:25     1000     12378    1.00    0.00    0.00    0.00    1.00     0  pidstat
02:43:25     1000     12381    0.00    8.00    0.00    0.00    8.00     0  spin-lock

# Time        UID       PID    %usr %system  %guest   %wait    %CPU   CPU  Command
02:43:26     1000      3314    1.00    0.00    0.00    0.00    1.00     0  ibus-extension-
02:43:26     1000      3596    1.00    0.00    0.00    1.00    1.00     0  cinnamon
02:43:26     1000      5902    7.00    2.00    0.00    2.00    9.00     1  brave
02:43:26     1000      5942    2.00    2.00    0.00    1.00    4.00     1  brave
02:43:26     1000      5943    3.00    1.00    0.00    0.00    4.00     1  brave
02:43:26     1000      6021    1.00    1.00    0.00    0.00    2.00     0  brave
02:43:26     1000      6120   12.00    2.00    0.00    5.00   14.00     1  brave
02:43:26     1000      6319    0.00    1.00    0.00    0.00    1.00     0  brave
02:43:26     1000      6344    3.00    0.00    0.00    1.00    3.00     1  brave
02:43:26        0      9838    0.00    1.00    0.00    0.00    1.00     0  kworker/0:1-events
02:43:26     1000     12378    0.00    1.00    0.00    0.00    1.00     0  pidstat
02:43:26     1000     12381    0.00    8.00    0.00    0.00    8.00     0  spin-lock

# Time        UID       PID    %usr %system  %guest   %wait    %CPU   CPU  Command
02:43:27        0       703    0.00    1.00    0.00    0.00    1.00     1  irq/63-rtw88_pci
02:43:27        0       968    1.00    1.00    0.00    0.00    2.00     0  Xorg
02:43:27     1000      3303    1.00    1.00    0.00    0.00    2.00     0  ibus-daemon
02:43:27     1000      3596    0.00    1.00    0.00    2.00    1.00     0  cinnamon
02:43:27     1000      5902   10.00    3.00    0.00    4.00   13.00     1  brave
02:43:27     1000      5942    4.00    1.00    0.00    2.00    5.00     1  brave
02:43:27     1000      5943    4.00    1.00    0.00    0.00    5.00     1  brave
02:43:27     1000      6021    2.00    0.00    0.00    0.00    2.00     0  brave
02:43:27     1000      6120   19.00    2.00    0.00    5.00   21.00     1  brave
02:43:27     1000      6344    3.00    2.00    0.00    1.00    5.00     1  brave
02:43:27     1000     12378    0.00    1.00    0.00    0.00    1.00     0  pidstat
02:43:27     1000     12381    0.00    6.00    0.00    0.00    6.00     0  spin-lock

# Time        UID       PID    %usr %system  %guest   %wait    %CPU   CPU  Command
02:43:28     1000      3303    1.00    0.00    0.00    0.00    1.00     0  ibus-daemon
02:43:28     1000      3436    1.00    0.00    0.00    0.00    1.00     1  ibus-engine-sim
02:43:28     1000      3596    1.00    0.00    0.00    1.00    1.00     0  cinnamon
02:43:28     1000      4636    0.00    1.00    0.00    0.00    1.00     0  jetbrains-toolb
02:43:28     1000      5902    4.00    2.00    0.00    1.00    6.00     1  brave
02:43:28     1000      5942    3.00    1.00    0.00    1.00    4.00     1  brave
02:43:28     1000      5943    1.00    1.00    0.00    0.00    2.00     1  brave
02:43:28     1000      6120   14.00    3.00    0.00    4.00   17.00     0  brave
02:43:28     1000      6344    3.00    0.00    0.00    1.00    3.00     1  brave
02:43:28     1000     11670    1.00    0.00    0.00    0.00    1.00     1  brave
02:43:28     1000     12378    1.00    1.00    0.00    0.00    2.00     1  pidstat
02:43:28     1000     12381    2.00    6.00    0.00    0.00    8.00     0  spin-lock

# Time        UID       PID    %usr %system  %guest   %wait    %CPU   CPU  Command
02:43:29        0       968    1.00    1.00    0.00    0.00    2.00     0  Xorg
02:43:29     1000      3303    1.00    0.00    0.00    1.00    1.00     1  ibus-daemon
02:43:29     1000      3596    1.00    2.00    0.00    0.00    3.00     0  cinnamon
02:43:29     1000      4636    1.00    0.00    0.00    0.00    1.00     0  jetbrains-toolb
02:43:29     1000      5902    4.00    0.00    0.00    0.00    4.00     0  brave
02:43:29     1000      5942    6.00    1.00    0.00    1.00    7.00     0  brave
02:43:29     1000      6120   14.00    2.00    0.00    3.00   16.00     1  brave
02:43:29     1000      6344    3.00    1.00    0.00    0.00    4.00     0  brave
02:43:29     1000     12378    1.00    1.00    0.00    0.00    2.00     1  pidstat
02:43:29     1000     12381    1.00    7.00    0.00    0.00    8.00     0  spin-lock

# Time        UID       PID    %usr %system  %guest   %wait    %CPU   CPU  Command
02:43:30        0       703    0.00    1.00    0.00    0.00    1.00     1  irq/63-rtw88_pci
02:43:30     1000      3303    1.00    0.00    0.00    0.00    1.00     0  ibus-daemon
02:43:30     1000      3596    1.00    0.00    0.00    2.00    1.00     0  cinnamon
02:43:30     1000      3947    1.00    0.00    0.00    0.00    1.00     0  blueman-tray
02:43:30     1000      5902    3.00    1.00    0.00    1.00    4.00     0  brave
02:43:30     1000      5942    6.00    3.00    0.00    1.00    9.00     1  brave
02:43:30     1000      5943    0.00    1.00    0.00    0.00    1.00     1  brave
02:43:30     1000      6120   18.00    2.00    0.00    4.00   20.00     1  brave
02:43:30     1000      6344    2.00    3.00    0.00    0.00    5.00     1  brave
02:43:30     1000     12378    0.00    1.00    0.00    1.00    1.00     0  pidstat
02:43:30     1000     12381    0.00   11.00    0.00    0.00   11.00     0  spin-lock

# Time        UID       PID    %usr %system  %guest   %wait    %CPU   CPU  Command
02:43:31      120       916    0.00    1.00    0.00    0.00    1.00     1  redis-server
02:43:31        0       968    1.00    0.00    0.00    0.00    1.00     1  Xorg
02:43:31     1000      3303    1.00    0.00    0.00    0.00    1.00     0  ibus-daemon
02:43:31     1000      3313    1.00    0.00    0.00    0.00    1.00     1  ibus-ui-gtk3
02:43:31     1000      3436    1.00    0.00    0.00    0.00    1.00     0  ibus-engine-sim
02:43:31     1000      5902    9.00    3.00    0.00    2.00   12.00     0  brave
02:43:31     1000      5942    3.00    1.00    0.00    0.00    4.00     1  brave
02:43:31     1000      5943    3.00    1.00    0.00    0.00    4.00     1  brave
02:43:31     1000      6021    2.00    0.00    0.00    0.00    2.00     0  brave
02:43:31     1000      6027    1.00    0.00    0.00    0.00    1.00     0  brave
02:43:31     1000      6120   10.00    1.00    0.00    5.00   11.00     1  brave
02:43:31     1000      6344    3.00    1.00    0.00    1.00    4.00     1  brave
02:43:31        0     11698    0.00    1.00    0.00    0.00    1.00     1  kworker/u32:4-writeback
02:43:31     1000     12378    1.00    2.00    0.00    0.00    3.00     0  pidstat
02:43:31     1000     12381    0.00    8.00    0.00    0.00    8.00     0  spin-lock

# Time        UID       PID    %usr %system  %guest   %wait    %CPU   CPU  Command
02:43:32        0       703    0.00    1.00    0.00    0.00    1.00     1  irq/63-rtw88_pci
02:43:32        0       968    1.00    0.00    0.00    0.00    1.00     0  Xorg
02:43:32     1000      3303    0.00    1.00    0.00    1.00    1.00     1  ibus-daemon
02:43:32     1000      3596    3.00    0.00    0.00    3.00    3.00     1  cinnamon
02:43:32     1000      5902   12.00    3.00    0.00    2.00   15.00     1  brave
02:43:32     1000      5942    2.00    2.00    0.00    2.00    4.00     1  brave
02:43:32     1000      5943    5.00    2.00    0.00    0.00    7.00     1  brave
02:43:32     1000      6021    1.00    1.00    0.00    0.00    2.00     0  brave
02:43:32     1000      6120   16.00    3.00    0.00    6.00   19.00     1  brave
02:43:32     1000      6344    4.00    0.00    0.00    0.00    4.00     0  brave
02:43:32        0     10333    0.00    1.00    0.00    0.00    1.00     1  kworker/u33:0-rtw_tx_wq
02:43:32     1000     12378    0.00    1.00    0.00    0.00    1.00     0  pidstat
02:43:32     1000     12381    2.00    6.00    0.00    0.00    8.00     0  spin-lock

# Time        UID       PID    %usr %system  %guest   %wait    %CPU   CPU  Command
02:43:33        0        15    0.00    1.00    0.00    0.00    1.00     0  rcu_preempt
02:43:33        0       968    0.00    1.00    0.00    0.00    1.00     0  Xorg
02:43:33     1000      3303    1.00    0.00    0.00    0.00    1.00     1  ibus-daemon
02:43:33     1000      4636    1.00    0.00    0.00    0.00    1.00     0  jetbrains-toolb
02:43:33     1000      5902    7.00    2.00    0.00    1.00    9.00     1  brave
02:43:33     1000      5942    2.00    2.00    0.00    0.00    4.00     1  brave
02:43:33     1000      5943    2.00    1.00    0.00    0.00    3.00     1  brave
02:43:33     1000      6021    1.00    0.00    0.00    0.00    1.00     0  brave
02:43:33     1000      6120   12.00    3.00    0.00    4.00   15.00     0  brave
02:43:33     1000      6344    3.00    1.00    0.00    1.00    4.00     1  brave
02:43:33     1000     12378    1.00    1.00    0.00    0.00    2.00     0  pidstat
02:43:33     1000     12381    1.00    8.00    0.00    0.00    9.00     0  spin-lock

# Time        UID       PID    %usr %system  %guest   %wait    %CPU   CPU  Command
02:43:34        0       703    0.00    1.00    0.00    0.00    1.00     1  irq/63-rtw88_pci
02:43:34        0       968    1.00    0.00    0.00    0.00    1.00     1  Xorg
02:43:34     1000      3303    1.00    0.00    0.00    0.00    1.00     1  ibus-daemon
02:43:34     1000      3314    0.00    1.00    0.00    0.00    1.00     0  ibus-extension-
02:43:34     1000      3436    1.00    0.00    0.00    1.00    1.00     0  ibus-engine-sim
02:43:34     1000      3596    2.00    0.00    0.00    1.00    2.00     1  cinnamon
02:43:34     1000      5902   15.00    3.00    0.00    3.00   18.00     0  brave
02:43:34     1000      5942    3.00    1.00    0.00    1.00    4.00     0  brave
02:43:34     1000      5943    3.00    4.00    0.00    0.00    7.00     1  brave
02:43:34     1000      6021    2.00    0.00    0.00    0.00    2.00     0  brave
02:43:34     1000      6120   16.00    3.00    0.00    6.00   19.00     1  brave
02:43:34     1000      6150    1.00    0.00    0.00    1.00    1.00     0  alacritty
02:43:34     1000      6344    3.00    0.00    0.00    0.00    3.00     0  brave
02:43:34     1000     11670    1.00    0.00    0.00    0.00    1.00     1  brave
02:43:34     1000     12378    1.00    2.00    0.00    0.00    3.00     0  pidstat
02:43:34     1000     12381    0.00    6.00    0.00    0.00    6.00     0  spin-lock

# Time        UID       PID    %usr %system  %guest   %wait    %CPU   CPU  Command
02:43:35      101       804    1.00    0.00    0.00    0.00    1.00     0  dbus-daemon
02:43:35      120       916    1.00    0.00    0.00    0.00    1.00     1  redis-server
02:43:35     1000      3596    2.00    0.00    0.00    0.00    2.00     0  cinnamon
02:43:35     1000      5902    1.00    0.00    0.00    0.00    1.00     1  brave
02:43:35     1000      5942    3.00    2.00    0.00    1.00    5.00     0  brave
02:43:35     1000      6120    5.00    1.00    0.00    2.00    6.00     1  brave
02:43:35     1000      6344    3.00    1.00    0.00    0.00    4.00     1  brave
02:43:35     1000     12378    1.00    1.00    0.00    0.00    2.00     0  pidstat
02:43:35     1000     12381    0.00    7.00    0.00    0.00    7.00     0  spin-lock

# Time        UID       PID    %usr %system  %guest   %wait    %CPU   CPU  Command
02:43:36        0       934    1.00    0.00    0.00    0.00    1.00     0  containerd
02:43:36        0       968    1.00    1.00    0.00    0.00    2.00     1  Xorg
02:43:36     1000      3596    3.00    1.00    0.00    1.00    4.00     1  cinnamon
02:43:36     1000      4636    1.00    0.00    0.00    0.00    1.00     0  jetbrains-toolb
02:43:36     1000      5902    1.00    1.00    0.00    0.00    2.00     0  brave
02:43:36     1000      5942    3.00    1.00    0.00    1.00    4.00     0  brave
02:43:36     1000      5943    1.00    1.00    0.00    0.00    2.00     1  brave
02:43:36     1000      6120    6.00    2.00    0.00    2.00    8.00     1  brave
02:43:36     1000      6344    3.00    1.00    0.00    1.00    4.00     1  brave
02:43:36     1000     12378    1.00    2.00    0.00    1.00    3.00     1  pidstat
02:43:36     1000     12381    1.00    9.00    0.00    0.00   10.00     0  spin-lock

# Time        UID       PID    %usr %system  %guest   %wait    %CPU   CPU  Command
02:43:37        0       165    0.00    1.00    0.00    0.00    1.00     0  gfx
02:43:37        0       968    0.00    1.00    0.00    0.00    1.00     0  Xorg
02:43:37     1000      3596    4.00    0.00    0.00    1.00    4.00     1  cinnamon
02:43:37     1000      5902    0.00   24.00    0.00    1.00   24.00     1  brave
02:43:37     1000      5942    5.00    2.00    0.00    2.00    7.00     1  brave
02:43:37     1000      6120    4.00    2.00    0.00    2.00    6.00     0  brave
02:43:37     1000      6344    5.00    1.00    0.00    1.00    6.00     1  brave
02:43:37        0     11698    0.00    1.00    0.00    0.00    1.00     0  kworker/u32:4-phy0
02:43:37     1000     12378    0.00    1.00    0.00    0.00    1.00     0  pidstat
02:43:37     1000     12381    0.00    7.00    0.00    0.00    7.00     0  spin-lock

# Time        UID       PID    %usr %system  %guest   %wait    %CPU   CPU  Command
02:43:38        0       703    0.00    1.00    0.00    0.00    1.00     1  irq/63-rtw88_pci
02:43:38        0       968    1.00    0.00    0.00    0.00    1.00     1  Xorg
02:43:38     1000      3596    1.00    0.00    0.00    0.00    1.00     0  cinnamon
02:43:38     1000      5902    4.00    3.00    0.00    0.00    7.00     1  brave
02:43:38     1000      5942    3.00    3.00    0.00    0.00    6.00     1  brave
02:43:38     1000      5943    1.00    1.00    0.00    0.00    2.00     1  brave
02:43:38     1000      6021    1.00    0.00    0.00    0.00    1.00     0  brave
02:43:38     1000      6120    7.00    3.00    0.00    3.00   10.00     1  brave
02:43:38     1000      6344    3.00    0.00    0.00    0.00    3.00     1  brave
02:43:38        0      9838    0.00    1.00    0.00    0.00    1.00     0  kworker/0:1-events
02:43:38     1000     12378    0.00    3.00    0.00    0.00    3.00     0  pidstat
02:43:38     1000     12381    0.00    8.00    0.00    0.00    8.00     0  spin-lock

# Time        UID       PID    %usr %system  %guest   %wait    %CPU   CPU  Command
02:43:39        0       968    0.00    1.00    0.00    0.00    1.00     0  Xorg
02:43:39     1000      3596    2.00    1.00    0.00    0.00    3.00     1  cinnamon
02:43:39     1000      5942    1.00    3.00    0.00    1.00    4.00     1  brave
02:43:39     1000      6120    6.00    1.00    0.00    1.00    7.00     1  brave
02:43:39     1000      6344    4.00    1.00    0.00    0.00    5.00     1  brave
02:43:39     1000     12378    1.00    3.00    0.00    0.00    4.00     0  pidstat
02:43:39     1000     12381    1.00    8.00    0.00    0.00    9.00     0  spin-lock

# Time        UID       PID    %usr %system  %guest   %wait    %CPU   CPU  Command
02:43:40        0       852    1.00    0.00    0.00    0.00    1.00     0  NetworkManager
02:43:40        0       968    0.00    1.00    0.00    0.00    1.00     0  Xorg
02:43:40     1000      3596    4.00    0.00    0.00    1.00    4.00     1  cinnamon
02:43:40     1000      4636    1.00    0.00    0.00    0.00    1.00     0  jetbrains-toolb
02:43:40     1000      5902    1.00    0.00    0.00    0.00    1.00     1  brave
02:43:40     1000      5942    5.00    3.00    0.00    2.00    8.00     1  brave
02:43:40     1000      5943    1.00    0.00    0.00    0.00    1.00     1  brave
02:43:40     1000      6120    8.00    1.00    0.00    2.00    9.00     1  brave
02:43:40     1000      6344    4.00    0.00    0.00    0.00    4.00     0  brave
02:43:40     1000     12378    0.00    2.00    0.00    0.00    2.00     0  pidstat
02:43:40     1000     12381    3.00    8.00    0.00    0.00   11.00     0  spin-lock

# Time        UID       PID    %usr %system  %guest   %wait    %CPU   CPU  Command
02:43:41        0       968    1.00    0.00    0.00    0.00    1.00     1  Xorg
02:43:41     1000      3596    4.00    0.00    0.00    1.00    4.00     1  cinnamon
02:43:41     1000      5902    1.00    0.00    0.00    0.00    1.00     1  brave
02:43:41     1000      5942    3.00    3.00    0.00    1.00    6.00     1  brave
02:43:41     1000      6120    5.00    1.00    0.00    1.00    6.00     1  brave
02:43:41     1000      6344    5.00    0.00    0.00    1.00    5.00     1  brave
02:43:41     1000      6987    1.00    0.00    0.00    0.00    1.00     1  brave
02:43:41        0     11698    0.00    1.00    0.00    0.00    1.00     0  kworker/u32:4-phy0
02:43:41     1000     12378    2.00    3.00    0.00    0.00    5.00     0  pidstat
02:43:41     1000     12381    0.00    9.00    0.00    0.00    9.00     0  spin-lock
