Linux 6.1.0-34-amd64 (debian) 	06/04/25 	_x86_64_	(2 CPU)

# Time        UID       PID    %usr %system  %guest   %wait    %CPU   CPU  Command
02:39:36        0       934    1.98    0.00    0.00    0.00    1.98     0  containerd
02:39:36     1000      4636    0.99    0.00    0.00    0.00    0.99     1  jetbrains-toolb
02:39:36     1000      5942    1.98    0.99    0.00    0.00    2.97     0  brave
02:39:36     1000      5943    0.99    0.00    0.00    0.00    0.99     0  brave
02:39:36     1000      6120    4.95    1.98    0.00    1.98    6.93     1  brave
02:39:36     1000      6344    5.94    0.99    0.00    0.99    6.93     1  brave
02:39:36     1000     12016    0.99    1.98    0.00    0.00    2.97     0  pidstat

# Time        UID       PID    %usr %system  %guest   %wait    %CPU   CPU  Command
02:39:37        0       703    0.00    1.00    0.00    0.00    1.00     1  irq/63-rtw88_pci
02:39:37     1000      5902    1.00   25.00    0.00    0.00   26.00     1  brave
02:39:37     1000      5942    1.00    2.00    0.00    0.00    3.00     0  brave
02:39:37     1000      6120    4.00    2.00    0.00    2.00    6.00     1  brave
02:39:37     1000      6319    1.00    0.00    0.00    1.00    1.00     0  brave
02:39:37     1000      6344    4.00    2.00    0.00    3.00    6.00     1  brave
02:39:37        0      9839    0.00    1.00    0.00    0.00    1.00     1  kworker/1:2-mm_percpu_wq
02:39:37     1000     12016    1.00    3.00    0.00    0.00    4.00     0  pidstat

# Time        UID       PID    %usr %system  %guest   %wait    %CPU   CPU  Command
02:39:38     1000      5902    1.00    1.00    0.00    0.00    2.00     0  brave
02:39:38     1000      5942    3.00    2.00    0.00    0.00    5.00     0  brave
02:39:38     1000      6120    6.00    1.00    0.00    2.00    7.00     0  brave
02:39:38     1000      6344    7.00    3.00    0.00    2.00   10.00     0  brave
02:39:38     1000     12016    1.00    0.00    0.00    0.00    1.00     1  pidstat

# Time        UID       PID    %usr %system  %guest   %wait    %CPU   CPU  Command
02:39:39        0        21    0.00    1.00    0.00    0.00    1.00     1  ksoftirqd/1
02:39:39        0       813    1.00    0.00    0.00    0.00    1.00     1  snapd
02:39:39        0       968    1.00    1.00    0.00    1.00    2.00     1  Xorg
02:39:39      114      1220    0.00    1.00    0.00    0.00    1.00     1  postgres
02:39:39     1000      3596    1.00    1.00    0.00    1.00    2.00     0  cinnamon
02:39:39     1000      5902    1.00    0.00    0.00    0.00    1.00     0  brave
02:39:39     1000      5942    5.00    0.00    0.00    1.00    5.00     1  brave
02:39:39     1000      6120    3.00    2.00    0.00    2.00    5.00     0  brave
02:39:39     1000      6344   12.00    1.00    0.00    4.00   13.00     0  brave
02:39:39        0     11701    0.00    1.00    0.00    0.00    1.00     0  kworker/u32:7-phy0
02:39:39     1000     12016    1.00    2.00    0.00    0.00    3.00     1  pidstat

# Time        UID       PID    %usr %system  %guest   %wait    %CPU   CPU  Command
02:39:40        0       703    0.00    1.00    0.00    0.00    1.00     1  irq/63-rtw88_pci
02:39:40        0       934    0.00    1.00    0.00    0.00    1.00     0  containerd
02:39:40     1000      3596    1.00    0.00    0.00    0.00    1.00     1  cinnamon
02:39:40     1000      4636    1.00    0.00    0.00    0.00    1.00     1  jetbrains-toolb
02:39:40     1000      5902    1.00    1.00    0.00    0.00    2.00     0  brave
02:39:40     1000      5942    3.00    2.00    0.00    0.00    5.00     0  brave
02:39:40     1000      6027    1.00    0.00    0.00    0.00    1.00     1  brave
02:39:40     1000      6120    6.00    1.00    0.00    1.00    7.00     0  brave
02:39:40     1000      6344    9.00    2.00    0.00    1.00   11.00     0  brave
02:39:40     1000      8654    0.00    1.00    0.00    0.00    1.00     1  brave
02:39:40     1000     12016    0.00    3.00    0.00    0.00    3.00     1  pidstat

# Time        UID       PID    %usr %system  %guest   %wait    %CPU   CPU  Command
02:39:41        0        20    0.00    1.00    0.00    0.00    1.00     1  migration/1
02:39:41      120       916    0.00    1.00    0.00    0.00    1.00     1  redis-server
02:39:41        0       968    1.00    0.00    0.00    0.00    1.00     1  Xorg
02:39:41     1000      3596    1.00    0.00    0.00    1.00    1.00     1  cinnamon
02:39:41     1000      3947    1.00    0.00    0.00    0.00    1.00     0  blueman-tray
02:39:41     1000      5902    2.00    1.00    0.00    0.00    3.00     1  brave
02:39:41     1000      5942    2.00    1.00    0.00    0.00    3.00     0  brave
02:39:41     1000      6120    5.00    2.00    0.00    3.00    7.00     1  brave
02:39:41     1000      6344   15.00    4.00    0.00    5.00   19.00     0  brave
02:39:41     1000      6626    1.00    0.00    0.00    0.00    1.00     0  brave
02:39:41     1000     12016    2.00    2.00    0.00    1.00    4.00     1  pidstat

# Time        UID       PID    %usr %system  %guest   %wait    %CPU   CPU  Command
02:39:42        0       165    0.00    1.00    0.00    0.00    1.00     0  gfx
02:39:42        0       849    1.00    0.00    0.00    0.00    1.00     1  preload
02:39:42      120       916    1.00    0.00    0.00    0.00    1.00     1  redis-server
02:39:42        0       968    2.00    2.00    0.00    0.00    4.00     0  Xorg
02:39:42     1000      3596    3.00    1.00    0.00    2.00    4.00     0  cinnamon
02:39:42     1000      4636    1.00    0.00    0.00    0.00    1.00     1  jetbrains-toolb
02:39:42     1000      5902    2.00    1.00    0.00    1.00    3.00     1  brave
02:39:42     1000      5942    7.00    3.00    0.00    2.00   10.00     1  brave
02:39:42     1000      6120    4.00    1.00    0.00    2.00    5.00     1  brave
02:39:42     1000      6344   18.00    1.00    0.00    5.00   19.00     0  brave
02:39:42     1000     12016    0.00    2.00    0.00    0.00    2.00     1  pidstat

# Time        UID       PID    %usr %system  %guest   %wait    %CPU   CPU  Command
02:39:43        0        15    0.00    1.00    0.00    0.00    1.00     0  rcu_preempt
02:39:43        0       703    0.00    1.00    0.00    0.00    1.00     1  irq/63-rtw88_pci
02:39:43        0       968    2.00    1.00    0.00    0.00    3.00     0  Xorg
02:39:43     1000      3417    1.00    0.00    0.00    0.00    1.00     1  csd-keyboard
02:39:43     1000      3596    4.00    1.00    0.00    1.00    5.00     0  cinnamon
02:39:43     1000      5902    2.00    1.00    0.00    1.00    3.00     0  brave
02:39:43     1000      5942    6.00    1.00    0.00    1.00    7.00     1  brave
02:39:43     1000      6120    5.00    1.00    0.00    1.00    6.00     0  brave
02:39:43     1000      6344   16.00    3.00    0.00    3.00   19.00     0  brave
02:39:43        0     11701    0.00    1.00    0.00    0.00    1.00     0  kworker/u32:7-phy0
02:39:43     1000     12016    1.00    2.00    0.00    0.00    3.00     1  pidstat

# Time        UID       PID    %usr %system  %guest   %wait    %CPU   CPU  Command
02:39:44     1000      4636    1.00    0.00    0.00    0.00    1.00     1  jetbrains-toolb
02:39:44     1000      5902    1.00    0.00    0.00    0.00    1.00     0  brave
02:39:44     1000      5942    1.00    2.00    0.00    0.00    3.00     1  brave
02:39:44     1000      6120    5.00    2.00    0.00    1.00    7.00     1  brave
02:39:44     1000      6344    4.00    2.00    0.00    1.00    6.00     0  brave
02:39:44     1000     12016    0.00    3.00    0.00    0.00    3.00     1  pidstat

# Time        UID       PID    %usr %system  %guest   %wait    %CPU   CPU  Command
02:39:45     1000      3596    1.00    0.00    0.00    0.00    1.00     1  cinnamon
02:39:45     1000      5902    1.00    1.00    0.00    0.00    2.00     0  brave
02:39:45     1000      5942    4.00    3.00    0.00    0.00    7.00     1  brave
02:39:45     1000      6120    6.00    1.00    0.00    2.00    7.00     0  brave
02:39:45     1000      6344   14.00    3.00    0.00    3.00   17.00     0  brave
02:39:45        0     11701    0.00    1.00    0.00    0.00    1.00     0  kworker/u32:7-phy0
02:39:45     1000     12016    2.00    2.00    0.00    1.00    4.00     1  pidstat

# Time        UID       PID    %usr %system  %guest   %wait    %CPU   CPU  Command
02:39:46        0        33    0.00    1.00    0.00    0.00    1.00     1  kcompactd0
02:39:46        0       703    0.00    1.00    0.00    0.00    1.00     1  irq/63-rtw88_pci
02:39:46        0       968    0.00    1.00    0.00    0.00    1.00     0  Xorg
02:39:46     1000      3596    1.00    1.00    0.00    1.00    2.00     1  cinnamon
02:39:46     1000      3682    1.00    0.00    0.00    0.00    1.00     1  kdeconnectd
02:39:46     1000      4636    0.00    1.00    0.00    0.00    1.00     1  jetbrains-toolb
02:39:46     1000      5902    2.00    0.00    0.00    0.00    2.00     0  brave
02:39:46     1000      5942    3.00    2.00    0.00    0.00    5.00     1  brave
02:39:46     1000      5943    1.00    0.00    0.00    0.00    1.00     0  brave
02:39:46     1000      6120    4.00    2.00    0.00    2.00    6.00     0  brave
02:39:46     1000      6344   12.00    3.00    0.00    2.00   15.00     1  brave
02:39:46        0      9838    0.00    1.00    0.00    0.00    1.00     0  kworker/0:1-events_freezable
02:39:46     1000     12016    0.00    3.00    0.00    0.00    3.00     1  pidstat

# Time        UID       PID    %usr %system  %guest   %wait    %CPU   CPU  Command
02:39:47     1000      3596    1.00    0.00    0.00    0.00    1.00     1  cinnamon
02:39:47     1000      4636    1.00    0.00    0.00    0.00    1.00     1  jetbrains-toolb
02:39:47     1000      5902    1.00    1.00    0.00    0.00    2.00     0  brave
02:39:47     1000      5942    1.00    2.00    0.00    0.00    3.00     1  brave
02:39:47     1000      5943    0.00    1.00    0.00    0.00    1.00     0  brave
02:39:47     1000      6120    4.00    3.00    0.00    2.00    7.00     1  brave
02:39:47     1000      6344    4.00    2.00    0.00    1.00    6.00     0  brave
02:39:47     1000     12016    2.00    2.00    0.00    0.00    4.00     1  pidstat
02:39:47     1000     12019    1.00    0.00    0.00    0.00    1.00     0  mutex-cond

# Time        UID       PID    %usr %system  %guest   %wait    %CPU   CPU  Command
02:39:48      120       916    1.00    0.00    0.00    0.00    1.00     1  redis-server
02:39:48        0       968    0.00    2.00    0.00    0.00    2.00     0  Xorg
02:39:48     1000      5902    3.00    1.00    0.00    1.00    4.00     0  brave
02:39:48     1000      5942    2.00    1.00    0.00    0.00    3.00     1  brave
02:39:48     1000      6021    3.00    1.00    0.00    0.00    4.00     1  brave
02:39:48     1000      6120    9.00    2.00    0.00    2.00   11.00     1  brave
02:39:48     1000      6344   47.00    2.00    0.00   13.00   49.00     0  brave
02:39:48     1000     12016    0.00    1.00    0.00    0.00    1.00     0  pidstat

# Time        UID       PID    %usr %system  %guest   %wait    %CPU   CPU  Command
02:39:49        0       140    0.00    1.00    0.00    0.00    1.00     0  irq/30-ELAN0708:00
02:39:49        0       703    0.00    1.00    0.00    0.00    1.00     1  irq/63-rtw88_pci
02:39:49        0       968    3.00    1.00    0.00    0.00    4.00     1  Xorg
02:39:49     1000      3303    1.00    0.00    0.00    2.00    1.00     0  ibus-daemon
02:39:49     1000      3313    1.00    0.00    0.00    1.00    1.00     1  ibus-ui-gtk3
02:39:49     1000      3596    3.00    1.00    0.00    5.00    4.00     0  cinnamon
02:39:49     1000      5902    5.00    2.00    0.00    2.00    7.00     1  brave
02:39:49     1000      5942    4.00    2.00    0.00    3.00    6.00     0  brave
02:39:49     1000      6120   14.00    2.00    0.00    7.00   16.00     1  brave
02:39:49     1000      6344    4.00    2.00    0.00    3.00    6.00     0  brave
02:39:49     1000     12016    1.00    3.00    0.00    0.00    4.00     0  pidstat

# Time        UID       PID    %usr %system  %guest   %wait    %CPU   CPU  Command
02:39:50      120       916    0.00    1.00    0.00    0.00    1.00     0  redis-server
02:39:50        0       968    0.00    1.00    0.00    0.00    1.00     1  Xorg
02:39:50     1000      3303    1.00    1.00    0.00    1.00    2.00     1  ibus-daemon
02:39:50     1000      3314    1.00    0.00    0.00    1.00    1.00     1  ibus-extension-
02:39:50     1000      3392    1.00    0.00    0.00    0.00    1.00     0  csd-power
02:39:50     1000      3596    1.00    0.00    0.00    1.00    1.00     1  cinnamon
02:39:50     1000      3947    1.00    0.00    0.00    0.00    1.00     1  blueman-tray
02:39:50     1000      5902    2.00    1.00    0.00    0.00    3.00     0  brave
02:39:50     1000      5942    3.00    1.00    0.00    1.00    4.00     1  brave
02:39:50     1000      6120   56.00    2.00    0.00   18.00   58.00     0  brave
02:39:50     1000      6150    1.00    0.00    0.00    0.00    1.00     1  alacritty
02:39:50     1000      6344    4.00    0.00    0.00    1.00    4.00     0  brave
02:39:50     1000     12016    0.00    3.00    0.00    1.00    3.00     1  pidstat

# Time        UID       PID    %usr %system  %guest   %wait    %CPU   CPU  Command
02:39:51        0       703    0.00    1.00    0.00    0.00    1.00     1  irq/63-rtw88_pci
02:39:51        0       968    0.00    1.00    0.00    0.00    1.00     1  Xorg
02:39:51     1000      3303    1.00    0.00    0.00    0.00    1.00     1  ibus-daemon
02:39:51     1000      3436    1.00    0.00    0.00    0.00    1.00     0  ibus-engine-sim
02:39:51     1000      3596    2.00    0.00    0.00    1.00    2.00     1  cinnamon
02:39:51     1000      4636    1.00    0.00    0.00    0.00    1.00     1  jetbrains-toolb
02:39:51     1000      5902   11.00    2.00    0.00    2.00   13.00     0  brave
02:39:51     1000      5942    4.00    2.00    0.00    1.00    6.00     0  brave
02:39:51     1000      5943    5.00    2.00    0.00    0.00    7.00     0  brave
02:39:51     1000      6021    1.00    0.00    0.00    0.00    1.00     1  brave
02:39:51     1000      6120   20.00    4.00    0.00    7.00   24.00     1  brave
02:39:51     1000      6344    4.00    0.00    0.00    0.00    4.00     0  brave
02:39:51     1000      6626    0.00    1.00    0.00    0.00    1.00     0  brave
02:39:51        0     11701    0.00    1.00    0.00    0.00    1.00     1  kworker/u32:7-flush-259:0
02:39:51     1000     12016    1.00    3.00    0.00    1.00    4.00     0  pidstat

# Time        UID       PID    %usr %system  %guest   %wait    %CPU   CPU  Command
02:39:52        0       703    0.00    1.00    0.00    0.00    1.00     1  irq/63-rtw88_pci
02:39:52        0       968    1.00    0.00    0.00    0.00    1.00     0  Xorg
02:39:52     1000      3303    0.00    1.00    0.00    1.00    1.00     0  ibus-daemon
02:39:52     1000      3596    1.00    1.00    0.00    1.00    2.00     1  cinnamon
02:39:52     1000      4636    0.00    1.00    0.00    0.00    1.00     1  jetbrains-toolb
02:39:52     1000      5902   11.00    7.00    0.00    4.00   18.00     1  brave
02:39:52     1000      5942    4.00    2.00    0.00    1.00    6.00     0  brave
02:39:52     1000      5943    5.00    2.00    0.00    0.00    7.00     0  brave
02:39:52     1000      6021    2.00    1.00    0.00    0.00    3.00     1  brave
02:39:52     1000      6120   20.00    3.00    0.00    9.00   23.00     1  brave
02:39:52     1000      6344    4.00    1.00    0.00    1.00    5.00     0  brave
02:39:52     1000     12016    1.00    2.00    0.00    0.00    3.00     0  pidstat

# Time        UID       PID    %usr %system  %guest   %wait    %CPU   CPU  Command
02:39:53        0       703    0.00    1.00    0.00    0.00    1.00     1  irq/63-rtw88_pci
02:39:53        0       968    0.00    1.00    0.00    0.00    1.00     0  Xorg
02:39:53     1000      3303    2.00    0.00    0.00    1.00    2.00     1  ibus-daemon
02:39:53     1000      3314    0.00    1.00    0.00    0.00    1.00     1  ibus-extension-
02:39:53     1000      3436    1.00    0.00    0.00    0.00    1.00     0  ibus-engine-sim
02:39:53     1000      3596    2.00    0.00    0.00    1.00    2.00     1  cinnamon
02:39:53     1000      5902   12.00    6.00    0.00    2.00   18.00     0  brave
02:39:53     1000      5942    4.00    0.00    0.00    1.00    4.00     0  brave
02:39:53     1000      5943    5.00    3.00    0.00    0.00    8.00     0  brave
02:39:53     1000      6021    1.00    1.00    0.00    0.00    2.00     1  brave
02:39:53     1000      6120   18.00    2.00    0.00    6.00   20.00     0  brave
02:39:53     1000      6344    4.00    1.00    0.00    3.00    5.00     1  brave
02:39:53     1000     12016    0.00    2.00    0.00    0.00    2.00     0  pidstat

# Time        UID       PID    %usr %system  %guest   %wait    %CPU   CPU  Command
02:39:54        0       115    0.00    1.00    0.00    0.00    1.00     0  kworker/0:1H-kblockd
02:39:54        0       165    0.00    1.00    0.00    0.00    1.00     0  gfx
02:39:54        0       968    0.00    1.00    0.00    0.00    1.00     1  Xorg
02:39:54     1000      3303    1.00    1.00    0.00    1.00    2.00     0  ibus-daemon
02:39:54     1000      3596    1.00    1.00    0.00    3.00    2.00     1  cinnamon
02:39:54     1000      5902   13.00    5.00    0.00    2.00   18.00     1  brave
02:39:54     1000      5942    5.00    1.00    0.00    3.00    6.00     1  brave
02:39:54     1000      5943    5.00    3.00    0.00    0.00    8.00     0  brave
02:39:54     1000      6021    2.00    0.00    0.00    0.00    2.00     1  brave
02:39:54     1000      6097    2.00    1.00    0.00    0.00    3.00     0  brave
02:39:54     1000      6120   25.00    3.00    0.00    9.00   28.00     0  brave
02:39:54     1000      6150    0.00    1.00    0.00    0.00    1.00     0  alacritty
02:39:54     1000      6344    4.00    0.00    0.00    0.00    4.00     1  brave
02:39:54     1000      6418    1.00    0.00    0.00    0.00    1.00     0  brave
02:39:54     1000      6626    1.00    0.00    0.00    0.00    1.00     1  brave
02:39:54     1000     12016    1.00    1.00    0.00    1.00    2.00     0  pidstat
