Linux 6.1.0-34-amd64 (debian) 	06/04/25 	_x86_64_	(2 CPU)

# Time        UID       PID    %usr %system  %guest   %wait    %CPU   CPU  Command
02:40:59        0       140    0.00    0.84    0.00    0.00    0.84     0  irq/30-ELAN0708:00
02:40:59        0       165    0.00    0.84    0.00    0.00    0.84     1  gfx
02:40:59        0       703    0.00    0.84    0.00    0.00    0.84     1  irq/63-rtw88_pci
02:40:59        0       968    4.20    1.68    0.00    0.00    5.88     1  Xorg
02:40:59     1000      3596   10.92    1.68    0.00   10.92   12.61     1  cinnamon
02:40:59     1000      5902    7.56    3.36    0.00    0.84   10.92     0  brave
02:40:59     1000      5942    7.56    5.88    0.00    7.56   13.45     1  brave
02:40:59     1000      6097    0.84    0.00    0.00    0.00    0.84     0  brave
02:40:59     1000      6120   21.85    5.04    0.00   48.74   26.89     1  brave
02:40:59     1000      6150    0.84    0.00    0.00    0.00    0.84     1  alacritty
02:40:59     1000      6344    5.88    0.84    0.00    0.84    6.72     1  brave
02:40:59        0     10294    0.00    0.84    0.00    0.84    0.84     1  kworker/u32:1-phy0
02:40:59     1000     11670   37.82    7.56    0.00    0.00   45.38     1  brave
02:40:59     1000     12140   27.73   10.08    0.00   60.50   37.82     1  brave
02:40:59     1000     12181    1.68    3.36    0.00   11.76    5.04     0  pidstat
02:40:59     1000     12184    4.20   27.73    0.00    0.84   31.93     1  spin-lock

# Time        UID       PID    %usr %system  %guest   %wait    %CPU   CPU  Command
02:41:00        0       165    0.00    1.00    0.00    0.00    1.00     0  gfx
02:41:00        0       968    2.00    2.00    0.00    1.00    4.00     0  Xorg
02:41:00     1000      3596   11.00    3.00    0.00    8.00   14.00     0  cinnamon
02:41:00     1000      4636    1.00    0.00    0.00    0.00    1.00     1  jetbrains-toolb
02:41:00     1000      5902    8.00    2.00    0.00    0.00   10.00     0  brave
02:41:00     1000      5942    8.00    5.00    0.00    5.00   13.00     0  brave
02:41:00     1000      6120   37.00    5.00    0.00   52.00   42.00     0  brave
02:41:00     1000      6344    4.00    3.00    0.00    1.00    7.00     1  brave
02:41:00        0     10294    0.00    1.00    0.00    0.00    1.00     1  kworker/u32:1-phy0
02:41:00     1000     11670   26.00   10.00    0.00    0.00   36.00     1  brave
02:41:00     1000     12140   22.00    8.00    0.00   66.00   30.00     1  brave
02:41:00     1000     12181    0.00    4.00    0.00    9.00    4.00     1  pidstat
02:41:00     1000     12184    3.00   22.00    0.00    0.00   25.00     1  spin-lock

# Time        UID       PID    %usr %system  %guest   %wait    %CPU   CPU  Command
02:41:01        0        15    0.00    1.00    0.00    0.00    1.00     1  rcu_preempt
02:41:01        0       968    3.00    2.00    0.00    0.00    5.00     0  Xorg
02:41:01     1000      3596   10.00    3.00    0.00   14.00   13.00     0  cinnamon
02:41:01     1000      4636    0.00    1.00    0.00    0.00    1.00     1  jetbrains-toolb
02:41:01     1000      5902   10.00    3.00    0.00    3.00   13.00     0  brave
02:41:01     1000      5942   13.00    3.00    0.00    6.00   16.00     0  brave
02:41:01     1000      6120   49.00    8.00    0.00   63.00   57.00     1  brave
02:41:01     1000      6344    6.00    1.00    0.00    0.00    7.00     1  brave
02:41:01        0     10294    0.00    1.00    0.00    0.00    1.00     1  kworker/u32:1-events_unbound
02:41:01     1000     11670   30.00    4.00    0.00    0.00   34.00     1  brave
02:41:01     1000     12140   20.00   10.00    0.00   75.00   30.00     1  brave
02:41:01     1000     12181    2.00    2.00    0.00   16.00    4.00     1  pidstat
02:41:01     1000     12184    3.00   23.00    0.00    0.00   26.00     1  spin-lock

# Time        UID       PID    %usr %system  %guest   %wait    %CPU   CPU  Command
02:41:02        0       140    0.00    1.00    0.00    0.00    1.00     0  irq/30-ELAN0708:00
02:41:02        0       165    0.00    1.00    0.00    0.00    1.00     1  gfx
02:41:02        0       231    0.00    1.00    0.00    0.00    1.00     1  jbd2/nvme0n1p2-8
02:41:02        0       703    0.00    1.00    0.00    0.00    1.00     1  irq/63-rtw88_pci
02:41:02        0       849    1.00    0.00    0.00    0.00    1.00     0  preload
02:41:02        0       968    2.00    4.00    0.00    0.00    6.00     1  Xorg
02:41:02     1000      3170    1.00    0.00    0.00    0.00    1.00     1  kwalletd5
02:41:02     1000      3596   11.00    5.00    0.00   32.00   16.00     1  cinnamon
02:41:02     1000      3947    1.00    0.00    0.00    0.00    1.00     0  blueman-tray
02:41:02     1000      5902   14.00    5.00    0.00    4.00   19.00     0  brave
02:41:02     1000      5942   14.00    2.00    0.00   10.00   16.00     1  brave
02:41:02     1000      5943    1.00    0.00    0.00    0.00    1.00     1  brave
02:41:02     1000      6120    9.00    8.00    0.00   30.00   17.00     0  brave
02:41:02     1000      6344    7.00    2.00    0.00    7.00    9.00     1  brave
02:41:02        0      9600    0.00    1.00    0.00    0.00    1.00     1  kworker/u33:1-rtw_tx_wq
02:41:02     1000     11670   34.00    8.00    0.00    0.00   42.00     1  brave
02:41:02     1000     12140   19.00   13.00    0.00   65.00   32.00     1  brave
02:41:02     1000     12181    1.00    3.00    0.00    9.00    4.00     1  pidstat
02:41:02     1000     12184    3.00   21.00    0.00    0.00   24.00     1  spin-lock

# Time        UID       PID    %usr %system  %guest   %wait    %CPU   CPU  Command
02:41:03        0       140    0.00    1.00    0.00    1.00    1.00     0  irq/30-ELAN0708:00
02:41:03        0       165    0.00    1.00    0.00    0.00    1.00     1  gfx
02:41:03        0       968    3.00    3.00    0.00    1.00    6.00     1  Xorg
02:41:03     1000      3303    1.00    0.00    0.00    1.00    1.00     1  ibus-daemon
02:41:03     1000      3313    1.00    0.00    0.00    1.00    1.00     0  ibus-ui-gtk3
02:41:03     1000      3596    4.00    2.00    0.00   23.00    6.00     1  cinnamon
02:41:03     1000      5902   18.00    2.00    0.00    8.00   20.00     1  brave
02:41:03     1000      5942   20.00    6.00    0.00   58.00   26.00     0  brave
02:41:03     1000      5943    0.00    1.00    0.00    0.00    1.00     1  brave
02:41:03     1000      6021    1.00    0.00    0.00    0.00    1.00     0  brave
02:41:03     1000      6120   55.00   12.00    0.00   71.00   67.00     0  brave
02:41:03     1000      6344    6.00    2.00    0.00    1.00    8.00     1  brave
02:41:03     1000      6626    8.00    0.00    0.00   10.00    8.00     0  brave
02:41:03        0     10294    0.00    1.00    0.00    0.00    1.00     1  kworker/u32:1-writeback
02:41:03     1000     11670   24.00    3.00    0.00    0.00   27.00     1  brave
02:41:03     1000     12181    1.00    2.00    0.00   13.00    3.00     1  pidstat
02:41:03     1000     12184    2.00   18.00    0.00    0.00   20.00     1  spin-lock

# Time        UID       PID    %usr %system  %guest   %wait    %CPU   CPU  Command
02:41:04        0       140    0.00    1.00    0.00    0.00    1.00     0  irq/30-ELAN0708:00
02:41:04        0       968    1.00    3.00    0.00    0.00    4.00     1  Xorg
02:41:04     1000      3596    5.00    1.00    0.00    7.00    6.00     1  cinnamon
02:41:04     1000      4636    1.00    0.00    0.00    0.00    1.00     1  jetbrains-toolb
02:41:04     1000      5902    5.00    1.00    0.00    1.00    6.00     0  brave
02:41:04     1000      5942    9.00    3.00    0.00   21.00   12.00     1  brave
02:41:04     1000      6120   84.00   17.00    0.00   71.00  101.00     1  brave
02:41:04     1000      6150    1.00    0.00    0.00    3.00    1.00     1  alacritty
02:41:04     1000      6344    2.00    3.00    0.00    1.00    5.00     1  brave
02:41:04     1000     11670   32.00    3.00    0.00    0.00   35.00     1  brave
02:41:04        0     11701    0.00    1.00    0.00    1.00    1.00     0  kworker/u32:7-phy0
02:41:04     1000     12181    1.00    4.00    0.00   13.00    5.00     1  pidstat
02:41:04     1000     12184    2.00   24.00    0.00    0.00   26.00     1  spin-lock

# Time        UID       PID    %usr %system  %guest   %wait    %CPU   CPU  Command
02:41:05        0        15    0.00    1.00    0.00    0.00    1.00     0  rcu_preempt
02:41:05        0       703    0.00    1.00    0.00    0.00    1.00     1  irq/63-rtw88_pci
02:41:05        0       968    0.00    1.00    0.00    0.00    1.00     0  Xorg
02:41:05     1000      3596    5.00    0.00    0.00    6.00    5.00     0  cinnamon
02:41:05     1000      5902    2.00    1.00    0.00    0.00    3.00     0  brave
02:41:05     1000      5942    6.00    1.00    0.00    4.00    7.00     0  brave
02:41:05     1000      5943    1.00    1.00    0.00    0.00    2.00     1  brave
02:41:05     1000      6120   12.00    2.00    0.00   11.00   14.00     0  brave
02:41:05     1000      6344    4.00    1.00    0.00    0.00    5.00     1  brave
02:41:05     1000     11670   62.00    7.00    0.00    0.00   69.00     1  brave
02:41:05     1000     12181    0.00    2.00    0.00    1.00    2.00     1  pidstat
02:41:05     1000     12184    3.00   10.00    0.00    0.00   13.00     1  spin-lock

# Time        UID       PID    %usr %system  %guest   %wait    %CPU   CPU  Command
02:41:06        0       165    0.00    1.00    0.00    0.00    1.00     1  gfx
02:41:06        0       703    0.00    1.00    0.00    0.00    1.00     1  irq/63-rtw88_pci
02:41:06      120       916    1.00    0.00    0.00    0.00    1.00     1  redis-server
02:41:06        0       968    1.00    1.00    0.00    0.00    2.00     1  Xorg
02:41:06     1000      3596    5.00    0.00    0.00   10.00    5.00     1  cinnamon
02:41:06     1000      4636    0.00    1.00    0.00    0.00    1.00     1  jetbrains-toolb
02:41:06     1000      5902    2.00    0.00    0.00    0.00    2.00     1  brave
02:41:06     1000      5942    3.00    2.00    0.00    4.00    5.00     1  brave
02:41:06     1000      5943    3.00    1.00    0.00    0.00    4.00     0  brave
02:41:06     1000      6120    6.00    1.00    0.00    5.00    7.00     1  brave
02:41:06     1000      6344    5.00    0.00    0.00    1.00    5.00     0  brave
02:41:06     1000      6831    1.00    0.00    0.00    0.00    1.00     1  brave
02:41:06     1000     11670   89.00    3.00    0.00    0.00   92.00     1  brave
02:41:06        0     11701    0.00    1.00    0.00    0.00    1.00     1  kworker/u32:7-events_unbound
02:41:06     1000     12181    1.00    2.00    0.00    0.00    3.00     1  pidstat
02:41:06     1000     12184    2.00    9.00    0.00    0.00   11.00     1  spin-lock

# Time        UID       PID    %usr %system  %guest   %wait    %CPU   CPU  Command
02:41:07        0       703    0.00    1.00    0.00    0.00    1.00     1  irq/63-rtw88_pci
02:41:07      120       916    0.00    1.00    0.00    0.00    1.00     1  redis-server
02:41:07        0       968    2.00    0.00    0.00    0.00    2.00     0  Xorg
02:41:07     1000      3303    1.00    1.00    0.00    1.00    2.00     1  ibus-daemon
02:41:07     1000      3417    1.00    0.00    0.00    0.00    1.00     0  csd-keyboard
02:41:07     1000      3596    3.00    1.00    0.00    7.00    4.00     0  cinnamon
02:41:07     1000      5902   10.00    7.00    0.00    5.00   17.00     0  brave
02:41:07     1000      5942    8.00    2.00    0.00   14.00   10.00     0  brave
02:41:07     1000      5943    4.00    2.00    0.00    0.00    6.00     0  brave
02:41:07     1000      6021    2.00    1.00    0.00    0.00    3.00     0  brave
02:41:07     1000      6120   32.00    9.00    0.00   48.00   41.00     1  brave
02:41:07     1000      6344    5.00    1.00    0.00    1.00    6.00     0  brave
02:41:07     1000     11670   93.00    0.00    0.00    0.00   93.00     1  brave
02:41:07     1000     12181    3.00    4.00    0.00   16.00    7.00     1  pidstat
02:41:07     1000     12184    2.00   17.00    0.00    0.00   19.00     1  spin-lock

# Time        UID       PID    %usr %system  %guest   %wait    %CPU   CPU  Command
02:41:08        0        21    0.00    1.00    0.00    0.00    1.00     1  ksoftirqd/1
02:41:08        0       968    0.00    2.00    0.00    0.00    2.00     1  Xorg
02:41:08     1000      3436    1.00    0.00    0.00    0.00    1.00     1  ibus-engine-sim
02:41:08     1000      3596    2.00    0.00    0.00    5.00    2.00     1  cinnamon
02:41:08     1000      5902   13.00    5.00    0.00    8.00   18.00     0  brave
02:41:08     1000      5942    4.00    2.00    0.00    4.00    6.00     1  brave
02:41:08     1000      5943    5.00    3.00    0.00    0.00    8.00     0  brave
02:41:08     1000      6021    3.00    0.00    0.00    0.00    3.00     0  brave
02:41:08     1000      6120   30.00    9.00    0.00   36.00   39.00     0  brave
02:41:08     1000      6344    4.00    1.00    0.00    1.00    5.00     0  brave
02:41:08     1000     11670   40.00    7.00    0.00    0.00   47.00     1  brave
02:41:08     1000     12181    1.00    1.00    0.00    3.00    2.00     1  pidstat
02:41:08     1000     12184    1.00   17.00    0.00    0.00   18.00     1  spin-lock

# Time        UID       PID    %usr %system  %guest   %wait    %CPU   CPU  Command
02:41:09        0       703    0.00    1.00    0.00    0.00    1.00     1  irq/63-rtw88_pci
02:41:09     1000      3303    1.00    0.00    0.00    1.00    1.00     1  ibus-daemon
02:41:09     1000      3363    1.00    0.00    0.00    0.00    1.00     0  at-spi2-registr
02:41:09     1000      3596    2.00    1.00    0.00    2.00    3.00     1  cinnamon
02:41:09     1000      4636    1.00    0.00    0.00    0.00    1.00     1  jetbrains-toolb
02:41:09     1000      5902   12.00    3.00    0.00    5.00   15.00     0  brave
02:41:09     1000      5942    4.00    2.00    0.00    1.00    6.00     1  brave
02:41:09     1000      5943    4.00    2.00    0.00    0.00    6.00     0  brave
02:41:09     1000      6021    2.00    1.00    0.00    0.00    3.00     0  brave
02:41:09     1000      6120   27.00   11.00    0.00   34.00   38.00     1  brave
02:41:09     1000      6344    4.00    1.00    0.00    1.00    5.00     0  brave
02:41:09     1000     11670   69.00    6.00    0.00    0.00   75.00     1  brave
02:41:09     1000     12181    0.00    2.00    0.00    2.00    2.00     1  pidstat
02:41:09     1000     12184    4.00   16.00    0.00    0.00   20.00     1  spin-lock

# Time        UID       PID    %usr %system  %guest   %wait    %CPU   CPU  Command
02:41:10        0       968    1.00    0.00    0.00    0.00    1.00     1  Xorg
02:41:10     1000      3303    1.00    1.00    0.00    1.00    2.00     0  ibus-daemon
02:41:10     1000      3596    1.00    0.00    0.00    2.00    1.00     0  cinnamon
02:41:10     1000      4636    0.00    1.00    0.00    0.00    1.00     1  jetbrains-toolb
02:41:10     1000      5902    6.00    1.00    0.00    2.00    7.00     1  brave
02:41:10     1000      5942    3.00    1.00    0.00    2.00    4.00     0  brave
02:41:10     1000      5943    2.00    0.00    0.00    0.00    2.00     0  brave
02:41:10     1000      6021    1.00    0.00    0.00    0.00    1.00     0  brave
02:41:10     1000      6109    1.00    0.00    0.00    1.00    1.00     0  brave
02:41:10     1000      6120   16.00    2.00    0.00   29.00   18.00     0  brave
02:41:10     1000      6344   57.00    8.00    0.00   56.00   65.00     0  brave
02:41:10     1000      6626    5.00    1.00    0.00   10.00    6.00     1  brave
02:41:10     1000     11670   51.00    7.00    0.00    0.00   58.00     1  brave
02:41:10     1000     12181    1.00    2.00    0.00    4.00    3.00     1  pidstat
02:41:10     1000     12184    2.00   19.00    0.00    0.00   21.00     1  spin-lock

# Time        UID       PID    %usr %system  %guest   %wait    %CPU   CPU  Command
02:41:11        0       165    0.00    1.00    0.00    0.00    1.00     1  gfx
02:41:11        0       968    1.00    2.00    0.00    1.00    3.00     1  Xorg
02:41:11     1000      3596    4.00    1.00    0.00    4.00    5.00     1  cinnamon
02:41:11     1000      4636    1.00    0.00    0.00    0.00    1.00     1  jetbrains-toolb
02:41:11     1000      5902    1.00    0.00    0.00    0.00    1.00     1  brave
02:41:11     1000      5942    4.00    4.00    0.00    4.00    8.00     1  brave
02:41:11     1000      6120    8.00    3.00    0.00    9.00   11.00     1  brave
02:41:11     1000      6344   18.00    7.00    0.00   19.00   25.00     1  brave
02:41:11     1000      6987    1.00    0.00    0.00    0.00    1.00     1  brave
02:41:11     1000     11670   72.00    4.00    0.00    0.00   76.00     1  brave
02:41:11        0     11701    0.00    1.00    0.00    0.00    1.00     1  kworker/u32:7-flush-259:0
02:41:11     1000     12181    2.00    3.00    0.00    2.00    5.00     1  pidstat
02:41:11     1000     12184    4.00   12.00    0.00    0.00   16.00     1  spin-lock

# Time        UID       PID    %usr %system  %guest   %wait    %CPU   CPU  Command
02:41:12        0        15    0.00    1.00    0.00    0.00    1.00     0  rcu_preempt
02:41:12      101       804    1.00    0.00    0.00    0.00    1.00     1  dbus-daemon
02:41:12        0       968    1.00    0.00    0.00    0.00    1.00     0  Xorg
02:41:12     1000      3392    0.00    1.00    0.00    0.00    1.00     1  csd-power
02:41:12     1000      3596    5.00    1.00    0.00    8.00    6.00     0  cinnamon
02:41:12     1000      3947    0.00    1.00    0.00    0.00    1.00     1  blueman-tray
02:41:12     1000      4636    1.00    0.00    0.00    0.00    1.00     1  jetbrains-toolb
02:41:12     1000      5902    1.00    0.00    0.00    0.00    1.00     1  brave
02:41:12     1000      5942    7.00    1.00    0.00    6.00    8.00     0  brave
02:41:12     1000      6120    8.00    2.00    0.00   11.00   10.00     0  brave
02:41:12     1000      6344    3.00    2.00    0.00    1.00    5.00     0  brave
02:41:12     1000     11670   73.00    8.00    0.00    0.00   81.00     1  brave
02:41:12        0     12078    0.00    1.00    0.00    0.00    1.00     1  kworker/1:0-events_power_efficient
02:41:12     1000     12181    0.00    1.00    0.00    0.00    1.00     1  pidstat
02:41:12     1000     12184    7.00   11.00    0.00    0.00   18.00     1  spin-lock

# Time        UID       PID    %usr %system  %guest   %wait    %CPU   CPU  Command
02:41:13        0       703    0.00    1.00    0.00    0.00    1.00     1  irq/63-rtw88_pci
02:41:13      120       916    0.00    1.00    0.00    0.00    1.00     1  redis-server
02:41:13        0       968    1.00    1.00    0.00    0.00    2.00     1  Xorg
02:41:13     1000      3596    6.00    0.00    0.00    8.00    6.00     0  cinnamon
02:41:13     1000      5902    2.00    2.00    0.00    1.00    4.00     1  brave
02:41:13     1000      5942    6.00    2.00    0.00    3.00    8.00     1  brave
02:41:13     1000      5943    1.00    0.00    0.00    0.00    1.00     0  brave
02:41:13     1000      6120    9.00    4.00    0.00   13.00   13.00     1  brave
02:41:13     1000      6344    6.00    0.00    0.00    2.00    6.00     0  brave
02:41:13     1000     11670   33.00    3.00    0.00    0.00   36.00     1  brave
02:41:13     1000     12181    2.00    1.00    0.00    0.00    3.00     1  pidstat
02:41:13     1000     12184    2.00   10.00    0.00    0.00   12.00     1  spin-lock

# Time        UID       PID    %usr %system  %guest   %wait    %CPU   CPU  Command
02:41:14        0       968    1.00    1.00    0.00    0.00    2.00     1  Xorg
02:41:14     1000      3596    5.00    0.00    0.00    2.00    5.00     1  cinnamon
02:41:14     1000      5902    2.00    0.00    0.00    0.00    2.00     0  brave
02:41:14     1000      5942    4.00    2.00    0.00    2.00    6.00     1  brave
02:41:14     1000      6120   13.00    2.00    0.00    4.00   15.00     0  brave
02:41:14     1000      6344    4.00    1.00    0.00    0.00    5.00     0  brave
02:41:14        0     11701    0.00    1.00    0.00    0.00    1.00     0  kworker/u32:7-phy0
02:41:14     1000     12181    1.00    3.00    0.00    1.00    4.00     0  pidstat
02:41:14     1000     12184    1.00   11.00    0.00    0.00   12.00     1  spin-lock

# Time        UID       PID    %usr %system  %guest   %wait    %CPU   CPU  Command
02:41:15        0       165    0.00    1.00    0.00    0.00    1.00     0  gfx
02:41:15        0       703    0.00    1.00    0.00    0.00    1.00     1  irq/63-rtw88_pci
02:41:15        0       968    1.00    0.00    0.00    0.00    1.00     1  Xorg
02:41:15     1000      3303    2.00    0.00    0.00    0.00    2.00     1  ibus-daemon
02:41:15     1000      3436    1.00    1.00    0.00    0.00    2.00     0  ibus-engine-sim
02:41:15     1000      3596    2.00    1.00    0.00    4.00    3.00     1  cinnamon
02:41:15     1000      5902   15.00    4.00    0.00    5.00   19.00     1  brave
02:41:15     1000      5942    6.00    2.00    0.00    5.00    8.00     1  brave
02:41:15     1000      5943    6.00    2.00    0.00    0.00    8.00     0  brave
02:41:15     1000      6021    1.00    0.00    0.00    0.00    1.00     0  brave
02:41:15     1000      6120   31.00    3.00    0.00   16.00   34.00     1  brave
02:41:15     1000      6344    4.00    1.00    0.00    1.00    5.00     0  brave
02:41:15        0      9600    0.00    1.00    0.00    0.00    1.00     0  kworker/u33:1-rtw_tx_wq
02:41:15     1000     12181    1.00    1.00    0.00    0.00    2.00     0  pidstat
02:41:15     1000     12184    1.00    8.00    0.00    0.00    9.00     1  spin-lock

# Time        UID       PID    %usr %system  %guest   %wait    %CPU   CPU  Command
02:41:16        0       703    0.00    1.00    0.00    0.00    1.00     1  irq/63-rtw88_pci
02:41:16        0       968    1.00    2.00    0.00    0.00    3.00     1  Xorg
02:41:16     1000      3303    1.00    1.00    0.00    1.00    2.00     1  ibus-daemon
02:41:16     1000      3596    3.00    0.00    0.00    4.00    3.00     1  cinnamon
02:41:16     1000      4636    0.00    1.00    0.00    0.00    1.00     1  jetbrains-toolb
02:41:16     1000      5902   15.00    3.00    0.00    5.00   18.00     0  brave
02:41:16     1000      5942    5.00    2.00    0.00    3.00    7.00     1  brave
02:41:16     1000      5943    5.00    2.00    0.00    0.00    7.00     0  brave
02:41:16     1000      6021    2.00    1.00    0.00    0.00    3.00     0  brave
02:41:16     1000      6120   26.00    6.00    0.00   14.00   32.00     0  brave
02:41:16     1000      6344    2.00    2.00    0.00    1.00    4.00     0  brave
02:41:16     1000     12181    2.00    1.00    0.00    2.00    3.00     1  pidstat
02:41:16     1000     12184    2.00    7.00    0.00    0.00    9.00     1  spin-lock

# Time        UID       PID    %usr %system  %guest   %wait    %CPU   CPU  Command
02:41:17     1000      3596    1.00    0.00    0.00    1.00    1.00     0  cinnamon
02:41:17     1000      5902    5.00    0.00    0.00    1.00    5.00     0  brave
02:41:17     1000      5942    2.00    2.00    0.00    0.00    4.00     0  brave
02:41:17     1000      5943    1.00    2.00    0.00    0.00    3.00     0  brave
02:41:17     1000      6021    1.00    1.00    0.00    0.00    2.00     0  brave
02:41:17     1000      6120   13.00    2.00    0.00    5.00   15.00     0  brave
02:41:17     1000      6344    3.00    1.00    0.00    0.00    4.00     1  brave
02:41:17     1000      6626    3.00    1.00    0.00    1.00    4.00     1  brave
02:41:17     1000     11670    1.00    0.00    0.00    0.00    1.00     1  brave
02:41:17     1000     12181    0.00    1.00    0.00    0.00    1.00     1  pidstat
02:41:17     1000     12184    1.00    8.00    0.00    0.00    9.00     1  spin-lock
