Linux 6.1.0-34-amd64 (debian) 	06/04/25 	_x86_64_	(2 CPU)

# Time        UID       PID    %usr %system  %guest   %wait    %CPU   CPU  Command
02:52:40        0       165    0.00    0.99    0.00    0.00    0.99     0  gfx
02:52:40        0       703    0.00    0.99    0.00    0.00    0.99     1  irq/63-rtw88_pci
02:52:40        0       968    2.97    0.99    0.00    0.00    3.96     0  Xorg
02:52:40     1000      3596   10.89    0.99    0.00    5.94   11.88     1  cinnamon
02:52:40     1000      3947    0.99    0.00    0.00    0.00    0.99     1  blueman-tray
02:52:40     1000      5902    1.98    0.99    0.00    0.00    2.97     0  brave
02:52:40     1000      5942   10.89    2.97    0.00    9.90   13.86     1  brave
02:52:40     1000      6120    2.97    1.98    0.00    0.99    4.95     1  brave
02:52:40     1000      6319   23.76    1.98    0.00   10.89   25.74     0  brave
02:52:40        0     11701    0.00    0.99    0.00    0.00    0.99     1  kworker/u32:7+events_unbound
02:52:40     1000     13279    0.99    0.99    0.00    0.00    1.98     1  pidstat

# Time        UID       PID    %usr %system  %guest   %wait    %CPU   CPU  Command
02:52:41        0       968    3.00    1.00    0.00    0.00    4.00     1  Xorg
02:52:41     1000      3596   10.00    1.00    0.00    7.00   11.00     1  cinnamon
02:52:41     1000      5902    2.00    0.00    0.00    0.00    2.00     1  brave
02:52:41     1000      5942    9.00    3.00    0.00    7.00   12.00     1  brave
02:52:41     1000      5943    1.00    1.00    0.00    0.00    2.00     1  brave
02:52:41     1000      6120    3.00    0.00    0.00    1.00    3.00     1  brave
02:52:41     1000      6319   32.00    4.00    0.00    7.00   36.00     0  brave
02:52:41        0     11701    0.00    1.00    0.00    0.00    1.00     1  kworker/u32:7+events_unbound
02:52:41     1000     13279    0.00    1.00    0.00    3.00    1.00     0  pidstat

# Time        UID       PID    %usr %system  %guest   %wait    %CPU   CPU  Command
02:52:42        0       165    0.00    1.00    0.00    0.00    1.00     1  gfx
02:52:42        0       849    1.00    0.00    0.00    0.00    1.00     1  preload
02:52:42        0       968    2.00    2.00    0.00    0.00    4.00     1  Xorg
02:52:42     1000      3392    0.00    1.00    0.00    0.00    1.00     0  csd-power
02:52:42     1000      3596   10.00    1.00    0.00   12.00   11.00     1  cinnamon
02:52:42     1000      4636    1.00    0.00    0.00    0.00    1.00     1  jetbrains-toolb
02:52:42     1000      5902    2.00    1.00    0.00    0.00    3.00     0  brave
02:52:42     1000      5942   13.00    4.00    0.00   14.00   17.00     1  brave
02:52:42     1000      6021    1.00    0.00    0.00    0.00    1.00     1  brave
02:52:42     1000      6120    3.00    1.00    0.00    0.00    4.00     1  brave
02:52:42     1000      6319   48.00    4.00    0.00   10.00   52.00     1  brave
02:52:42        0     11701    0.00    1.00    0.00    0.00    1.00     1  kworker/u32:7+events_unbound
02:52:42     1000     13279    1.00    1.00    0.00    0.00    2.00     0  pidstat

# Time        UID       PID    %usr %system  %guest   %wait    %CPU   CPU  Command
02:52:43        0       165    0.00    1.00    0.00    0.00    1.00     0  gfx
02:52:43        0       968    2.00    2.00    0.00    1.00    4.00     0  Xorg
02:52:43     1000      3596   10.00    1.00    0.00    8.00   11.00     1  cinnamon
02:52:43     1000      5902    1.00    1.00    0.00    0.00    2.00     0  brave
02:52:43     1000      5942   10.00    5.00    0.00   15.00   15.00     1  brave
02:52:43     1000      6120    3.00    1.00    0.00    0.00    4.00     0  brave
02:52:43     1000      6319   53.00    3.00    0.00    9.00   56.00     1  brave
02:52:43        0     11701    0.00    1.00    0.00    0.00    1.00     1  kworker/u32:7+events_unbound

# Time        UID       PID    %usr %system  %guest   %wait    %CPU   CPU  Command
02:52:44        0       140    0.00    1.00    0.00    0.00    1.00     0  irq/30-ELAN0708:00
02:52:44        0       703    0.00    1.00    0.00    0.00    1.00     1  irq/63-rtw88_pci
02:52:44        0       968    2.00    5.00    0.00    0.00    7.00     1  Xorg
02:52:44     1000      3303    3.00    1.00    0.00    1.00    4.00     0  ibus-daemon
02:52:44     1000      3313    1.00    0.00    0.00    0.00    1.00     1  ibus-ui-gtk3
02:52:44     1000      3314    2.00    0.00    0.00    0.00    2.00     1  ibus-extension-
02:52:44     1000      3436    0.00    1.00    0.00    0.00    1.00     1  ibus-engine-sim
02:52:44     1000      3596   11.00    1.00    0.00   14.00   12.00     0  cinnamon
02:52:44     1000      5902    5.00    1.00    0.00    1.00    6.00     1  brave
02:52:44     1000      5942   10.00    4.00    0.00   13.00   14.00     0  brave
02:52:44     1000      5943    1.00    1.00    0.00    0.00    2.00     1  brave
02:52:44     1000      6120    4.00    1.00    0.00    1.00    5.00     1  brave
02:52:44     1000      6319   74.00    6.00    0.00   16.00   80.00     1  brave
02:52:44     1000      6987    1.00    0.00    0.00    0.00    1.00     1  brave
02:52:44     1000     13279    0.00    2.00    0.00    1.00    2.00     0  pidstat

# Time        UID       PID    %usr %system  %guest   %wait    %CPU   CPU  Command
02:52:45        0        15    0.00    1.00    0.00    0.00    1.00     0  rcu_preempt
02:52:45        0       165    0.00    1.00    0.00    0.00    1.00     0  gfx
02:52:45      120       916    0.00    1.00    0.00    0.00    1.00     0  redis-server
02:52:45        0       968    1.00    2.00    0.00    1.00    3.00     0  Xorg
02:52:45     1000      3596    9.00    0.00    0.00    9.00    9.00     0  cinnamon
02:52:45     1000      5902    1.00   29.00    0.00    0.00   30.00     0  brave
02:52:45     1000      5942   13.00    2.00    0.00   12.00   15.00     0  brave
02:52:45     1000      6120    4.00    0.00    0.00    1.00    4.00     1  brave
02:52:45     1000      6319   70.00    7.00    0.00   17.00   77.00     1  brave
02:52:45        0     12399    0.00    1.00    0.00    1.00    1.00     1  kworker/u32:0-events_unbound
02:52:45     1000     13279    0.00    1.00    0.00    1.00    1.00     0  pidstat

# Time        UID       PID    %usr %system  %guest   %wait    %CPU   CPU  Command
02:52:46        0       165    0.00    1.00    0.00    0.00    1.00     0  gfx
02:52:46        0       968    2.00    1.00    0.00    0.00    3.00     1  Xorg
02:52:46     1000      3596    6.00    3.00    0.00    2.00    9.00     1  cinnamon
02:52:46     1000      4636    1.00    0.00    0.00    0.00    1.00     1  jetbrains-toolb
02:52:46     1000      5902    0.00    2.00    0.00    0.00    2.00     1  brave
02:52:46     1000      5942   12.00    2.00    0.00   14.00   14.00     1  brave
02:52:46     1000      6120    4.00    1.00    0.00    0.00    5.00     1  brave
02:52:46     1000      6319   75.00    6.00    0.00    6.00   81.00     0  brave
02:52:46        0     12399    0.00    1.00    0.00    0.00    1.00     1  kworker/u32:0+events_unbound
02:52:46     1000     13279    1.00    1.00    0.00    0.00    2.00     0  pidstat

# Time        UID       PID    %usr %system  %guest   %wait    %CPU   CPU  Command
02:52:47        0       703    0.00    1.00    0.00    0.00    1.00     1  irq/63-rtw88_pci
02:52:47        0       968    2.00    0.00    0.00    0.00    2.00     1  Xorg
02:52:47     1000      3596    4.00    2.00    0.00    3.00    6.00     1  cinnamon
02:52:47     1000      5902    1.00    1.00    0.00    0.00    2.00     1  brave
02:52:47     1000      5942    8.00    2.00    0.00    8.00   10.00     1  brave
02:52:47     1000      6120    3.00    1.00    0.00    2.00    4.00     1  brave
02:52:47     1000      6319  119.00    4.00    0.00   19.00  123.00     0  brave
02:52:47        0      9838    0.00    1.00    0.00    0.00    1.00     0  kworker/0:1-kacpi_notify
02:52:47     1000     13279    0.00    1.00    0.00    1.00    1.00     1  pidstat

# Time        UID       PID    %usr %system  %guest   %wait    %CPU   CPU  Command
02:52:48        0       968    2.00    2.00    0.00    0.00    4.00     0  Xorg
02:52:48     1000      3596    8.00    0.00    0.00   10.00    8.00     0  cinnamon
02:52:48     1000      5902    3.00    0.00    0.00    1.00    3.00     1  brave
02:52:48     1000      5942   12.00    3.00    0.00   14.00   15.00     0  brave
02:52:48     1000      5943    1.00    0.00    0.00    0.00    1.00     1  brave
02:52:48     1000      6120    3.00    2.00    0.00    1.00    5.00     1  brave
02:52:48     1000      6319   78.00    1.00    0.00    5.00   79.00     0  brave
02:52:48        0     12399    0.00    1.00    0.00    1.00    1.00     1  kworker/u32:0+events_unbound
02:52:48     1000     13279    0.00    2.00    0.00    1.00    2.00     1  pidstat

# Time        UID       PID    %usr %system  %guest   %wait    %CPU   CPU  Command
02:52:49        0       165    0.00    1.00    0.00    0.00    1.00     0  gfx
02:52:49        0       968    1.00    3.00    0.00    1.00    4.00     0  Xorg
02:52:49     1000      3596    9.00    2.00    0.00    8.00   11.00     0  cinnamon
02:52:49     1000      5902    3.00    1.00    0.00    0.00    4.00     1  brave
02:52:49     1000      5942   13.00    2.00    0.00   12.00   15.00     0  brave
02:52:49     1000      5943    0.00    1.00    0.00    0.00    1.00     1  brave
02:52:49     1000      6021    1.00    0.00    0.00    0.00    1.00     1  brave
02:52:49     1000      6120    3.00    0.00    0.00    0.00    3.00     0  brave
02:52:49     1000      6319   62.00    4.00    0.00    8.00   66.00     0  brave
02:52:49        0     12399    0.00    1.00    0.00    0.00    1.00     1  kworker/u32:0-phy0
02:52:49        0     12895    0.00    1.00    0.00    0.00    1.00     1  kworker/u33:2-rtw_tx_wq
02:52:49     1000     13279    0.00    1.00    0.00    0.00    1.00     1  pidstat

# Time        UID       PID    %usr %system  %guest   %wait    %CPU   CPU  Command
02:52:50        0       165    0.00    1.00    0.00    0.00    1.00     0  gfx
02:52:50        0       968    3.00    2.00    0.00    0.00    5.00     0  Xorg
02:52:50     1000      3596    9.00    3.00    0.00    7.00   12.00     0  cinnamon
02:52:50     1000      5902    2.00    2.00    0.00    0.00    4.00     1  brave
02:52:50     1000      5942   13.00    3.00    0.00   13.00   16.00     0  brave
02:52:50     1000      5943    0.00    1.00    0.00    0.00    1.00     1  brave
02:52:50     1000      6120    4.00    1.00    0.00    1.00    5.00     0  brave
02:52:50     1000      6319   54.00    5.00    0.00   10.00   59.00     0  brave
02:52:50     1000     13279    1.00    2.00    0.00    1.00    3.00     1  pidstat

# Time        UID       PID    %usr %system  %guest   %wait    %CPU   CPU  Command
02:52:51        0       703    0.00    1.00    0.00    0.00    1.00     1  irq/63-rtw88_pci
02:52:51        0       968    2.00    1.00    0.00    0.00    3.00     1  Xorg
02:52:51     1000      3596    9.00    1.00    0.00    5.00   10.00     1  cinnamon
02:52:51     1000      4636    1.00    0.00    0.00    0.00    1.00     1  jetbrains-toolb
02:52:51     1000      5902    2.00    0.00    0.00    1.00    2.00     1  brave
02:52:51     1000      5942   10.00    3.00    0.00    6.00   13.00     1  brave
02:52:51     1000      6120    4.00    0.00    0.00    0.00    4.00     0  brave
02:52:51     1000      6150    1.00    0.00    0.00    0.00    1.00     1  alacritty
02:52:51     1000      6319   45.00    2.00    0.00    7.00   47.00     1  brave
02:52:51     1000      6626    0.00    1.00    0.00    0.00    1.00     0  brave
02:52:51        0     12399    0.00    1.00    0.00    0.00    1.00     1  kworker/u32:0-events_unbound
02:52:51     1000     13279    2.00    2.00    0.00    0.00    4.00     0  pidstat

# Time        UID       PID    %usr %system  %guest   %wait    %CPU   CPU  Command
02:52:52     1000      5902    2.00    0.00    0.00    0.00    2.00     1  brave
02:52:52     1000      5942    1.00    1.00    0.00    0.00    2.00     0  brave
02:52:52     1000      6120    5.00    2.00    0.00    2.00    7.00     1  brave
02:52:52     1000      6319    5.00    2.00    0.00    2.00    7.00     1  brave
02:52:52     1000      6626    1.00    0.00    0.00    0.00    1.00     0  brave
02:52:52     1000     13279    1.00    2.00    0.00    0.00    3.00     0  pidstat

# Time        UID       PID    %usr %system  %guest   %wait    %CPU   CPU  Command
02:52:53        0        14    0.00    1.00    0.00    0.00    1.00     0  ksoftirqd/0
02:52:53        0        15    0.00    1.00    0.00    0.00    1.00     1  rcu_preempt
02:52:53      120       916    1.00    0.00    0.00    0.00    1.00     1  redis-server
02:52:53        0       968    1.00    1.00    0.00    0.00    2.00     0  Xorg
02:52:53     1000      3596    2.00    0.00    0.00    1.00    2.00     1  cinnamon
02:52:53     1000      4636    1.00    0.00    0.00    0.00    1.00     1  jetbrains-toolb
02:52:53     1000      5902    2.00    1.00    0.00    0.00    3.00     1  brave
02:52:53     1000      5942    4.00    3.00    0.00    1.00    7.00     0  brave
02:52:53     1000      6120    6.00    1.00    0.00    2.00    7.00     1  brave
02:52:53     1000      6319   13.00    3.00    0.00    3.00   16.00     1  brave
02:52:53     1000      6418    0.00    1.00    0.00    0.00    1.00     1  brave
02:52:53     1000     13279    1.00    3.00    0.00    0.00    4.00     0  pidstat

# Time        UID       PID    %usr %system  %guest   %wait    %CPU   CPU  Command
02:52:54        0       968    1.00    0.00    0.00    0.00    1.00     0  Xorg
02:52:54     1000      3596    1.00    1.00    0.00    0.00    2.00     0  cinnamon
02:52:54     1000      4636    0.00    1.00    0.00    0.00    1.00     1  jetbrains-toolb
02:52:54     1000      5902    1.00    2.00    0.00    0.00    3.00     1  brave
02:52:54     1000      5942    1.00    1.00    0.00    0.00    2.00     1  brave
02:52:54     1000      5953    0.00    1.00    0.00    0.00    1.00     1  brave
02:52:54     1000      6120    5.00    0.00    0.00    2.00    5.00     1  brave
02:52:54     1000      6150    0.00    1.00    0.00    0.00    1.00     1  alacritty
02:52:54     1000      6319   10.00    3.00    0.00    2.00   13.00     1  brave
02:52:54     1000      6344    1.00    0.00    0.00    0.00    1.00     0  brave
02:52:54     1000     13279    0.00    1.00    0.00    0.00    1.00     0  pidstat

# Time        UID       PID    %usr %system  %guest   %wait    %CPU   CPU  Command
02:52:55        0       140    0.00    1.00    0.00    0.00    1.00     0  irq/30-ELAN0708:00
02:52:55        0       165    0.00    1.00    0.00    0.00    1.00     1  gfx
02:52:55        0       968    2.00    1.00    0.00    0.00    3.00     1  Xorg
02:52:55     1000      3596    3.00    0.00    0.00    1.00    3.00     0  cinnamon
02:52:55     1000      3947    1.00    0.00    0.00    0.00    1.00     1  blueman-tray
02:52:55     1000      5902    2.00    1.00    0.00    1.00    3.00     0  brave
02:52:55     1000      5942    4.00    1.00    0.00    0.00    5.00     1  brave
02:52:55     1000      6120    1.00    3.00    0.00    2.00    4.00     1  brave
02:52:55     1000      6319   19.00    2.00    0.00    3.00   21.00     1  brave
02:52:55     1000     13279    0.00    1.00    0.00    0.00    1.00     0  pidstat

# Time        UID       PID    %usr %system  %guest   %wait    %CPU   CPU  Command
02:52:56        0       703    0.00    1.00    0.00    0.00    1.00     1  irq/63-rtw88_pci
02:52:56        0       968    2.00    2.00    0.00    0.00    4.00     1  Xorg
02:52:56     1000      3596    4.00    0.00    0.00    2.00    4.00     1  cinnamon
02:52:56     1000      5902    6.00    2.00    0.00    0.00    8.00     0  brave
02:52:56     1000      5942    3.00    2.00    0.00    2.00    5.00     1  brave
02:52:56     1000      5943    1.00    0.00    0.00    0.00    1.00     1  brave
02:52:56     1000      6120    3.00    1.00    0.00    1.00    4.00     1  brave
02:52:56     1000      6319    6.00    1.00    0.00    2.00    7.00     1  brave
02:52:56     1000     13279    1.00    1.00    0.00    1.00    2.00     0  pidstat

# Time        UID       PID    %usr %system  %guest   %wait    %CPU   CPU  Command
02:52:57        0       140    0.00    1.00    0.00    0.00    1.00     0  irq/30-ELAN0708:00
02:52:57      120       916    0.00    1.00    0.00    0.00    1.00     1  redis-server
02:52:57        0       968    2.00    2.00    0.00    0.00    4.00     1  Xorg
02:52:57     1000      3596    4.00    1.00    0.00    6.00    5.00     1  cinnamon
02:52:57     1000      5902   15.00    5.00    0.00    6.00   20.00     1  brave
02:52:57     1000      5942    7.00    4.00    0.00    4.00   11.00     1  brave
02:52:57     1000      6027    4.00    2.00    0.00    1.00    6.00     1  brave
02:52:57     1000      6097    1.00    1.00    0.00    3.00    2.00     1  brave
02:52:57     1000      6120    4.00    1.00    0.00    1.00    5.00     1  brave
02:52:57     1000      6319    5.00    1.00    0.00    4.00    6.00     1  brave
02:52:57        0     10294    0.00    1.00    0.00    0.00    1.00     0  kworker/u32:1-phy0
02:52:57        0     12399    0.00    1.00    0.00    0.00    1.00     0  kworker/u32:0-phy0
02:52:57     1000     13279    0.00    3.00    0.00    0.00    3.00     0  pidstat

# Time        UID       PID    %usr %system  %guest   %wait    %CPU   CPU  Command
02:52:58        0       140    0.00    1.00    0.00    0.00    1.00     0  irq/30-ELAN0708:00
02:52:58        0       968    1.00    0.00    0.00    0.00    1.00     1  Xorg
02:52:58     1000      3596    2.00    0.00    0.00    1.00    2.00     1  cinnamon
02:52:58     1000      5902    3.00    0.00    0.00    0.00    3.00     0  brave
02:52:58     1000      5942    2.00    0.00    0.00    0.00    2.00     0  brave
02:52:58     1000      6097    6.00    2.00    0.00    2.00    8.00     1  brave
02:52:58     1000      6120    8.00    1.00    0.00    2.00    9.00     1  brave
02:52:58     1000      6150    1.00    0.00    0.00    1.00    1.00     1  alacritty
02:52:58     1000     13279    1.00    0.00    0.00    0.00    1.00     0  pidstat
