Linux 6.1.0-34-amd64 (debian) 	06/04/25 	_x86_64_	(2 CPU)

# Time        UID       PID    %usr %system  %guest   %wait    %CPU   CPU  Command
02:48:53        0       703    0.00    0.98    0.00    0.00    0.98     1  irq/63-rtw88_pci
02:48:53        0       968    0.98    0.00    0.00    0.00    0.98     1  Xorg
02:48:53     1000      3303    0.98    0.00    0.00    0.00    0.98     0  ibus-daemon
02:48:53     1000      3596    0.98    0.98    0.00    0.98    1.96     0  cinnamon
02:48:53     1000      5902    5.88    1.96    0.00    0.98    7.84     1  brave
02:48:53     1000      5942    1.96    1.96    0.00    0.00    3.92     0  brave
02:48:53     1000      5943    2.94    0.98    0.00    0.00    3.92     1  brave
02:48:53     1000      6021    0.98    0.00    0.00    0.00    0.98     0  brave
02:48:53     1000      6120   19.61    1.96    0.00    3.92   21.57     0  brave
02:48:53     1000     12909    0.00    0.98    0.00    0.00    0.98     1  pidstat

# Time        UID       PID    %usr %system  %guest   %wait    %CPU   CPU  Command
02:48:54        0       703    0.00    1.00    0.00    0.00    1.00     1  irq/63-rtw88_pci
02:48:54      120       916    0.00    1.00    0.00    0.00    1.00     1  redis-server
02:48:54        0       968    1.00    1.00    0.00    1.00    2.00     0  Xorg
02:48:54     1000      3303    2.00    0.00    0.00    1.00    2.00     1  ibus-daemon
02:48:54     1000      3314    1.00    0.00    0.00    0.00    1.00     1  ibus-extension-
02:48:54     1000      3436    1.00    0.00    0.00    0.00    1.00     1  ibus-engine-sim
02:48:54     1000      3596    2.00    0.00    0.00    2.00    2.00     1  cinnamon
02:48:54     1000      5902   15.00    5.00    0.00    4.00   20.00     1  brave
02:48:54     1000      5942    4.00    1.00    0.00    2.00    5.00     1  brave
02:48:54     1000      5943    5.00    4.00    0.00    0.00    9.00     0  brave
02:48:54     1000      6021    2.00    0.00    0.00    0.00    2.00     0  brave
02:48:54     1000      6120   26.00    3.00    0.00    7.00   29.00     0  brave
02:48:54     1000      6344    1.00    0.00    0.00    0.00    1.00     1  brave
02:48:54        0     12078    0.00    1.00    0.00    0.00    1.00     1  kworker/1:0-mm_percpu_wq
02:48:54     1000     12561    1.00    0.00    0.00    0.00    1.00     1  brave
02:48:54     1000     12909    0.00    1.00    0.00    0.00    1.00     1  pidstat

# Time        UID       PID    %usr %system  %guest   %wait    %CPU   CPU  Command
02:48:55        0       968    1.00    0.00    0.00    0.00    1.00     0  Xorg
02:48:55     1000      3596    1.00    0.00    0.00    0.00    1.00     0  cinnamon
02:48:55     1000      5902    2.00    3.00    0.00    1.00    5.00     0  brave
02:48:55     1000      5942    2.00    0.00    0.00    1.00    2.00     0  brave
02:48:55     1000      5943    1.00    1.00    0.00    0.00    2.00     0  brave
02:48:55     1000      6021    1.00    0.00    0.00    0.00    1.00     0  brave
02:48:55     1000      6120   10.00    1.00    0.00    0.00   11.00     0  brave
02:48:55     1000      6150    1.00    0.00    0.00    0.00    1.00     1  alacritty
02:48:55     1000     12909    1.00    1.00    0.00    0.00    2.00     1  pidstat

# Time        UID       PID    %usr %system  %guest   %wait    %CPU   CPU  Command
02:48:56        0       140    0.00    1.00    0.00    0.00    1.00     0  irq/30-ELAN0708:00
02:48:56        0       968    1.00    2.00    0.00    0.00    3.00     0  Xorg
02:48:56     1000      3596    6.00    1.00    0.00    7.00    7.00     0  cinnamon
02:48:56     1000      3682    1.00    0.00    0.00    0.00    1.00     0  kdeconnectd
02:48:56     1000      4636    1.00    0.00    0.00    0.00    1.00     0  jetbrains-toolb
02:48:56     1000      5902    2.00    2.00    0.00    0.00    4.00     0  brave
02:48:56     1000      5942    6.00    1.00    0.00    1.00    7.00     1  brave
02:48:56     1000      6120   17.00    1.00    0.00    7.00   18.00     0  brave
02:48:56     1000      6626   24.00    0.00    0.00    3.00   24.00     0  brave
02:48:56        0     10294    0.00    1.00    0.00    0.00    1.00     0  kworker/u32:1+events_unbound
02:48:56        0     11701    0.00    1.00    0.00    0.00    1.00     0  kworker/u32:7-phy0
02:48:56     1000     12909    1.00    1.00    0.00    0.00    2.00     1  pidstat

# Time        UID       PID    %usr %system  %guest   %wait    %CPU   CPU  Command
02:48:57        0       165    0.00    1.00    0.00    0.00    1.00     1  gfx
02:48:57        0       968    1.00    2.00    0.00    0.00    3.00     1  Xorg
02:48:57     1000      3303    1.00    0.00    0.00    1.00    1.00     1  ibus-daemon
02:48:57     1000      3596    3.00    0.00    0.00    0.00    3.00     1  cinnamon
02:48:57     1000      5902    1.00    1.00    0.00    0.00    2.00     0  brave
02:48:57     1000      5942    4.00    2.00    0.00    1.00    6.00     0  brave
02:48:57     1000      6120    6.00    2.00    0.00    1.00    8.00     0  brave
02:48:57     1000     12909    0.00    1.00    0.00    0.00    1.00     0  pidstat

# Time        UID       PID    %usr %system  %guest   %wait    %CPU   CPU  Command
02:48:58        0       140    0.00    1.00    0.00    0.00    1.00     0  irq/30-ELAN0708:00
02:48:58        0       968    4.00    1.00    0.00    0.00    5.00     0  Xorg
02:48:58     1000      3596    8.00    1.00    0.00    4.00    9.00     1  cinnamon
02:48:58     1000      5902    3.00    1.00    0.00    1.00    4.00     1  brave
02:48:58     1000      5942    6.00    3.00    0.00    3.00    9.00     1  brave
02:48:58     1000      6120   72.00    5.00    0.00   25.00   77.00     0  brave
02:48:58     1000     12909    0.00    1.00    0.00    0.00    1.00     1  pidstat

# Time        UID       PID    %usr %system  %guest   %wait    %CPU   CPU  Command
02:48:59        0       140    0.00    1.00    0.00    0.00    1.00     0  irq/30-ELAN0708:00
02:48:59        0       968    2.00    2.00    0.00    0.00    4.00     0  Xorg
02:48:59     1000      3596    4.00    2.00    0.00    2.00    6.00     0  cinnamon
02:48:59     1000      4636    1.00    0.00    0.00    0.00    1.00     0  jetbrains-toolb
02:48:59     1000      5902    2.00    1.00    0.00    0.00    3.00     1  brave
02:48:59     1000      5942    6.00    2.00    0.00    1.00    8.00     0  brave
02:48:59     1000      6120   16.00    1.00    0.00    3.00   17.00     0  brave
02:48:59        0     10294    0.00    1.00    0.00    0.00    1.00     0  kworker/u32:1+events_unbound
02:48:59     1000     12909    0.00    2.00    0.00    1.00    2.00     1  pidstat

# Time        UID       PID    %usr %system  %guest   %wait    %CPU   CPU  Command
02:49:00        0       165    0.00    1.00    0.00    0.00    1.00     1  gfx
02:49:00        0       703    0.00    1.00    0.00    0.00    1.00     1  irq/63-rtw88_pci
02:49:00        0       968    1.00    2.00    0.00    0.00    3.00     1  Xorg
02:49:00     1000      3170    1.00    0.00    0.00    0.00    1.00     0  kwalletd5
02:49:00     1000      3303    1.00    1.00    0.00    2.00    2.00     0  ibus-daemon
02:49:00     1000      3313    1.00    0.00    0.00    1.00    1.00     1  ibus-ui-gtk3
02:49:00     1000      3417    1.00    0.00    0.00    2.00    1.00     1  csd-keyboard
02:49:00     1000      3596    6.00    0.00    0.00    5.00    6.00     0  cinnamon
02:49:00     1000      5902    5.00    2.00    0.00    3.00    7.00     0  brave
02:49:00     1000      5942    5.00    2.00    0.00    3.00    7.00     1  brave
02:49:00     1000      6097    1.00    0.00    0.00    0.00    1.00     1  brave
02:49:00     1000      6120    8.00    2.00    0.00    5.00   10.00     1  brave
02:49:00     1000      8625    1.00    0.00    0.00    0.00    1.00     1  brave
02:49:00     1000      8645    1.00    0.00    0.00    1.00    1.00     1  brave
02:49:00     1000      8654    3.00    1.00    0.00    2.00    4.00     0  brave
02:49:00     1000     12909    1.00    0.00    0.00    0.00    1.00     1  pidstat

# Time        UID       PID    %usr %system  %guest   %wait    %CPU   CPU  Command
02:49:01     1000      3596    1.00    0.00    0.00    1.00    1.00     0  cinnamon
02:49:01     1000      3947    1.00    0.00    0.00    0.00    1.00     0  blueman-tray
02:49:01     1000      5902    3.00    1.00    0.00    0.00    4.00     0  brave
02:49:01     1000      5942    3.00    2.00    0.00    0.00    5.00     0  brave
02:49:01     1000      5943    1.00    0.00    0.00    0.00    1.00     1  brave
02:49:01     1000      6027    1.00    0.00    0.00    0.00    1.00     0  brave
02:49:01     1000      6120    5.00    0.00    0.00    0.00    5.00     0  brave
02:49:01     1000      8654    2.00    1.00    0.00    1.00    3.00     0  brave
02:49:01     1000     12909    0.00    2.00    0.00    0.00    2.00     1  pidstat

# Time        UID       PID    %usr %system  %guest   %wait    %CPU   CPU  Command
02:49:02        0       849    1.00    0.00    0.00    0.00    1.00     1  preload
02:49:02      120       916    1.00    0.00    0.00    0.00    1.00     1  redis-server
02:49:02     1000      4636    1.00    0.00    0.00    0.00    1.00     0  jetbrains-toolb
02:49:02     1000      5902    1.00    0.00    0.00    0.00    1.00     1  brave
02:49:02     1000      5942    3.00    0.00    0.00    0.00    3.00     1  brave
02:49:02     1000      6120    5.00    3.00    0.00    0.00    8.00     0  brave
02:49:02     1000     12909    1.00    2.00    0.00    0.00    3.00     1  pidstat

# Time        UID       PID    %usr %system  %guest   %wait    %CPU   CPU  Command
02:49:03        0       703    0.00    1.00    0.00    0.00    1.00     1  irq/63-rtw88_pci
02:49:03     1000      4636    0.00    1.00    0.00    0.00    1.00     0  jetbrains-toolb
02:49:03     1000      5942    1.00    1.00    0.00    0.00    2.00     1  brave
02:49:03     1000      6120    4.00    2.00    0.00    0.00    6.00     0  brave
02:49:03     1000      6626    7.00    0.00    0.00    1.00    7.00     0  brave
02:49:03     1000     12909    0.00    3.00    0.00    0.00    3.00     1  pidstat

# Time        UID       PID    %usr %system  %guest   %wait    %CPU   CPU  Command
02:49:04        0        15    0.00    1.00    0.00    1.00    1.00     0  rcu_preempt
02:49:04     1000      5902    1.00    0.00    0.00    0.00    1.00     1  brave
02:49:04     1000      5942    1.00    2.00    0.00    0.00    3.00     0  brave
02:49:04     1000      6120    5.00    1.00    0.00    0.00    6.00     1  brave
02:49:04        0     11701    0.00    1.00    0.00    0.00    1.00     1  kworker/u32:7-phy0
02:49:04     1000     12909    1.00    2.00    0.00    0.00    3.00     0  pidstat

# Time        UID       PID    %usr %system  %guest   %wait    %CPU   CPU  Command
02:49:05        0       703    0.00    1.00    0.00    0.00    1.00     1  irq/63-rtw88_pci
02:49:05      120       916    0.00    1.00    0.00    0.00    1.00     1  redis-server
02:49:05     1000      3596    4.00    0.00    0.00    0.00    4.00     1  cinnamon
02:49:05     1000      4636    1.00    0.00    0.00    0.00    1.00     0  jetbrains-toolb
02:49:05     1000      5902    1.00    0.00    0.00    0.00    1.00     0  brave
02:49:05     1000      5942    1.00    1.00    0.00    0.00    2.00     0  brave
02:49:05     1000      6120    6.00    1.00    0.00    0.00    7.00     0  brave
02:49:05     1000     12909    1.00    3.00    0.00    0.00    4.00     1  pidstat

# Time        UID       PID    %usr %system  %guest   %wait    %CPU   CPU  Command
02:49:06     1000      5902    1.00    0.00    0.00    0.00    1.00     1  brave
02:49:06     1000      5942    2.00    1.00    0.00    0.00    3.00     1  brave
02:49:06     1000      6120    6.00    1.00    0.00    0.00    7.00     1  brave
02:49:06     1000     12909    1.00    1.00    0.00    0.00    2.00     0  pidstat

# Time        UID       PID    %usr %system  %guest   %wait    %CPU   CPU  Command
02:49:07     1000      4636    0.00    1.00    0.00    0.00    1.00     0  jetbrains-toolb
02:49:07     1000      5902    1.00    0.00    0.00    0.00    1.00     0  brave
02:49:07     1000      5942    2.00    1.00    0.00    0.00    3.00     1  brave
02:49:07     1000      6120    5.00    2.00    0.00    1.00    7.00     0  brave
02:49:07     1000     12909    1.00    3.00    0.00    0.00    4.00     1  pidstat

# Time        UID       PID    %usr %system  %guest   %wait    %CPU   CPU  Command
02:49:08        0       703    0.00    1.00    0.00    0.00    1.00     1  irq/63-rtw88_pci
02:49:08     1000      5902    1.00    0.00    0.00    0.00    1.00     0  brave
02:49:08     1000      5942    1.00    1.00    0.00    0.00    2.00     1  brave
02:49:08     1000      6120    5.00    1.00    0.00    0.00    6.00     0  brave
02:49:08     1000      6468    1.00    0.00    0.00    0.00    1.00     1  brave
02:49:08        0     11701    0.00    1.00    0.00    0.00    1.00     0  kworker/u32:7-phy0
02:49:08     1000     12909    1.00    1.00    0.00    1.00    2.00     1  pidstat

# Time        UID       PID    %usr %system  %guest   %wait    %CPU   CPU  Command
02:49:09     1000      5942    2.00    1.00    0.00    0.00    3.00     1  brave
02:49:09     1000      6120    6.00    1.00    0.00    0.00    7.00     0  brave
02:49:09     1000     12909    0.00    3.00    0.00    0.00    3.00     1  pidstat

# Time        UID       PID    %usr %system  %guest   %wait    %CPU   CPU  Command
02:49:10      120       916    1.00    1.00    0.00    0.00    2.00     0  redis-server
02:49:10     1000      3596    1.00    0.00    0.00    0.00    1.00     0  cinnamon
02:49:10     1000      4636    0.00    1.00    0.00    0.00    1.00     0  jetbrains-toolb
02:49:10     1000      5902    2.00    1.00    0.00    0.00    3.00     1  brave
02:49:10     1000      5942    1.00    1.00    0.00    0.00    2.00     1  brave
02:49:10     1000      6109    1.00    0.00    0.00    0.00    1.00     0  brave
02:49:10     1000      6120    6.00    1.00    0.00    0.00    7.00     0  brave
02:49:10     1000      6344    1.00    0.00    0.00    0.00    1.00     0  brave
02:49:10     1000      6626    3.00    0.00    0.00    0.00    3.00     1  brave
02:49:10        0      9838    0.00    1.00    0.00    0.00    1.00     0  kworker/0:1-mm_percpu_wq
02:49:10     1000     12909    1.00    1.00    0.00    0.00    2.00     1  pidstat

# Time        UID       PID    %usr %system  %guest   %wait    %CPU   CPU  Command
02:49:11        0       703    0.00    1.00    0.00    0.00    1.00     1  irq/63-rtw88_pci
02:49:11      101       804    1.00    0.00    0.00    0.00    1.00     1  dbus-daemon
02:49:11        0       968    0.00    1.00    0.00    0.00    1.00     0  Xorg
02:49:11     1000      3947    0.00    1.00    0.00    0.00    1.00     1  blueman-tray
02:49:11     1000      4636    1.00    0.00    0.00    0.00    1.00     0  jetbrains-toolb
02:49:11     1000      5902    1.00    0.00    0.00    0.00    1.00     0  brave
02:49:11     1000      5942    1.00    2.00    0.00    0.00    3.00     1  brave
02:49:11     1000      6120    4.00    2.00    0.00    0.00    6.00     1  brave
02:49:11     1000      6344    0.00    1.00    0.00    0.00    1.00     1  brave
02:49:11     1000     12909    1.00    3.00    0.00    0.00    4.00     0  pidstat
