Linux 6.1.0-34-amd64 (debian) 	06/04/25 	_x86_64_	(2 CPU)

# Time        UID       PID    %usr %system  %guest   %wait    %CPU   CPU  Command
02:48:12        0       968    0.00    0.98    0.00    0.00    0.98     0  Xorg
02:48:12     1000      3589    0.00    0.98    0.00    0.00    0.98     0  xdg-desktop-por
02:48:12     1000      3596    4.90    0.00    0.00    1.96    4.90     1  cinnamon
02:48:12     1000      5902    2.94    0.00    0.00    0.98    2.94     1  brave
02:48:12     1000      5942    2.94    0.98    0.00    0.98    3.92     1  brave
02:48:12     1000      6120    3.92    0.98    0.00    2.94    4.90     1  brave
02:48:12     1000      6344    1.96    3.92    0.00    0.98    5.88     1  brave
02:48:12     1000     12830    0.98    1.96    0.00    0.00    2.94     0  pidstat

# Time        UID       PID    %usr %system  %guest   %wait    %CPU   CPU  Command
02:48:13        0        15    0.00    1.00    0.00    1.00    1.00     1  rcu_preempt
02:48:13        0       140    0.00    1.00    0.00    1.00    1.00     0  irq/30-ELAN0708:00
02:48:13        0       165    0.00    1.00    0.00    0.00    1.00     0  gfx
02:48:13        0       968    3.00    1.00    0.00    0.00    4.00     1  Xorg
02:48:13     1000      3303    1.00    0.00    0.00    1.00    1.00     0  ibus-daemon
02:48:13     1000      3314    1.00    0.00    0.00    1.00    1.00     1  ibus-extension-
02:48:13     1000      3417    1.00    0.00    0.00    2.00    1.00     0  csd-keyboard
02:48:13     1000      3436    1.00    0.00    0.00    0.00    1.00     1  ibus-engine-sim
02:48:13     1000      3596    4.00    2.00    0.00    3.00    6.00     0  cinnamon
02:48:13     1000      5902    4.00    1.00    0.00    1.00    5.00     1  brave
02:48:13     1000      5942    3.00    1.00    0.00    1.00    4.00     0  brave
02:48:13     1000      6120    5.00    0.00    0.00    2.00    5.00     0  brave
02:48:13     1000      6150    0.00    1.00    0.00    1.00    1.00     1  alacritty
02:48:13     1000      6344   11.00    2.00    0.00    5.00   13.00     1  brave
02:48:13     1000     12830    0.00    1.00    0.00    0.00    1.00     0  pidstat

# Time        UID       PID    %usr %system  %guest   %wait    %CPU   CPU  Command
02:48:14        0       703    0.00    1.00    0.00    0.00    1.00     1  irq/63-rtw88_pci
02:48:14        0       968    1.00    2.00    0.00    0.00    3.00     1  Xorg
02:48:14     1000      3303    1.00    0.00    0.00    0.00    1.00     1  ibus-daemon
02:48:14     1000      3596    5.00    0.00    0.00    3.00    5.00     1  cinnamon
02:48:14     1000      4636    1.00    0.00    0.00    0.00    1.00     0  jetbrains-toolb
02:48:14     1000      5902    5.00    2.00    0.00    1.00    7.00     1  brave
02:48:14     1000      5942    4.00    2.00    0.00    0.00    6.00     1  brave
02:48:14     1000      6120    5.00    2.00    0.00    3.00    7.00     1  brave
02:48:14     1000      6150    1.00    0.00    0.00    2.00    1.00     1  alacritty
02:48:14     1000      6344    9.00    1.00    0.00    2.00   10.00     0  brave
02:48:14     1000      6418    0.00    1.00    0.00    0.00    1.00     0  brave
02:48:14        0      9838    0.00    1.00    0.00    0.00    1.00     0  kworker/0:1-events_freezable
02:48:14     1000     12830    0.00    2.00    0.00    0.00    2.00     0  pidstat

# Time        UID       PID    %usr %system  %guest   %wait    %CPU   CPU  Command
02:48:15        0       140    0.00    1.00    0.00    0.00    1.00     0  irq/30-ELAN0708:00
02:48:15        0       968    3.00    2.00    0.00    0.00    5.00     0  Xorg
02:48:15     1000      3313    1.00    0.00    0.00    0.00    1.00     1  ibus-ui-gtk3
02:48:15     1000      3557    1.00    0.00    0.00    0.00    1.00     1  xdg-desktop-por
02:48:15     1000      3596   10.00    1.00    0.00    3.00   11.00     1  cinnamon
02:48:15     1000      5902    3.00    0.00    0.00    1.00    3.00     1  brave
02:48:15     1000      5942    1.00    2.00    0.00    1.00    3.00     1  brave
02:48:15     1000      6120    2.00    2.00    0.00    1.00    4.00     0  brave
02:48:15     1000      6150    0.00    1.00    0.00    1.00    1.00     0  alacritty
02:48:15     1000      6344    3.00    1.00    0.00    0.00    4.00     1  brave
02:48:15        0     12399    0.00    1.00    0.00    0.00    1.00     1  kworker/u32:0-events_unbound
02:48:15     1000     12830    1.00    0.00    0.00    0.00    1.00     0  pidstat
02:48:15     1000     12833    0.00    1.00    0.00    0.00    1.00     1  sem

# Time        UID       PID    %usr %system  %guest   %wait    %CPU   CPU  Command
02:48:16        0       140    0.00    1.00    0.00    0.00    1.00     0  irq/30-ELAN0708:00
02:48:16        0       968    1.00    2.00    0.00    0.00    3.00     0  Xorg
02:48:16     1000      3303    2.00    0.00    0.00    0.00    2.00     0  ibus-daemon
02:48:16     1000      3596    3.00    0.00    0.00    4.00    3.00     1  cinnamon
02:48:16     1000      5902    7.00    1.00    0.00    2.00    8.00     0  brave
02:48:16     1000      5942    6.00    1.00    0.00    3.00    7.00     1  brave
02:48:16     1000      6120   12.00    4.00    0.00    5.00   16.00     1  brave
02:48:16     1000      6344    4.00    1.00    0.00    1.00    5.00     0  brave
02:48:16     1000     12830    0.00    1.00    0.00    0.00    1.00     0  pidstat

# Time        UID       PID    %usr %system  %guest   %wait    %CPU   CPU  Command
02:48:17        0       968    3.00    2.00    0.00    0.00    5.00     0  Xorg
02:48:17     1000      3303    1.00    0.00    0.00    1.00    1.00     0  ibus-daemon
02:48:17     1000      3313    1.00    1.00    0.00    1.00    2.00     0  ibus-ui-gtk3
02:48:17     1000      3314    1.00    0.00    0.00    0.00    1.00     1  ibus-extension-
02:48:17     1000      3596    5.00    1.00    0.00    2.00    6.00     1  cinnamon
02:48:17     1000      4636    0.00    1.00    0.00    0.00    1.00     0  jetbrains-toolb
02:48:17     1000      5902    3.00    2.00    0.00    1.00    5.00     0  brave
02:48:17     1000      5942    4.00    2.00    0.00    2.00    6.00     1  brave
02:48:17     1000      6120   19.00    2.00    0.00    4.00   21.00     1  brave
02:48:17     1000      6344    3.00    0.00    0.00    0.00    3.00     0  brave
02:48:17     1000      6418    1.00    0.00    0.00    0.00    1.00     0  brave
02:48:17        0     11701    0.00    1.00    0.00    0.00    1.00     0  kworker/u32:7-phy0
02:48:17     1000     12830    0.00    1.00    0.00    0.00    1.00     0  pidstat

# Time        UID       PID    %usr %system  %guest   %wait    %CPU   CPU  Command
02:48:18        0       140    0.00    1.00    0.00    0.00    1.00     0  irq/30-ELAN0708:00
02:48:18        0       165    0.00    1.00    0.00    0.00    1.00     1  gfx
02:48:18        0       968    3.00    0.00    0.00    1.00    3.00     1  Xorg
02:48:18     1000      3596    3.00    0.00    0.00    0.00    3.00     0  cinnamon
02:48:18     1000      5902    3.00    1.00    0.00    0.00    4.00     0  brave
02:48:18     1000      5942    6.00    1.00    0.00    1.00    7.00     1  brave
02:48:18     1000      6120   15.00    2.00    0.00    4.00   17.00     0  brave
02:48:18     1000      6150    1.00    0.00    0.00    1.00    1.00     1  alacritty
02:48:18     1000      6344    4.00    1.00    0.00    2.00    5.00     1  brave
02:48:18        0     12399    0.00    1.00    0.00    0.00    1.00     0  kworker/u32:0-events_unbound
02:48:18     1000     12830    0.00    1.00    0.00    0.00    1.00     1  pidstat
02:48:18     1000     12833    0.00    1.00    0.00    0.00    1.00     1  sem

# Time        UID       PID    %usr %system  %guest   %wait    %CPU   CPU  Command
02:48:19        0       140    0.00    1.00    0.00    0.00    1.00     0  irq/30-ELAN0708:00
02:48:19        0       703    0.00    1.00    0.00    0.00    1.00     1  irq/63-rtw88_pci
02:48:19      120       916    0.00    1.00    0.00    0.00    1.00     0  redis-server
02:48:19        0       968    1.00    3.00    0.00    0.00    4.00     0  Xorg
02:48:19     1000      3596    4.00    1.00    0.00    2.00    5.00     0  cinnamon
02:48:19     1000      5902    5.00    1.00    0.00    0.00    6.00     0  brave
02:48:19     1000      5942    6.00    2.00    0.00    1.00    8.00     0  brave
02:48:19     1000      5943    1.00    0.00    0.00    0.00    1.00     0  brave
02:48:19     1000      6120   13.00    4.00    0.00    4.00   17.00     0  brave
02:48:19     1000      6150    0.00    1.00    0.00    2.00    1.00     1  alacritty
02:48:19     1000      6344    4.00    1.00    0.00    1.00    5.00     0  brave
02:48:19     1000     12830    0.00    1.00    0.00    1.00    1.00     1  pidstat

# Time        UID       PID    %usr %system  %guest   %wait    %CPU   CPU  Command
02:48:20        0       140    0.00    1.00    0.00    0.00    1.00     0  irq/30-ELAN0708:00
02:48:20        0       968    3.00    3.00    0.00    0.00    6.00     1  Xorg
02:48:20     1000      3303    1.00    0.00    0.00    0.00    1.00     0  ibus-daemon
02:48:20     1000      3314    1.00    0.00    0.00    0.00    1.00     0  ibus-extension-
02:48:20     1000      3596    7.00    1.00    0.00    4.00    8.00     0  cinnamon
02:48:20     1000      5902    4.00    1.00    0.00    1.00    5.00     0  brave
02:48:20     1000      5942   34.00    2.00    0.00    7.00   36.00     0  brave
02:48:20     1000      6097    1.00    0.00    0.00    0.00    1.00     1  brave
02:48:20     1000      6120   18.00    2.00    0.00    4.00   20.00     0  brave
02:48:20     1000      6150    1.00    0.00    0.00    1.00    1.00     1  alacritty
02:48:20     1000      6344    3.00    1.00    0.00    0.00    4.00     1  brave
02:48:20     1000     12830    1.00    1.00    0.00    0.00    2.00     1  pidstat

# Time        UID       PID    %usr %system  %guest   %wait    %CPU   CPU  Command
02:48:21        0       165    0.00    1.00    0.00    0.00    1.00     1  gfx
02:48:21        0       968    1.00    1.00    0.00    0.00    2.00     0  Xorg
02:48:21     1000      3596    4.00    0.00    0.00    1.00    4.00     0  cinnamon
02:48:21     1000      4636    1.00    0.00    0.00    0.00    1.00     0  jetbrains-toolb
02:48:21     1000      5902   20.00   10.00    0.00    3.00   30.00     0  brave
02:48:21     1000      5942    8.00    2.00    0.00    2.00   10.00     1  brave
02:48:21     1000      5943    1.00    1.00    0.00    0.00    2.00     0  brave
02:48:21     1000      6021    1.00    1.00    0.00    0.00    2.00     0  brave
02:48:21     1000      6120    7.00    1.00    0.00    6.00    8.00     1  brave
02:48:21     1000      6319    1.00    0.00    0.00    2.00    1.00     1  brave
02:48:21     1000      6344    3.00    0.00    0.00    1.00    3.00     0  brave
02:48:21     1000      6447    1.00    0.00    0.00    3.00    1.00     1  brave
02:48:21     1000      6626   32.00    2.00    0.00   11.00   34.00     1  brave
02:48:21     1000      6831    1.00    0.00    0.00    3.00    1.00     0  brave
02:48:21        0     12399    0.00    1.00    0.00    0.00    1.00     0  kworker/u32:0-ext4-rsv-conversion
02:48:21     1000     12830    0.00    1.00    0.00    0.00    1.00     1  pidstat

# Time        UID       PID    %usr %system  %guest   %wait    %CPU   CPU  Command
02:48:22        0       140    0.00    1.00    0.00    0.00    1.00     0  irq/30-ELAN0708:00
02:48:22        0       849    1.00    0.00    0.00    0.00    1.00     0  preload
02:48:22        0       934    1.00    0.00    0.00    0.00    1.00     0  containerd
02:48:22        0       968    2.00    2.00    0.00    0.00    4.00     0  Xorg
02:48:22     1000      3596    4.00    1.00    0.00    3.00    5.00     0  cinnamon
02:48:22     1000      3947    1.00    0.00    0.00    0.00    1.00     1  blueman-tray
02:48:22     1000      5902   31.00    9.00    0.00    2.00   40.00     0  brave
02:48:22     1000      5942    4.00    0.00    0.00    1.00    4.00     0  brave
02:48:22     1000      5943    0.00    1.00    0.00    1.00    1.00     1  brave
02:48:22     1000      6120   15.00    2.00    0.00    7.00   17.00     0  brave
02:48:22     1000      6344    4.00    0.00    0.00    1.00    4.00     1  brave
02:48:22        0     11701    0.00    1.00    0.00    0.00    1.00     1  kworker/u32:7+events_unbound
02:48:22     1000     12830    1.00    1.00    0.00    0.00    2.00     1  pidstat
02:48:22     1000     12833    0.00    1.00    0.00    0.00    1.00     1  sem

# Time        UID       PID    %usr %system  %guest   %wait    %CPU   CPU  Command
02:48:23        0       140    0.00    1.00    0.00    0.00    1.00     0  irq/30-ELAN0708:00
02:48:23        0       968    3.00    1.00    0.00    0.00    4.00     1  Xorg
02:48:23     1000      3303    1.00    1.00    0.00    3.00    2.00     0  ibus-daemon
02:48:23     1000      3313    1.00    0.00    0.00    0.00    1.00     1  ibus-ui-gtk3
02:48:23     1000      3436    1.00    0.00    0.00    0.00    1.00     1  ibus-engine-sim
02:48:23     1000      3596    3.00    1.00    0.00    2.00    4.00     1  cinnamon
02:48:23     1000      5902    4.00    1.00    0.00    1.00    5.00     1  brave
02:48:23     1000      5942    6.00    1.00    0.00    1.00    7.00     1  brave
02:48:23     1000      6120   15.00    2.00    0.00    5.00   17.00     0  brave
02:48:23     1000      6150    0.00    1.00    0.00    2.00    1.00     1  alacritty
02:48:23     1000      6344    3.00    1.00    0.00    1.00    4.00     0  brave
02:48:23     1000     12830    0.00    1.00    0.00    0.00    1.00     0  pidstat

# Time        UID       PID    %usr %system  %guest   %wait    %CPU   CPU  Command
02:48:24        0       140    0.00    1.00    0.00    0.00    1.00     0  irq/30-ELAN0708:00
02:48:24        0       703    0.00    1.00    0.00    0.00    1.00     1  irq/63-rtw88_pci
02:48:24        0       968    1.00    2.00    0.00    0.00    3.00     1  Xorg
02:48:24     1000      3303    4.00    0.00    0.00    4.00    4.00     0  ibus-daemon
02:48:24     1000      3313    2.00    0.00    0.00    1.00    2.00     0  ibus-ui-gtk3
02:48:24     1000      3314    1.00    0.00    0.00    0.00    1.00     0  ibus-extension-
02:48:24     1000      3596    4.00    0.00    0.00    3.00    4.00     1  cinnamon
02:48:24     1000      5902    4.00    2.00    0.00    1.00    6.00     0  brave
02:48:24     1000      5942    5.00    3.00    0.00    1.00    8.00     1  brave
02:48:24     1000      6120   15.00    2.00    0.00    7.00   17.00     1  brave
02:48:24     1000      6150    1.00    0.00    0.00    1.00    1.00     1  alacritty
02:48:24     1000      6344    4.00    0.00    0.00    0.00    4.00     0  brave
02:48:24        0      9600    0.00    1.00    0.00    0.00    1.00     1  kworker/u33:1-rtw_tx_wq
02:48:24     1000     12830    1.00    1.00    0.00    0.00    2.00     0  pidstat
02:48:24     1000     12833    1.00    0.00    0.00    0.00    1.00     1  sem

# Time        UID       PID    %usr %system  %guest   %wait    %CPU   CPU  Command
02:48:25        0       140    0.00    1.00    0.00    0.00    1.00     0  irq/30-ELAN0708:00
02:48:25        0       165    0.00    1.00    0.00    0.00    1.00     1  gfx
02:48:25      120       916    0.00    1.00    0.00    0.00    1.00     0  redis-server
02:48:25        0       968    4.00    3.00    0.00    1.00    7.00     0  Xorg
02:48:25     1000      3303    1.00    0.00    0.00    1.00    1.00     0  ibus-daemon
02:48:25     1000      3314    1.00    0.00    0.00    0.00    1.00     0  ibus-extension-
02:48:25     1000      3363    1.00    1.00    0.00    0.00    2.00     1  at-spi2-registr
02:48:25     1000      3596    9.00    1.00    0.00    8.00   10.00     1  cinnamon
02:48:25     1000      5902    6.00    0.00    0.00    1.00    6.00     0  brave
02:48:25     1000      5942    7.00    3.00    0.00    3.00   10.00     1  brave
02:48:25     1000      6120   22.00    3.00    0.00    8.00   25.00     1  brave
02:48:25     1000      6344    3.00    1.00    0.00    1.00    4.00     1  brave
02:48:25        0     11701    0.00    1.00    0.00    0.00    1.00     1  kworker/u32:7+events_unbound
02:48:25     1000     12830    0.00    1.00    0.00    0.00    1.00     0  pidstat

# Time        UID       PID    %usr %system  %guest   %wait    %CPU   CPU  Command
02:48:26        0       968    3.00    2.00    0.00    0.00    5.00     0  Xorg
02:48:26     1000      3596    7.00    1.00    0.00    4.00    8.00     0  cinnamon
02:48:26     1000      4636    1.00    0.00    0.00    0.00    1.00     0  jetbrains-toolb
02:48:26     1000      5902    2.00    1.00    0.00    0.00    3.00     1  brave
02:48:26     1000      5942    9.00    1.00    0.00    3.00   10.00     0  brave
02:48:26     1000      6120   16.00    2.00    0.00    6.00   18.00     0  brave
02:48:26     1000      6150    1.00    0.00    0.00    2.00    1.00     1  alacritty
02:48:26     1000      6344    3.00    1.00    0.00    0.00    4.00     0  brave
02:48:26     1000     12830    1.00    0.00    0.00    1.00    1.00     1  pidstat

# Time        UID       PID    %usr %system  %guest   %wait    %CPU   CPU  Command
02:48:27        0        15    0.00    1.00    0.00    0.00    1.00     1  rcu_preempt
02:48:27        0       140    0.00    1.00    0.00    0.00    1.00     0  irq/30-ELAN0708:00
02:48:27        0       165    0.00    1.00    0.00    0.00    1.00     1  gfx
02:48:27        0       968    2.00    5.00    0.00    0.00    7.00     0  Xorg
02:48:27     1000      3596    7.00    2.00    0.00    6.00    9.00     0  cinnamon
02:48:27     1000      5902    5.00    0.00    0.00    0.00    5.00     0  brave
02:48:27     1000      5942    9.00    2.00    0.00    3.00   11.00     0  brave
02:48:27     1000      6120   19.00    1.00    0.00    5.00   20.00     0  brave
02:48:27     1000      6344    4.00    0.00    0.00    1.00    4.00     0  brave
02:48:27     1000     12830    1.00    2.00    0.00    0.00    3.00     1  pidstat
02:48:27     1000     12833    0.00    1.00    0.00    0.00    1.00     1  sem

# Time        UID       PID    %usr %system  %guest   %wait    %CPU   CPU  Command
02:48:28        0       140    0.00    1.00    0.00    0.00    1.00     0  irq/30-ELAN0708:00
02:48:28        0       968    3.00    2.00    0.00    0.00    5.00     0  Xorg
02:48:28     1000      3596    6.00    2.00    0.00    3.00    8.00     1  cinnamon
02:48:28     1000      4636    0.00    1.00    0.00    0.00    1.00     0  jetbrains-toolb
02:48:28     1000      5902    3.00    2.00    0.00    1.00    5.00     1  brave
02:48:28     1000      5942    6.00    3.00    0.00    1.00    9.00     1  brave
02:48:28     1000      6120   14.00    3.00    0.00    4.00   17.00     1  brave
02:48:28     1000      6150    0.00    1.00    0.00    2.00    1.00     1  alacritty
02:48:28     1000      6344    2.00    1.00    0.00    0.00    3.00     0  brave
02:48:28     1000      6626    2.00    1.00    0.00    0.00    3.00     0  brave
02:48:28        0     10294    0.00    1.00    0.00    0.00    1.00     1  kworker/u32:1-events_unbound
02:48:28     1000     12830    1.00    0.00    0.00    0.00    1.00     0  pidstat

# Time        UID       PID    %usr %system  %guest   %wait    %CPU   CPU  Command
02:48:29        0       140    0.00    1.00    0.00    0.00    1.00     0  irq/30-ELAN0708:00
02:48:29        0       165    0.00    1.00    0.00    0.00    1.00     0  gfx
02:48:29        0       968    3.00    3.00    0.00    0.00    6.00     1  Xorg
02:48:29     1000      3596    9.00    1.00    0.00    6.00   10.00     1  cinnamon
02:48:29     1000      5902    5.00    0.00    0.00    0.00    5.00     1  brave
02:48:29     1000      5942    8.00    4.00    0.00    6.00   12.00     1  brave
02:48:29     1000      6120   75.00    3.00    0.00   31.00   78.00     1  brave
02:48:29     1000      6344    4.00    1.00    0.00    1.00    5.00     0  brave
02:48:29        0     11701    0.00    1.00    0.00    0.00    1.00     0  kworker/u32:7-events_unbound
02:48:29     1000     12830    0.00    1.00    0.00    0.00    1.00     0  pidstat

# Time        UID       PID    %usr %system  %guest   %wait    %CPU   CPU  Command
02:48:30        0       140    0.00    1.00    0.00    0.00    1.00     0  irq/30-ELAN0708:00
02:48:30        0       703    0.00    1.00    0.00    0.00    1.00     1  irq/63-rtw88_pci
02:48:30        0       968    4.00    3.00    0.00    0.00    7.00     0  Xorg
02:48:30     1000      3596    9.00    2.00    0.00    6.00   11.00     1  cinnamon
02:48:30     1000      5902    4.00    1.00    0.00    1.00    5.00     0  brave
02:48:30     1000      5942   10.00    1.00    0.00    4.00   11.00     1  brave
02:48:30     1000      6120   23.00    1.00    0.00    9.00   24.00     1  brave
02:48:30     1000      6150    0.00    1.00    0.00    2.00    1.00     1  alacritty
02:48:30     1000      6344    3.00    1.00    0.00    1.00    4.00     1  brave
02:48:30        0     11701    0.00    1.00    0.00    0.00    1.00     0  kworker/u32:7-phy0
02:48:30     1000     12830    1.00    1.00    0.00    0.00    2.00     0  pidstat
