Linux 6.1.0-34-amd64 (debian) 	06/04/25 	_x86_64_	(2 CPU)

# Time        UID       PID    %usr %system  %guest   %wait    %CPU   CPU  Command
02:51:38        0       703    0.00    0.99    0.00    0.00    0.99     1  irq/63-rtw88_pci
02:51:38        0       968    1.98    0.00    0.00    0.00    1.98     1  Xorg
02:51:38     1000      3303    0.99    0.99    0.00    0.99    1.98     0  ibus-daemon
02:51:38     1000      3596    0.99    0.99    0.00    1.98    1.98     1  cinnamon
02:51:38     1000      5902   15.84    5.94    0.00    2.97   21.78     0  brave
02:51:38     1000      5942    2.97    1.98    0.00    0.00    4.95     0  brave
02:51:38     1000      5943    6.93    1.98    0.00    0.00    8.91     1  brave
02:51:38     1000      6021    1.98    0.99    0.00    0.00    2.97     1  brave
02:51:38     1000      6097   29.70    0.00    0.00   16.83   29.70     0  brave
02:51:38     1000      6120   19.80    1.98    0.00   10.89   21.78     1  brave
02:51:38     1000     13170    0.99    0.99    0.00    0.00    1.98     0  pidstat

# Time        UID       PID    %usr %system  %guest   %wait    %CPU   CPU  Command
02:51:39      105       800    1.00    0.00    0.00    0.00    1.00     0  avahi-daemon
02:51:39      120       916    0.00    1.00    0.00    0.00    1.00     0  redis-server
02:51:39     1000      3303    1.00    0.00    0.00    0.00    1.00     1  ibus-daemon
02:51:39     1000      3436    1.00    0.00    0.00    0.00    1.00     0  ibus-engine-sim
02:51:39     1000      3596    1.00    0.00    0.00    0.00    1.00     0  cinnamon
02:51:39     1000      5902   10.00    4.00    0.00    2.00   14.00     1  brave
02:51:39     1000      5942    2.00    0.00    0.00    1.00    2.00     1  brave
02:51:39     1000      5943    4.00    1.00    0.00    0.00    5.00     1  brave
02:51:39     1000      6021    2.00    0.00    0.00    0.00    2.00     1  brave
02:51:39     1000      6097    3.00    2.00    0.00    1.00    5.00     1  brave
02:51:39     1000      6120   13.00    1.00    0.00    5.00   14.00     1  brave
02:51:39     1000     13170    0.00    3.00    0.00    0.00    3.00     0  pidstat

# Time        UID       PID    %usr %system  %guest   %wait    %CPU   CPU  Command
02:51:40        0        15    0.00    1.00    0.00    0.00    1.00     1  rcu_preempt
02:51:40        0       968    1.00    0.00    0.00    0.00    1.00     1  Xorg
02:51:40      114      1074    0.00    1.00    0.00    0.00    1.00     1  postgres
02:51:40     1000      3596    1.00    1.00    0.00    0.00    2.00     1  cinnamon
02:51:40     1000      5902    4.00    1.00    0.00    0.00    5.00     1  brave
02:51:40     1000      5942    4.00    1.00    0.00    0.00    5.00     1  brave
02:51:40     1000      5943    2.00    0.00    0.00    0.00    2.00     1  brave
02:51:40     1000      6097    4.00    1.00    0.00    1.00    5.00     1  brave
02:51:40     1000      6120   12.00    2.00    0.00    3.00   14.00     1  brave
02:51:40     1000      6831    1.00    0.00    0.00    1.00    1.00     1  brave
02:51:40     1000     13170    2.00    1.00    0.00    0.00    3.00     0  pidstat

# Time        UID       PID    %usr %system  %guest   %wait    %CPU   CPU  Command
02:51:41        0       703    0.00    1.00    0.00    0.00    1.00     1  irq/63-rtw88_pci
02:51:41     1000      3596    1.00    0.00    0.00    1.00    1.00     1  cinnamon
02:51:41     1000      5902    2.00    1.00    0.00    0.00    3.00     1  brave
02:51:41     1000      5942    3.00    2.00    0.00    1.00    5.00     1  brave
02:51:41     1000      5943    0.00    1.00    0.00    0.00    1.00     1  brave
02:51:41     1000      6097    4.00    1.00    0.00    2.00    5.00     1  brave
02:51:41     1000      6120    7.00    2.00    0.00    2.00    9.00     1  brave
02:51:41     1000      6626    1.00    0.00    0.00    0.00    1.00     1  brave
02:51:41     1000     13170    1.00    3.00    0.00    0.00    4.00     0  pidstat

# Time        UID       PID    %usr %system  %guest   %wait    %CPU   CPU  Command
02:51:42        0       849    1.00    0.00    0.00    0.00    1.00     1  preload
02:51:42        0       968    1.00    1.00    0.00    0.00    2.00     1  Xorg
02:51:42     1000      3596    4.00    0.00    0.00    1.00    4.00     0  cinnamon
02:51:42     1000      4636    1.00    0.00    0.00    0.00    1.00     0  jetbrains-toolb
02:51:42     1000      5902    1.00    0.00    0.00    0.00    1.00     1  brave
02:51:42     1000      5942    5.00    2.00    0.00    1.00    7.00     0  brave
02:51:42     1000      6097    4.00    2.00    0.00    1.00    6.00     1  brave
02:51:42     1000      6120    8.00    0.00    0.00    2.00    8.00     1  brave
02:51:42     1000     13170    1.00    2.00    0.00    0.00    3.00     0  pidstat

# Time        UID       PID    %usr %system  %guest   %wait    %CPU   CPU  Command
02:51:43        0       165    0.00    1.00    0.00    0.00    1.00     0  gfx
02:51:43        0       703    0.00    1.00    0.00    0.00    1.00     1  irq/63-rtw88_pci
02:51:43        0       968    1.00    0.00    0.00    0.00    1.00     0  Xorg
02:51:43     1000      3303    1.00    1.00    0.00    0.00    2.00     0  ibus-daemon
02:51:43     1000      3417    0.00    1.00    0.00    0.00    1.00     0  csd-keyboard
02:51:43     1000      3596    3.00    1.00    0.00    1.00    4.00     0  cinnamon
02:51:43     1000      3947    1.00    0.00    0.00    0.00    1.00     1  blueman-tray
02:51:43     1000      4636    0.00    1.00    0.00    1.00    1.00     0  jetbrains-toolb
02:51:43     1000      5902    7.00    3.00    0.00    1.00   10.00     0  brave
02:51:43     1000      5942    4.00    3.00    0.00    1.00    7.00     0  brave
02:51:43     1000      5943    2.00    2.00    0.00    0.00    4.00     0  brave
02:51:43     1000      6021    1.00    0.00    0.00    0.00    1.00     1  brave
02:51:43     1000      6097    3.00    1.00    0.00    1.00    4.00     0  brave
02:51:43     1000      6120   17.00    2.00    0.00    5.00   19.00     1  brave
02:51:43        0     10294    0.00    1.00    0.00    0.00    1.00     0  kworker/u32:1-phy0
02:51:43     1000     13012    1.00    0.00    0.00    0.00    1.00     1  brave
02:51:43     1000     13170    0.00    1.00    0.00    1.00    1.00     1  pidstat

# Time        UID       PID    %usr %system  %guest   %wait    %CPU   CPU  Command
02:51:44        0       968    1.00    1.00    0.00    0.00    2.00     0  Xorg
02:51:44     1000      3596    1.00    1.00    0.00    0.00    2.00     1  cinnamon
02:51:44     1000      5902    2.00    1.00    0.00    0.00    3.00     1  brave
02:51:44     1000      5942    4.00    1.00    0.00    1.00    5.00     0  brave
02:51:44     1000      5943    1.00    1.00    0.00    0.00    2.00     0  brave
02:51:44     1000      6021    1.00    0.00    0.00    0.00    1.00     1  brave
02:51:44     1000      6097    3.00    2.00    0.00    1.00    5.00     0  brave
02:51:44     1000      6120   12.00    1.00    0.00    3.00   13.00     1  brave
02:51:44     1000      6987    1.00    0.00    0.00    0.00    1.00     0  brave
02:51:44     1000     13170    1.00    2.00    0.00    0.00    3.00     0  pidstat

# Time        UID       PID    %usr %system  %guest   %wait    %CPU   CPU  Command
02:51:45        0       140    0.00    1.00    0.00    0.00    1.00     0  irq/30-ELAN0708:00
02:51:45      120       916    1.00    1.00    0.00    0.00    2.00     1  redis-server
02:51:45        0       968    2.00    2.00    0.00    0.00    4.00     1  Xorg
02:51:45     1000      3596    6.00    2.00    0.00    3.00    8.00     1  cinnamon
02:51:45     1000      5902    3.00    1.00    0.00    1.00    4.00     0  brave
02:51:45     1000      5942    4.00    4.00    0.00    2.00    8.00     1  brave
02:51:45     1000      6097    4.00    0.00    0.00    1.00    4.00     0  brave
02:51:45     1000      6120    9.00    1.00    0.00    2.00   10.00     1  brave
02:51:45     1000      6150    1.00    0.00    0.00    1.00    1.00     1  alacritty
02:51:45        0     11701    0.00    1.00    0.00    0.00    1.00     0  kworker/u32:7-events_unbound
02:51:45     1000     13170    0.00    1.00    0.00    0.00    1.00     0  pidstat

# Time        UID       PID    %usr %system  %guest   %wait    %CPU   CPU  Command
02:51:46        0       140    0.00    1.00    0.00    0.00    1.00     0  irq/30-ELAN0708:00
02:51:46        0       968    3.00    1.00    0.00    0.00    4.00     0  Xorg
02:51:46     1000      3303    1.00    0.00    0.00    1.00    1.00     1  ibus-daemon
02:51:46     1000      3313    1.00    0.00    0.00    0.00    1.00     0  ibus-ui-gtk3
02:51:46     1000      3596    5.00    0.00    0.00    3.00    5.00     0  cinnamon
02:51:46     1000      5902    2.00    1.00    0.00    0.00    3.00     0  brave
02:51:46     1000      5942    5.00    2.00    0.00    1.00    7.00     0  brave
02:51:46     1000      6027    0.00    1.00    0.00    0.00    1.00     1  brave
02:51:46     1000      6097    3.00    0.00    0.00    1.00    3.00     1  brave
02:51:46     1000      6120   14.00    3.00    0.00    4.00   17.00     1  brave
02:51:46     1000     13170    0.00    1.00    0.00    0.00    1.00     0  pidstat

# Time        UID       PID    %usr %system  %guest   %wait    %CPU   CPU  Command
02:51:47        0       140    0.00    1.00    0.00    0.00    1.00     0  irq/30-ELAN0708:00
02:51:47        0       703    0.00    1.00    0.00    0.00    1.00     1  irq/63-rtw88_pci
02:51:47        0       934    1.00    0.00    0.00    0.00    1.00     0  containerd
02:51:47        0       968    1.00    1.00    0.00    0.00    2.00     0  Xorg
02:51:47     1000      3596    2.00    1.00    0.00    0.00    3.00     0  cinnamon
02:51:47     1000      4636    0.00    1.00    0.00    0.00    1.00     0  jetbrains-toolb
02:51:47     1000      5902    2.00    1.00    0.00    1.00    3.00     0  brave
02:51:47     1000      5942    2.00    2.00    0.00    0.00    4.00     1  brave
02:51:47     1000      6097    4.00    0.00    0.00    0.00    4.00     1  brave
02:51:47     1000      6120    8.00    1.00    0.00    2.00    9.00     0  brave
02:51:47     1000      6150    1.00    0.00    0.00    1.00    1.00     1  alacritty
02:51:47     1000     13170    1.00    0.00    0.00    0.00    1.00     0  pidstat
02:51:47     1000     13173    1.00    0.00    0.00    0.00    1.00     0  starving

# Time        UID       PID    %usr %system  %guest   %wait    %CPU   CPU  Command
02:51:48        0       165    0.00    1.00    0.00    0.00    1.00     0  gfx
02:51:48        0       968    1.00    2.00    0.00    0.00    3.00     0  Xorg
02:51:48     1000      3596    2.00    0.00    0.00    2.00    2.00     0  cinnamon
02:51:48     1000      5902    0.00    2.00    0.00    0.00    2.00     1  brave
02:51:48     1000      5942    4.00    2.00    0.00    2.00    6.00     1  brave
02:51:48     1000      6097    2.00    1.00    0.00    1.00    3.00     1  brave
02:51:48     1000      6120   58.00    2.00    0.00   19.00   60.00     1  brave
02:51:48     1000     13170    1.00    1.00    0.00    0.00    2.00     0  pidstat

# Time        UID       PID    %usr %system  %guest   %wait    %CPU   CPU  Command
02:51:49        0       140    0.00    1.00    0.00    0.00    1.00     0  irq/30-ELAN0708:00
02:51:49        0       968    2.00    2.00    0.00    0.00    4.00     0  Xorg
02:51:49     1000      3596    4.00    0.00    0.00    1.00    4.00     1  cinnamon
02:51:49     1000      5902    3.00    0.00    0.00    0.00    3.00     1  brave
02:51:49     1000      5942    6.00    2.00    0.00    1.00    8.00     0  brave
02:51:49     1000      6097    3.00    1.00    0.00    0.00    4.00     0  brave
02:51:49     1000      6120   12.00    1.00    0.00    2.00   13.00     0  brave
02:51:49        0     10294    0.00    1.00    0.00    0.00    1.00     1  kworker/u32:1-events_unbound
02:51:49     1000     13170    1.00    0.00    0.00    0.00    1.00     1  pidstat

# Time        UID       PID    %usr %system  %guest   %wait    %CPU   CPU  Command
02:51:50        0       140    0.00    1.00    0.00    0.00    1.00     0  irq/30-ELAN0708:00
02:51:50        0       968    3.00    0.00    0.00    0.00    3.00     0  Xorg
02:51:50     1000      3596    5.00    3.00    0.00    2.00    8.00     1  cinnamon
02:51:50     1000      5902    3.00    1.00    0.00    0.00    4.00     0  brave
02:51:50     1000      5942    5.00    2.00    0.00    0.00    7.00     0  brave
02:51:50     1000      5943    1.00    0.00    0.00    0.00    1.00     0  brave
02:51:50     1000      6097    4.00    0.00    0.00    1.00    4.00     0  brave
02:51:50     1000      6120   13.00    3.00    0.00    2.00   16.00     1  brave
02:51:50        0     12895    0.00    1.00    0.00    0.00    1.00     1  kworker/u33:2-rtw_tx_wq
02:51:50     1000     13170    0.00    2.00    0.00    1.00    2.00     0  pidstat

# Time        UID       PID    %usr %system  %guest   %wait    %CPU   CPU  Command
02:51:51        0       140    0.00    1.00    0.00    0.00    1.00     0  irq/30-ELAN0708:00
02:51:51        0       968    3.00    3.00    0.00    0.00    6.00     1  Xorg
02:51:51     1000      3596    8.00    0.00    0.00    4.00    8.00     1  cinnamon
02:51:51     1000      4636    0.00    1.00    0.00    0.00    1.00     0  jetbrains-toolb
02:51:51     1000      5902    3.00    1.00    0.00    1.00    4.00     1  brave
02:51:51     1000      5942    8.00    3.00    0.00    2.00   11.00     0  brave
02:51:51     1000      6097    2.00    1.00    0.00    0.00    3.00     1  brave
02:51:51     1000      6120   17.00    3.00    0.00    5.00   20.00     0  brave
02:51:51     1000      6150    1.00    1.00    0.00    1.00    2.00     1  alacritty
02:51:51        0     10294    0.00    1.00    0.00    0.00    1.00     0  kworker/u32:1-phy0
02:51:51     1000     13170    0.00    1.00    0.00    0.00    1.00     1  pidstat

# Time        UID       PID    %usr %system  %guest   %wait    %CPU   CPU  Command
02:51:52        0       140    0.00    1.00    0.00    0.00    1.00     0  irq/30-ELAN0708:00
02:51:52        0       165    0.00    1.00    0.00    0.00    1.00     1  gfx
02:51:52        0       703    0.00    1.00    0.00    0.00    1.00     1  irq/63-rtw88_pci
02:51:52        0       968    2.00    1.00    0.00    0.00    3.00     1  Xorg
02:51:52     1000      3596    6.00    1.00    0.00    2.00    7.00     0  cinnamon
02:51:52     1000      3682    1.00    0.00    0.00    0.00    1.00     0  kdeconnectd
02:51:52     1000      5902    2.00    0.00    0.00    0.00    2.00     0  brave
02:51:52     1000      5942    6.00    2.00    0.00    2.00    8.00     0  brave
02:51:52     1000      6097    3.00    1.00    0.00    1.00    4.00     0  brave
02:51:52     1000      6120   12.00    1.00    0.00    2.00   13.00     0  brave
02:51:52        0     11701    0.00    1.00    0.00    0.00    1.00     0  kworker/u32:7-phy0
02:51:52     1000     13170    1.00    2.00    0.00    0.00    3.00     1  pidstat

# Time        UID       PID    %usr %system  %guest   %wait    %CPU   CPU  Command
02:51:53        0        15    0.00    1.00    0.00    0.00    1.00     1  rcu_preempt
02:51:53        0       968    4.00    1.00    0.00    1.00    5.00     1  Xorg
02:51:53     1000      3596    5.00    1.00    0.00    3.00    6.00     1  cinnamon
02:51:53     1000      5902    3.00    1.00    0.00    0.00    4.00     1  brave
02:51:53     1000      5942    4.00    1.00    0.00    1.00    5.00     1  brave
02:51:53     1000      6097    2.00    2.00    0.00    1.00    4.00     1  brave
02:51:53     1000      6120   16.00    2.00    0.00    3.00   18.00     0  brave
02:51:53     1000      6626    1.00    0.00    0.00    0.00    1.00     0  brave
02:51:53     1000     13170    0.00    1.00    0.00    0.00    1.00     0  pidstat

# Time        UID       PID    %usr %system  %guest   %wait    %CPU   CPU  Command
02:51:54        0       140    0.00    1.00    0.00    0.00    1.00     0  irq/30-ELAN0708:00
02:51:54        0       968    2.00    3.00    0.00    0.00    5.00     0  Xorg
02:51:54     1000      3303    1.00    0.00    0.00    1.00    1.00     1  ibus-daemon
02:51:54     1000      3314    1.00    1.00    0.00    0.00    2.00     0  ibus-extension-
02:51:54     1000      3436    1.00    0.00    0.00    0.00    1.00     1  ibus-engine-sim
02:51:54     1000      3596    4.00    2.00    0.00    4.00    6.00     0  cinnamon
02:51:54     1000      5902    4.00    3.00    0.00    1.00    7.00     1  brave
02:51:54     1000      5942    9.00    2.00    0.00    3.00   11.00     0  brave
02:51:54     1000      6097    3.00    1.00    0.00    2.00    4.00     1  brave
02:51:54     1000      6120   35.00    2.00    0.00    9.00   37.00     1  brave
02:51:54     1000      6150    1.00    0.00    0.00    3.00    1.00     1  alacritty

# Time        UID       PID    %usr %system  %guest   %wait    %CPU   CPU  Command
02:51:55        0       968    1.00    1.00    0.00    0.00    2.00     1  Xorg
02:51:55     1000      3303    1.00    0.00    0.00    0.00    1.00     1  ibus-daemon
02:51:55     1000      3596    2.00    0.00    0.00    1.00    2.00     0  cinnamon
02:51:55     1000      5902    3.00    2.00    0.00    1.00    5.00     0  brave
02:51:55     1000      5942    4.00    3.00    0.00    1.00    7.00     0  brave
02:51:55     1000      5943    1.00    0.00    0.00    0.00    1.00     0  brave
02:51:55     1000      6097    5.00    0.00    0.00    1.00    5.00     0  brave
02:51:55     1000      6120   25.00    1.00    0.00    4.00   26.00     1  brave
02:51:55        0     11701    0.00    1.00    0.00    0.00    1.00     1  kworker/u32:7-events_unbound
02:51:55     1000     13170    1.00    2.00    0.00    0.00    3.00     0  pidstat

# Time        UID       PID    %usr %system  %guest   %wait    %CPU   CPU  Command
02:51:56        0       165    0.00    1.00    0.00    0.00    1.00     0  gfx
02:51:56        0       703    0.00    1.00    0.00    0.00    1.00     1  irq/63-rtw88_pci
02:51:56        0       968    1.00    1.00    0.00    0.00    2.00     0  Xorg
02:51:56     1000      3303    1.00    2.00    0.00    1.00    3.00     0  ibus-daemon
02:51:56     1000      3436    1.00    0.00    0.00    0.00    1.00     1  ibus-engine-sim
02:51:56     1000      3596    2.00    0.00    0.00    2.00    2.00     1  cinnamon
02:51:56     1000      4636    1.00    0.00    0.00    0.00    1.00     0  jetbrains-toolb
02:51:56     1000      5902   17.00    5.00    0.00    5.00   22.00     0  brave
02:51:56     1000      5942    5.00    1.00    0.00    3.00    6.00     1  brave
02:51:56     1000      5943    7.00    1.00    0.00    0.00    8.00     0  brave
02:51:56     1000      6021    3.00    0.00    0.00    0.00    3.00     1  brave
02:51:56     1000      6097    3.00    1.00    0.00    1.00    4.00     1  brave
02:51:56     1000      6120   23.00    3.00    0.00   11.00   26.00     1  brave
02:51:56     1000      6418    1.00    0.00    0.00    0.00    1.00     1  brave
02:51:56        0      9838    0.00    1.00    0.00    0.00    1.00     0  kworker/0:1-events
02:51:56        0     12078    0.00    1.00    0.00    0.00    1.00     1  kworker/1:0-events
02:51:56     1000     13012    0.00    1.00    0.00    0.00    1.00     1  brave
