Linux 6.1.0-34-amd64 (debian) 	06/04/25 	_x86_64_	(2 CPU)

# Time        UID       PID    %usr %system  %guest   %wait    %CPU   CPU  Command
02:46:49        0       703    0.00    0.99    0.00    0.00    0.99     1  irq/63-rtw88_pci
02:46:49        0       968    0.99    0.99    0.00    0.00    1.98     1  Xorg
02:46:49     1000      3303    2.97    0.00    0.00    0.99    2.97     0  ibus-daemon
02:46:49     1000      3596    2.97    0.00    0.00    7.92    2.97     0  cinnamon
02:46:49     1000      5902    7.92    1.98    0.00    2.97    9.90     1  brave
02:46:49     1000      5942    3.96    0.99    0.00    0.99    4.95     0  brave
02:46:49     1000      5943    0.99    0.00    0.00    0.00    0.99     1  brave
02:46:49     1000      6120    4.95    0.99    0.00    2.97    5.94     0  brave
02:46:49     1000      6344   76.24    1.98    0.00    6.93   78.22     1  brave
02:46:49        0     12399    0.00    0.99    0.00    0.00    0.99     1  kworker/u32:0-events_unbound
02:46:49     1000     12694    0.99    0.99    0.00    0.00    1.98     0  pidstat

# Time        UID       PID    %usr %system  %guest   %wait    %CPU   CPU  Command
02:46:50        0        15    0.00    1.00    0.00    0.00    1.00     1  rcu_preempt
02:46:50        0       968    1.00    0.00    0.00    0.00    1.00     1  Xorg
02:46:50     1000      3417    0.00    1.00    0.00    0.00    1.00     0  csd-keyboard
02:46:50     1000      3596    1.00    0.00    0.00    0.00    1.00     1  cinnamon
02:46:50     1000      5902    2.00    1.00    0.00    0.00    3.00     1  brave
02:46:50     1000      5942    3.00    2.00    0.00    1.00    5.00     1  brave
02:46:50     1000      5943    0.00    2.00    0.00    0.00    2.00     1  brave
02:46:50     1000      6120    4.00    1.00    0.00    1.00    5.00     1  brave
02:46:50     1000      6344   14.00    3.00    0.00    2.00   17.00     0  brave
02:46:50     1000      6626    1.00    0.00    0.00    0.00    1.00     1  brave
02:46:50     1000     12694    0.00    1.00    0.00    0.00    1.00     1  pidstat

# Time        UID       PID    %usr %system  %guest   %wait    %CPU   CPU  Command
02:46:51        0       165    0.00    1.00    0.00    0.00    1.00     0  gfx
02:46:51        0       968    0.00    1.00    0.00    0.00    1.00     1  Xorg
02:46:51     1000      3436    1.00    0.00    0.00    0.00    1.00     1  ibus-engine-sim
02:46:51     1000      3596    1.00    1.00    0.00    1.00    2.00     0  cinnamon
02:46:51     1000      4636    1.00    0.00    0.00    0.00    1.00     0  jetbrains-toolb
02:46:51     1000      5902    3.00    0.00    0.00    1.00    3.00     0  brave
02:46:51     1000      5942    2.00    2.00    0.00    0.00    4.00     1  brave
02:46:51     1000      5943    1.00    0.00    0.00    0.00    1.00     1  brave
02:46:51     1000      6120    4.00    1.00    0.00    1.00    5.00     0  brave
02:46:51     1000      6344   21.00    2.00    0.00    5.00   23.00     1  brave
02:46:51     1000      6626    2.00    0.00    0.00    0.00    2.00     1  brave
02:46:51     1000     12694    0.00    1.00    0.00    0.00    1.00     0  pidstat

# Time        UID       PID    %usr %system  %guest   %wait    %CPU   CPU  Command
02:46:52        0       703    0.00    1.00    0.00    0.00    1.00     1  irq/63-rtw88_pci
02:46:52      120       916    0.00    1.00    0.00    0.00    1.00     0  redis-server
02:46:52        0       968    1.00    1.00    0.00    0.00    2.00     1  Xorg
02:46:52     1000      3303    1.00    2.00    0.00    1.00    3.00     1  ibus-daemon
02:46:52     1000      3436    1.00    0.00    0.00    0.00    1.00     1  ibus-engine-sim
02:46:52     1000      3596    2.00    1.00    0.00    7.00    3.00     1  cinnamon
02:46:52     1000      5902    6.00    3.00    0.00    2.00    9.00     1  brave
02:46:52     1000      5942    4.00    2.00    0.00    1.00    6.00     0  brave
02:46:52     1000      5943    1.00    1.00    0.00    0.00    2.00     1  brave
02:46:52     1000      6120    5.00    1.00    0.00    1.00    6.00     0  brave
02:46:52     1000      6319    1.00    0.00    0.00    0.00    1.00     1  brave
02:46:52     1000      6344   74.00    2.00    0.00    8.00   76.00     1  brave
02:46:52     1000      6418    0.00    1.00    0.00    0.00    1.00     0  brave
02:46:52     1000      7002    1.00    0.00    0.00    0.00    1.00     1  brave
02:46:52        0     12078    0.00    1.00    0.00    0.00    1.00     1  kworker/1:0-events
02:46:52     1000     12694    1.00    1.00    0.00    0.00    2.00     0  pidstat
02:46:52     1000     12697    0.00    1.00    0.00    0.00    1.00     1  sem

# Time        UID       PID    %usr %system  %guest   %wait    %CPU   CPU  Command
02:46:53        0       968    1.00    1.00    0.00    0.00    2.00     1  Xorg
02:46:53     1000      3303    3.00    0.00    0.00    1.00    3.00     0  ibus-daemon
02:46:53     1000      3596    4.00    0.00    0.00    7.00    4.00     1  cinnamon
02:46:53     1000      5902    6.00    1.00    0.00    2.00    7.00     1  brave
02:46:53     1000      5942    3.00    2.00    0.00    2.00    5.00     0  brave
02:46:53     1000      6120    3.00    1.00    0.00    0.00    4.00     0  brave
02:46:53     1000      6344   72.00    2.00    0.00    6.00   74.00     1  brave
02:46:53     1000     12694    0.00    1.00    0.00    1.00    1.00     0  pidstat

# Time        UID       PID    %usr %system  %guest   %wait    %CPU   CPU  Command
02:46:54      120       916    1.00    0.00    0.00    0.00    1.00     1  redis-server
02:46:54        0       968    1.00    1.00    0.00    0.00    2.00     0  Xorg
02:46:54     1000      3303    1.00    1.00    0.00    0.00    2.00     0  ibus-daemon
02:46:54     1000      3436    1.00    1.00    0.00    0.00    2.00     0  ibus-engine-sim
02:46:54     1000      3596    1.00    1.00    0.00    2.00    2.00     1  cinnamon
02:46:54     1000      4636    0.00    1.00    0.00    0.00    1.00     0  jetbrains-toolb
02:46:54     1000      5902    5.00    1.00    0.00    1.00    6.00     0  brave
02:46:54     1000      5942    4.00    1.00    0.00    2.00    5.00     0  brave
02:46:54     1000      5943    1.00    0.00    0.00    0.00    1.00     1  brave
02:46:54     1000      6120    5.00    1.00    0.00    1.00    6.00     0  brave
02:46:54     1000      6344   58.00    3.00    0.00    5.00   61.00     1  brave
02:46:54     1000     12694    0.00    2.00    0.00    0.00    2.00     0  pidstat

# Time        UID       PID    %usr %system  %guest   %wait    %CPU   CPU  Command
02:46:55        0       968    1.00    1.00    0.00    0.00    2.00     0  Xorg
02:46:55     1000      3303    2.00    0.00    0.00    1.00    2.00     0  ibus-daemon
02:46:55     1000      3313    1.00    0.00    0.00    0.00    1.00     0  ibus-ui-gtk3
02:46:55     1000      3314    1.00    0.00    0.00    0.00    1.00     1  ibus-extension-
02:46:55     1000      3596    2.00    1.00    0.00    7.00    3.00     0  cinnamon
02:46:55     1000      4636    1.00    0.00    0.00    0.00    1.00     0  jetbrains-toolb
02:46:55     1000      5902    9.00    1.00    0.00    3.00   10.00     0  brave
02:46:55     1000      5942    4.00    2.00    0.00    0.00    6.00     1  brave
02:46:55     1000      6120    4.00    1.00    0.00    2.00    5.00     1  brave
02:46:55     1000      6344   83.00    3.00    0.00    9.00   86.00     1  brave
02:46:55     1000      6626    2.00    0.00    0.00    1.00    2.00     0  brave
02:46:55     1000     12694    1.00    1.00    0.00    0.00    2.00     0  pidstat
02:46:55     1000     12697    0.00    1.00    0.00    0.00    1.00     1  sem

# Time        UID       PID    %usr %system  %guest   %wait    %CPU   CPU  Command
02:46:56        0       703    0.00    1.00    0.00    0.00    1.00     1  irq/63-rtw88_pci
02:46:56        0       968    1.00    1.00    0.00    1.00    2.00     1  Xorg
02:46:56     1000      3303    2.00    1.00    0.00    1.00    3.00     0  ibus-daemon
02:46:56     1000      3436    1.00    0.00    0.00    1.00    1.00     1  ibus-engine-sim
02:46:56     1000      3596    3.00    2.00    0.00    6.00    5.00     1  cinnamon
02:46:56     1000      3947    1.00    0.00    0.00    0.00    1.00     1  blueman-tray
02:46:56     1000      5902    5.00    3.00    0.00    3.00    8.00     1  brave
02:46:56     1000      5942    4.00    2.00    0.00    2.00    6.00     1  brave
02:46:56     1000      6120    4.00    2.00    0.00    5.00    6.00     1  brave
02:46:56     1000      6150    0.00    1.00    0.00    0.00    1.00     0  alacritty
02:46:56     1000      6344   88.00    3.00    0.00    6.00   91.00     1  brave
02:46:56        0     11701    0.00    1.00    0.00    0.00    1.00     1  kworker/u32:7-phy0
02:46:56     1000     12694    0.00    1.00    0.00    0.00    1.00     0  pidstat

# Time        UID       PID    %usr %system  %guest   %wait    %CPU   CPU  Command
02:46:57        0       968    2.00    0.00    0.00    0.00    2.00     0  Xorg
02:46:57     1000      3303    2.00    1.00    0.00    1.00    3.00     0  ibus-daemon
02:46:57     1000      3314    0.00    1.00    0.00    0.00    1.00     1  ibus-extension-
02:46:57     1000      3436    1.00    0.00    0.00    0.00    1.00     1  ibus-engine-sim
02:46:57     1000      3596    4.00    0.00    0.00    4.00    4.00     0  cinnamon
02:46:57     1000      5902    6.00    2.00    0.00    2.00    8.00     0  brave
02:46:57     1000      5942    5.00    2.00    0.00    2.00    7.00     1  brave
02:46:57     1000      6120    5.00    0.00    0.00    1.00    5.00     0  brave
02:46:57     1000      6344   85.00    3.00    0.00    9.00   88.00     1  brave
02:46:57     1000      6987    1.00    0.00    0.00    0.00    1.00     0  brave
02:46:57     1000     12694    1.00    1.00    0.00    1.00    2.00     0  pidstat

# Time        UID       PID    %usr %system  %guest   %wait    %CPU   CPU  Command
02:46:58        0       165    0.00    1.00    0.00    0.00    1.00     0  gfx
02:46:58        0       852    1.00    0.00    0.00    0.00    1.00     1  NetworkManager
02:46:58        0       968    0.00    2.00    0.00    0.00    2.00     1  Xorg
02:46:58     1000      3303    3.00    1.00    0.00    0.00    4.00     0  ibus-daemon
02:46:58     1000      3436    1.00    0.00    0.00    0.00    1.00     1  ibus-engine-sim
02:46:58     1000      3596    2.00    1.00    0.00    6.00    3.00     1  cinnamon
02:46:58     1000      5902    7.00    3.00    0.00    3.00   10.00     0  brave
02:46:58     1000      5942    3.00    3.00    0.00    0.00    6.00     1  brave
02:46:58     1000      6120    3.00    1.00    0.00    0.00    4.00     0  brave
02:46:58     1000      6150    1.00    0.00    0.00    0.00    1.00     0  alacritty
02:46:58     1000      6344   92.00    3.00    0.00    8.00   95.00     1  brave
02:46:58     1000     12694    0.00    2.00    0.00    0.00    2.00     0  pidstat

# Time        UID       PID    %usr %system  %guest   %wait    %CPU   CPU  Command
02:46:59        0       703    0.00    1.00    0.00    0.00    1.00     1  irq/63-rtw88_pci
02:46:59        0       968    3.00    0.00    0.00    0.00    3.00     1  Xorg
02:46:59     1000      3303    5.00    1.00    0.00    2.00    6.00     1  ibus-daemon
02:46:59     1000      3313    3.00    1.00    0.00    2.00    4.00     1  ibus-ui-gtk3
02:46:59     1000      3314    2.00    0.00    0.00    1.00    2.00     1  ibus-extension-
02:46:59     1000      3436    1.00    1.00    0.00    1.00    2.00     1  ibus-engine-sim
02:46:59     1000      3596    4.00    1.00    0.00    8.00    5.00     1  cinnamon
02:46:59     1000      4636    1.00    0.00    0.00    0.00    1.00     0  jetbrains-toolb
02:46:59     1000      5902    6.00    3.00    0.00    2.00    9.00     1  brave
02:46:59     1000      5942    3.00    4.00    0.00    3.00    7.00     1  brave
02:46:59     1000      6120    5.00    1.00    0.00    1.00    6.00     0  brave
02:46:59     1000      6344   73.00    4.00    0.00   13.00   77.00     1  brave
02:46:59     1000      6418    1.00    0.00    0.00    0.00    1.00     1  brave
02:46:59     1000      6626    1.00    0.00    0.00    0.00    1.00     0  brave
02:46:59        0      9838    0.00    1.00    0.00    0.00    1.00     0  kworker/0:1-events
02:46:59     1000     12694    0.00    1.00    0.00    0.00    1.00     0  pidstat
02:46:59     1000     12697    0.00    1.00    0.00    0.00    1.00     1  sem

# Time        UID       PID    %usr %system  %guest   %wait    %CPU   CPU  Command
02:47:00        0        15    0.00    1.00    0.00    0.00    1.00     0  rcu_preempt
02:47:00        0       968    2.00    1.00    0.00    0.00    3.00     1  Xorg
02:47:00     1000      3303    4.00    2.00    0.00    1.00    6.00     0  ibus-daemon
02:47:00     1000      3313    1.00    0.00    0.00    1.00    1.00     1  ibus-ui-gtk3
02:47:00     1000      3314    0.00    1.00    0.00    1.00    1.00     0  ibus-extension-
02:47:00     1000      3404    0.00    1.00    0.00    0.00    1.00     1  xdg-desktop-por
02:47:00     1000      3436    1.00    0.00    0.00    0.00    1.00     0  ibus-engine-sim
02:47:00     1000      3596    5.00    1.00    0.00    6.00    6.00     1  cinnamon
02:47:00     1000      5902    7.00    3.00    0.00    1.00   10.00     1  brave
02:47:00     1000      5942    7.00    2.00    0.00    5.00    9.00     1  brave
02:47:00     1000      5943    1.00    2.00    0.00    0.00    3.00     1  brave
02:47:00     1000      6021    1.00    0.00    0.00    0.00    1.00     0  brave
02:47:00     1000      6120    5.00    0.00    0.00    1.00    5.00     1  brave
02:47:00     1000      6344   82.00    2.00    0.00   16.00   84.00     0  brave
02:47:00     1000     12694    1.00    1.00    0.00    2.00    2.00     0  pidstat

# Time        UID       PID    %usr %system  %guest   %wait    %CPU   CPU  Command
02:47:01        0       165    0.00    1.00    0.00    0.00    1.00     0  gfx
02:47:01      120       916    0.00    1.00    0.00    0.00    1.00     0  redis-server
02:47:01        0       968    2.00    3.00    0.00    1.00    5.00     0  Xorg
02:47:01        0      2892    2.00    0.00    0.00    0.00    2.00     0  dockerd
02:47:01     1000      3596   15.00    2.00    0.00    9.00   17.00     1  cinnamon
02:47:01     1000      4636    0.00    1.00    0.00    0.00    1.00     0  jetbrains-toolb
02:47:01     1000      5902    3.00    1.00    0.00    1.00    4.00     0  brave
02:47:01     1000      5942   17.00    4.00    0.00   21.00   21.00     0  brave
02:47:01     1000      5943    0.00    1.00    0.00    0.00    1.00     1  brave
02:47:01     1000      6021    1.00    0.00    0.00    0.00    1.00     0  brave
02:47:01     1000      6120    4.00    1.00    0.00    1.00    5.00     0  brave
02:47:01     1000      6344   46.00    3.00    0.00   13.00   49.00     1  brave
02:47:01        0     11701    0.00    1.00    0.00    0.00    1.00     0  kworker/u32:7-writeback
02:47:01        0     12399    0.00    1.00    0.00    0.00    1.00     1  kworker/u32:0+events_unbound
02:47:01     1000     12561    1.00    0.00    0.00    0.00    1.00     0  brave
02:47:01     1000     12694    0.00    2.00    0.00    0.00    2.00     0  pidstat

# Time        UID       PID    %usr %system  %guest   %wait    %CPU   CPU  Command
02:47:02        0       165    0.00    1.00    0.00    0.00    1.00     0  gfx
02:47:02        0       703    0.00    1.00    0.00    0.00    1.00     1  irq/63-rtw88_pci
02:47:02        0       968    3.00    3.00    0.00    0.00    6.00     0  Xorg
02:47:02     1000      3596   10.00    3.00    0.00   12.00   13.00     0  cinnamon
02:47:02     1000      5902    3.00    1.00    0.00    1.00    4.00     0  brave
02:47:02     1000      5942   12.00    3.00    0.00    8.00   15.00     0  brave
02:47:02     1000      5943    1.00    0.00    0.00    0.00    1.00     1  brave
02:47:02     1000      6120    5.00    1.00    0.00    1.00    6.00     0  brave
02:47:02     1000      6344   62.00    4.00    0.00   10.00   66.00     1  brave
02:47:02     1000      6626    4.00    0.00    0.00    1.00    4.00     0  brave
02:47:02        0     10333    0.00    1.00    0.00    0.00    1.00     0  kworker/u33:0-rtw_tx_wq
02:47:02        0     12399    0.00    1.00    0.00    0.00    1.00     0  kworker/u32:0-phy0
02:47:02     1000     12694    0.00    2.00    0.00    2.00    2.00     0  pidstat
02:47:02     1000     12697    0.00    1.00    0.00    0.00    1.00     1  sem

# Time        UID       PID    %usr %system  %guest   %wait    %CPU   CPU  Command
02:47:03        0        33    0.00    1.00    0.00    0.00    1.00     0  kcompactd0
02:47:03        0       165    0.00    1.00    0.00    0.00    1.00     0  gfx
02:47:03        0       934    1.00    0.00    0.00    0.00    1.00     0  containerd
02:47:03        0       968    2.00    2.00    0.00    0.00    4.00     0  Xorg
02:47:03     1000      3596   15.00    1.00    0.00   19.00   16.00     0  cinnamon
02:47:03     1000      4636    0.00    1.00    0.00    0.00    1.00     0  jetbrains-toolb
02:47:03     1000      5902    1.00    1.00    0.00    0.00    2.00     0  brave
02:47:03     1000      5942   13.00    5.00    0.00   18.00   18.00     0  brave
02:47:03     1000      5943    0.00    1.00    0.00    0.00    1.00     1  brave
02:47:03     1000      6120    5.00    1.00    0.00    0.00    6.00     0  brave
02:47:03     1000      6344  128.00    3.00    0.00   45.00  131.00     0  brave
02:47:03        0     11701    0.00    1.00    0.00    1.00    1.00     0  kworker/u32:7-events_unbound
02:47:03     1000     12694    1.00    3.00    0.00    0.00    4.00     1  pidstat

# Time        UID       PID    %usr %system  %guest   %wait    %CPU   CPU  Command
02:47:04        0       165    0.00    1.00    0.00    0.00    1.00     1  gfx
02:47:04        0       968    1.00    5.00    0.00    1.00    6.00     0  Xorg
02:47:04     1000      3596   14.00    2.00    0.00   18.00   16.00     0  cinnamon
02:47:04     1000      3673    1.00    0.00    0.00    0.00    1.00     1  nm-applet
02:47:04     1000      5902    1.00    1.00    0.00    0.00    2.00     1  brave
02:47:04     1000      5942   16.00    4.00    0.00   23.00   20.00     1  brave
02:47:04     1000      6120   18.00    2.00    0.00    9.00   20.00     0  brave
02:47:04     1000      6344   93.00    8.00    0.00   26.00  101.00     1  brave
02:47:04        0     11701    0.00    1.00    0.00    1.00    1.00     1  kworker/u32:7-phy0
02:47:04     1000     12694    1.00    3.00    0.00    6.00    4.00     1  pidstat
02:47:04     1000     12697    1.00    0.00    0.00    0.00    1.00     1  sem

# Time        UID       PID    %usr %system  %guest   %wait    %CPU   CPU  Command
02:47:05        0       140    0.00    2.00    0.00    0.00    2.00     0  irq/30-ELAN0708:00
02:47:05        0       703    0.00    1.00    0.00    0.00    1.00     1  irq/63-rtw88_pci
02:47:05        0       968    3.00    5.00    0.00    0.00    8.00     1  Xorg
02:47:05     1000      3596    9.00    1.00    0.00   19.00   10.00     1  cinnamon
02:47:05     1000      4636    1.00    0.00    0.00    0.00    1.00     0  jetbrains-toolb
02:47:05     1000      5902    9.00    1.00    0.00    2.00   10.00     1  brave
02:47:05     1000      5942    7.00    3.00    0.00    4.00   10.00     1  brave
02:47:05     1000      5943    1.00    1.00    0.00    0.00    2.00     1  brave
02:47:05     1000      6021    1.00    1.00    0.00    0.00    2.00     0  brave
02:47:05     1000      6120  100.00    3.00    0.00   57.00  103.00     0  brave
02:47:05     1000      6150    0.00    1.00    0.00    2.00    1.00     0  alacritty
02:47:05     1000      6344   39.00    2.00    0.00   62.00   41.00     0  brave
02:47:05     1000     12694    1.00    2.00    0.00    1.00    3.00     1  pidstat

# Time        UID       PID    %usr %system  %guest   %wait    %CPU   CPU  Command
02:47:06        0        15    0.00    1.00    0.00    0.00    1.00     0  rcu_preempt
02:47:06      120       916    0.00    1.00    0.00    0.00    1.00     0  redis-server
02:47:06     1000      3596    1.00    0.00    0.00    0.00    1.00     1  cinnamon
02:47:06     1000      4636    0.00    1.00    0.00    0.00    1.00     0  jetbrains-toolb
02:47:06     1000      5902    1.00    1.00    0.00    0.00    2.00     0  brave
02:47:06     1000      5942    1.00    4.00    0.00    1.00    5.00     1  brave
02:47:06     1000      6120    5.00    2.00    0.00    1.00    7.00     0  brave
02:47:06     1000      6344    9.00    2.00    0.00    2.00   11.00     0  brave
02:47:06        0     11701    0.00    1.00    0.00    0.00    1.00     0  kworker/u32:7-phy0
02:47:06     1000     12694    1.00    3.00    0.00    0.00    4.00     1  pidstat

# Time        UID       PID    %usr %system  %guest   %wait    %CPU   CPU  Command
02:47:07        0       703    0.00    1.00    0.00    0.00    1.00     1  irq/63-rtw88_pci
02:47:07     1000      3596    1.00    0.00    0.00    0.00    1.00     0  cinnamon
02:47:07     1000      5902    1.00    0.00    0.00    0.00    1.00     0  brave
02:47:07     1000      5942    3.00    1.00    0.00    0.00    4.00     1  brave
02:47:07     1000      6120    6.00    1.00    0.00    2.00    7.00     0  brave
02:47:07     1000      6344    4.00    4.00    0.00    2.00    8.00     0  brave
02:47:07        0     12078    0.00    1.00    0.00    0.00    1.00     1  kworker/1:0-events
02:47:07     1000     12694    0.00    1.00    0.00    0.00    1.00     1  pidstat
02:47:07     1000     12697    0.00    1.00    0.00    0.00    1.00     1  sem
