Linux 6.1.0-34-amd64 (debian) 	06/04/25 	_x86_64_	(2 CPU)

# Time        UID       PID    %usr %system  %guest   %wait    %CPU   CPU  Command
02:45:48        0       968    0.98    0.00    0.00    0.00    0.98     1  Xorg
02:45:48     1000      3303    0.00    0.98    0.00    0.00    0.98     0  ibus-daemon
02:45:48     1000      3596    0.98    0.98    0.00    0.98    1.96     0  cinnamon
02:45:48     1000      4636    0.98    0.00    0.00    0.00    0.98     0  jetbrains-toolb
02:45:48     1000      5902    3.92    0.98    0.00    0.98    4.90     1  brave
02:45:48     1000      5942    4.90    1.96    0.00    0.00    6.86     1  brave
02:45:48     1000      6021    0.98    0.00    0.00    0.00    0.98     0  brave
02:45:48     1000      6120   11.76    0.98    0.00    1.96   12.75     0  brave
02:45:48     1000      6344    3.92    1.96    0.00    1.96    5.88     1  brave
02:45:48        0     10294    0.00    0.98    0.00    0.00    0.98     0  kworker/u32:1-events_unbound
02:45:48     1000     12608    1.96    1.96    0.00    0.00    3.92     1  pidstat

# Time        UID       PID    %usr %system  %guest   %wait    %CPU   CPU  Command
02:45:49        0       703    0.00    1.00    0.00    0.00    1.00     1  irq/63-rtw88_pci
02:45:49        0       968    1.00    0.00    0.00    0.00    1.00     0  Xorg
02:45:49     1000      3303    1.00    0.00    0.00    0.00    1.00     0  ibus-daemon
02:45:49     1000      3436    1.00    0.00    0.00    0.00    1.00     0  ibus-engine-sim
02:45:49     1000      3596    0.00    1.00    0.00    0.00    1.00     1  cinnamon
02:45:49     1000      3947    1.00    0.00    0.00    0.00    1.00     1  blueman-tray
02:45:49     1000      5902    6.00    2.00    0.00    1.00    8.00     1  brave
02:45:49     1000      5942    3.00    1.00    0.00    1.00    4.00     1  brave
02:45:49     1000      5943    1.00    0.00    0.00    0.00    1.00     1  brave
02:45:49     1000      6021    1.00    0.00    0.00    0.00    1.00     0  brave
02:45:49     1000      6120   18.00    1.00    0.00    5.00   19.00     0  brave
02:45:49     1000      6344    4.00    2.00    0.00    1.00    6.00     0  brave
02:45:49     1000      8645    0.00    1.00    0.00    0.00    1.00     0  brave
02:45:49     1000     12608    1.00    2.00    0.00    0.00    3.00     1  pidstat

# Time        UID       PID    %usr %system  %guest   %wait    %CPU   CPU  Command
02:45:50        0       934    1.00    0.00    0.00    0.00    1.00     0  containerd
02:45:50        0       968    2.00    1.00    0.00    0.00    3.00     0  Xorg
02:45:50     1000      3303    2.00    0.00    0.00    1.00    2.00     0  ibus-daemon
02:45:50     1000      3436    0.00    1.00    0.00    0.00    1.00     0  ibus-engine-sim
02:45:50     1000      3596    5.00    1.00    0.00    5.00    6.00     1  cinnamon
02:45:50     1000      5902    5.00    2.00    0.00    1.00    7.00     0  brave
02:45:50     1000      5942    9.00    2.00    0.00    2.00   11.00     0  brave
02:45:50     1000      5943    1.00    1.00    0.00    0.00    2.00     0  brave
02:45:50     1000      6021    1.00    0.00    0.00    0.00    1.00     0  brave
02:45:50     1000      6120   18.00    4.00    0.00    7.00   22.00     0  brave
02:45:50     1000      6344    4.00    0.00    0.00    1.00    4.00     1  brave
02:45:50     1000     12608    1.00    3.00    0.00    0.00    4.00     1  pidstat

# Time        UID       PID    %usr %system  %guest   %wait    %CPU   CPU  Command
02:45:51        0       165    0.00    1.00    0.00    0.00    1.00     0  gfx
02:45:51      120       916    1.00    0.00    0.00    0.00    1.00     0  redis-server
02:45:51     1000      3596    4.00    0.00    0.00    0.00    4.00     1  cinnamon
02:45:51     1000      5902    3.00    0.00    0.00    0.00    3.00     0  brave
02:45:51     1000      5942    6.00    3.00    0.00    1.00    9.00     1  brave
02:45:51     1000      6120    8.00    2.00    0.00    2.00   10.00     0  brave
02:45:51     1000      6344    4.00    2.00    0.00    1.00    6.00     1  brave
02:45:51     1000      6626    1.00    0.00    0.00    0.00    1.00     1  brave
02:45:51        0     12399    0.00    1.00    0.00    0.00    1.00     0  kworker/u32:0-phy0
02:45:51     1000     12608    0.00    3.00    0.00    1.00    3.00     1  pidstat
02:45:51     1000     12611    1.00    0.00    0.00    0.00    1.00     1  sem

# Time        UID       PID    %usr %system  %guest   %wait    %CPU   CPU  Command
02:45:52        0       968    2.00    2.00    0.00    0.00    4.00     1  Xorg
02:45:52     1000      3303    2.00    0.00    0.00    0.00    2.00     1  ibus-daemon
02:45:52     1000      3436    1.00    0.00    0.00    0.00    1.00     0  ibus-engine-sim
02:45:52     1000      3596    3.00    2.00    0.00    3.00    5.00     0  cinnamon
02:45:52     1000      4636    1.00    0.00    0.00    0.00    1.00     0  jetbrains-toolb
02:45:52     1000      5902    3.00    0.00    0.00    0.00    3.00     0  brave
02:45:52     1000      5942    6.00    2.00    0.00    1.00    8.00     0  brave
02:45:52     1000      6120   16.00    3.00    0.00    4.00   19.00     0  brave
02:45:52     1000      6344    5.00    1.00    0.00    1.00    6.00     0  brave
02:45:52     1000      6418    1.00    0.00    0.00    0.00    1.00     1  brave
02:45:52        0     12078    0.00    1.00    0.00    0.00    1.00     1  kworker/1:0-events
02:45:52     1000     12608    1.00    3.00    0.00    0.00    4.00     1  pidstat

# Time        UID       PID    %usr %system  %guest   %wait    %CPU   CPU  Command
02:45:53        0       703    0.00    1.00    0.00    0.00    1.00     1  irq/63-rtw88_pci
02:45:53     1000      3596    2.00    0.00    0.00    0.00    2.00     1  cinnamon
02:45:53     1000      5902    2.00    1.00    0.00    0.00    3.00     1  brave
02:45:53     1000      5942    3.00    2.00    0.00    1.00    5.00     1  brave
02:45:53     1000      6120    7.00    2.00    0.00    3.00    9.00     0  brave
02:45:53     1000      6344    4.00    1.00    0.00    2.00    5.00     0  brave
02:45:53     1000     12608    1.00    2.00    0.00    0.00    3.00     1  pidstat

# Time        UID       PID    %usr %system  %guest   %wait    %CPU   CPU  Command
02:45:54        0       968    2.00    2.00    0.00    0.00    4.00     0  Xorg
02:45:54     1000      3303    2.00    1.00    0.00    1.00    3.00     0  ibus-daemon
02:45:54     1000      3417    1.00    0.00    0.00    0.00    1.00     0  csd-keyboard
02:45:54     1000      3436    1.00    0.00    0.00    0.00    1.00     1  ibus-engine-sim
02:45:54     1000      3596    5.00    2.00    0.00    8.00    7.00     0  cinnamon
02:45:54     1000      4636    0.00    1.00    0.00    0.00    1.00     0  jetbrains-toolb
02:45:54     1000      5902    4.00    0.00    0.00    1.00    4.00     1  brave
02:45:54     1000      5942    8.00    4.00    0.00    9.00   12.00     1  brave
02:45:54     1000      6120   46.00    2.00    0.00   15.00   48.00     0  brave
02:45:54     1000      6344    2.00    2.00    0.00    1.00    4.00     0  brave
02:45:54     1000      6987    1.00    0.00    0.00    0.00    1.00     0  brave
02:45:54        0     12399    0.00    1.00    0.00    0.00    1.00     1  kworker/u32:0-events_unbound
02:45:54     1000     12608    1.00    0.00    0.00    1.00    1.00     1  pidstat

# Time        UID       PID    %usr %system  %guest   %wait    %CPU   CPU  Command
02:45:55        0        21    0.00    1.00    0.00    0.00    1.00     1  ksoftirqd/1
02:45:55        0       968    1.00    1.00    0.00    1.00    2.00     0  Xorg
02:45:55     1000      3303    1.00    0.00    0.00    0.00    1.00     1  ibus-daemon
02:45:55     1000      3313    1.00    0.00    0.00    0.00    1.00     0  ibus-ui-gtk3
02:45:55     1000      3596    3.00    1.00    0.00    1.00    4.00     1  cinnamon
02:45:55     1000      5902    1.00    2.00    0.00    0.00    3.00     0  brave
02:45:55     1000      5942    3.00    3.00    0.00    2.00    6.00     0  brave
02:45:55     1000      5943    0.00    1.00    0.00    0.00    1.00     0  brave
02:45:55     1000      6120   41.00    2.00    0.00   14.00   43.00     0  brave
02:45:55     1000      6344    4.00    1.00    0.00    0.00    5.00     0  brave
02:45:55     1000     12608    1.00    2.00    0.00    0.00    3.00     1  pidstat
02:45:55     1000     12611    0.00    1.00    0.00    0.00    1.00     1  sem

# Time        UID       PID    %usr %system  %guest   %wait    %CPU   CPU  Command
02:45:56        0       165    0.00    1.00    0.00    0.00    1.00     0  gfx
02:45:56        0       968    1.00    3.00    0.00    0.00    4.00     0  Xorg
02:45:56     1000      3596    4.00    1.00    0.00    2.00    5.00     1  cinnamon
02:45:56     1000      5902    4.00    1.00    0.00    0.00    5.00     0  brave
02:45:56     1000      5942    4.00    3.00    0.00    1.00    7.00     0  brave
02:45:56     1000      5943    1.00    0.00    0.00    0.00    1.00     0  brave
02:45:56     1000      6120   16.00    2.00    0.00    4.00   18.00     0  brave
02:45:56     1000      6150    0.00    1.00    0.00    1.00    1.00     1  alacritty
02:45:56     1000      6344    2.00    2.00    0.00    1.00    4.00     0  brave
02:45:56     1000     12608    0.00    2.00    0.00    0.00    2.00     1  pidstat

# Time        UID       PID    %usr %system  %guest   %wait    %CPU   CPU  Command
02:45:57        0        15    0.00    1.00    0.00    0.00    1.00     1  rcu_preempt
02:45:57        0       140    0.00    1.00    0.00    0.00    1.00     0  irq/30-ELAN0708:00
02:45:57      120       916    0.00    1.00    0.00    0.00    1.00     1  redis-server
02:45:57        0       968    3.00    2.00    0.00    0.00    5.00     1  Xorg
02:45:57     1000      3313    0.00    1.00    0.00    0.00    1.00     0  ibus-ui-gtk3
02:45:57     1000      3596    5.00    1.00    0.00   10.00    6.00     0  cinnamon
02:45:57     1000      4636    1.00    0.00    0.00    0.00    1.00     0  jetbrains-toolb
02:45:57     1000      5902   14.00   21.00    0.00    2.00   35.00     1  brave
02:45:57     1000      5942   17.00    3.00    0.00    8.00   20.00     0  brave
02:45:57     1000      6027    1.00    0.00    0.00    1.00    1.00     0  brave
02:45:57     1000      6120   16.00    2.00    0.00   13.00   18.00     1  brave
02:45:57     1000      6150    1.00    0.00    0.00    3.00    1.00     1  alacritty
02:45:57     1000      6319    1.00    0.00    0.00    0.00    1.00     0  brave
02:45:57     1000      6344    3.00    1.00    0.00    3.00    4.00     1  brave
02:45:57     1000      6447    1.00    0.00    0.00    4.00    1.00     0  brave
02:45:57     1000      6468    1.00    0.00    0.00    0.00    1.00     0  brave
02:45:57     1000      6831    1.00    0.00    0.00    2.00    1.00     1  brave
02:45:57        0     12399    0.00    1.00    0.00    1.00    1.00     0  kworker/u32:0+events_unbound
02:45:57     1000     12608    1.00    1.00    0.00    2.00    2.00     0  pidstat

# Time        UID       PID    %usr %system  %guest   %wait    %CPU   CPU  Command
02:45:58        0       140    0.00    1.00    0.00    0.00    1.00     0  irq/30-ELAN0708:00
02:45:58        0       165    0.00    1.00    0.00    0.00    1.00     1  gfx
02:45:58        0       703    0.00    1.00    0.00    0.00    1.00     1  irq/63-rtw88_pci
02:45:58        0       968    2.00    1.00    0.00    0.00    3.00     0  Xorg
02:45:58     1000      3358    1.00    0.00    0.00    0.00    1.00     0  gvfs-afc-volume
02:45:58     1000      3596    7.00    1.00    0.00    3.00    8.00     0  cinnamon
02:45:58     1000      5902    2.00    0.00    0.00    1.00    2.00     0  brave
02:45:58     1000      5942   24.00    3.00    0.00    5.00   27.00     1  brave
02:45:58     1000      6120   12.00    1.00    0.00    3.00   13.00     1  brave
02:45:58     1000      6344    3.00    0.00    0.00    1.00    3.00     1  brave
02:45:58     1000     12608    0.00    2.00    0.00    0.00    2.00     0  pidstat

# Time        UID       PID    %usr %system  %guest   %wait    %CPU   CPU  Command
02:45:59      120       916    1.00    0.00    0.00    0.00    1.00     1  redis-server
02:45:59        0       968    2.00    1.00    0.00    0.00    3.00     1  Xorg
02:45:59     1000      3303    2.00    0.00    0.00    1.00    2.00     0  ibus-daemon
02:45:59     1000      3314    1.00    0.00    0.00    0.00    1.00     0  ibus-extension-
02:45:59     1000      3596    3.00    0.00    0.00    2.00    3.00     1  cinnamon
02:45:59     1000      5902    2.00    1.00    0.00    0.00    3.00     0  brave
02:45:59     1000      5942    6.00    2.00    0.00    1.00    8.00     1  brave
02:45:59     1000      6120   11.00    2.00    0.00    4.00   13.00     1  brave
02:45:59     1000      6344    4.00    2.00    0.00    1.00    6.00     1  brave
02:45:59        0     12399    0.00    1.00    0.00    0.00    1.00     0  kworker/u32:0+events_unbound
02:45:59     1000     12608    1.00    1.00    0.00    0.00    2.00     0  pidstat

# Time        UID       PID    %usr %system  %guest   %wait    %CPU   CPU  Command
02:46:00        0       968    2.00    1.00    0.00    0.00    3.00     1  Xorg
02:46:00     1000      3303    1.00    0.00    0.00    0.00    1.00     1  ibus-daemon
02:46:00     1000      3436    1.00    0.00    0.00    0.00    1.00     0  ibus-engine-sim
02:46:00     1000      3596    6.00    1.00    0.00    3.00    7.00     0  cinnamon
02:46:00     1000      5902    3.00    1.00    0.00    0.00    4.00     1  brave
02:46:00     1000      5942    8.00    3.00    0.00    4.00   11.00     0  brave
02:46:00     1000      6120   17.00    3.00    0.00    5.00   20.00     1  brave
02:46:00     1000      6344    1.00    4.00    0.00    1.00    5.00     0  brave
02:46:00     1000     12608    1.00    3.00    0.00    0.00    4.00     0  pidstat

# Time        UID       PID    %usr %system  %guest   %wait    %CPU   CPU  Command
02:46:01        0       140    0.00    1.00    0.00    0.00    1.00     0  irq/30-ELAN0708:00
02:46:01        0       968    0.00    1.00    0.00    0.00    1.00     1  Xorg
02:46:01     1000      3303    1.00    0.00    0.00    0.00    1.00     0  ibus-daemon
02:46:01     1000      3596    2.00    0.00    0.00    0.00    2.00     1  cinnamon
02:46:01     1000      3947    1.00    0.00    0.00    0.00    1.00     1  blueman-tray
02:46:01     1000      4636    0.00    1.00    0.00    0.00    1.00     0  jetbrains-toolb
02:46:01     1000      5902    1.00    0.00    0.00    0.00    1.00     1  brave
02:46:01     1000      5942    2.00    2.00    0.00    0.00    4.00     1  brave
02:46:01     1000      5943    1.00    0.00    0.00    0.00    1.00     0  brave
02:46:01     1000      6120    6.00    3.00    0.00    2.00    9.00     1  brave
02:46:01     1000      6344    5.00    0.00    0.00    2.00    5.00     0  brave
02:46:01     1000     12608    0.00    1.00    0.00    1.00    1.00     0  pidstat
02:46:01     1000     12611    1.00    0.00    0.00    0.00    1.00     1  sem

# Time        UID       PID    %usr %system  %guest   %wait    %CPU   CPU  Command
02:46:02        0       165    0.00    1.00    0.00    0.00    1.00     1  gfx
02:46:02        0       849    1.00    1.00    0.00    0.00    2.00     0  preload
02:46:02        0       968    1.00    2.00    0.00    1.00    3.00     1  Xorg
02:46:02     1000      3303    1.00    0.00    0.00    1.00    1.00     1  ibus-daemon
02:46:02     1000      3314    0.00    1.00    0.00    0.00    1.00     1  ibus-extension-
02:46:02     1000      3596    5.00    1.00    0.00    2.00    6.00     1  cinnamon
02:46:02     1000      4636    1.00    0.00    0.00    0.00    1.00     0  jetbrains-toolb
02:46:02     1000      5902    3.00    0.00    0.00    0.00    3.00     1  brave
02:46:02     1000      5942    7.00    2.00    0.00    2.00    9.00     1  brave
02:46:02     1000      6120   13.00    1.00    0.00    4.00   14.00     1  brave
02:46:02     1000      6344    3.00    0.00    0.00    0.00    3.00     1  brave
02:46:02     1000     12608    0.00    1.00    0.00    0.00    1.00     0  pidstat

# Time        UID       PID    %usr %system  %guest   %wait    %CPU   CPU  Command
02:46:03        0       140    0.00    1.00    0.00    0.00    1.00     0  irq/30-ELAN0708:00
02:46:03        0       703    0.00    1.00    0.00    0.00    1.00     1  irq/63-rtw88_pci
02:46:03      120       916    0.00    1.00    0.00    0.00    1.00     1  redis-server
02:46:03        0       968    2.00    2.00    0.00    0.00    4.00     1  Xorg
02:46:03     1000      3596    4.00    1.00    0.00    2.00    5.00     1  cinnamon
02:46:03     1000      5902    3.00    1.00    0.00    1.00    4.00     1  brave
02:46:03     1000      5942   15.00    2.00    0.00    2.00   17.00     1  brave
02:46:03     1000      6120   10.00    1.00    0.00    2.00   11.00     1  brave
02:46:03     1000      6150    1.00    0.00    0.00    1.00    1.00     1  alacritty
02:46:03     1000      6344    3.00    1.00    0.00    0.00    4.00     0  brave
02:46:03        0     12399    0.00    1.00    0.00    0.00    1.00     0  kworker/u32:0-flush-259:0
02:46:03     1000     12608    0.00    1.00    0.00    0.00    1.00     0  pidstat

# Time        UID       PID    %usr %system  %guest   %wait    %CPU   CPU  Command
02:46:04        0       140    0.00    1.00    0.00    0.00    1.00     0  irq/30-ELAN0708:00
02:46:04        0       968    3.00    0.00    0.00    0.00    3.00     1  Xorg
02:46:04     1000      3596    4.00    0.00    0.00    1.00    4.00     0  cinnamon
02:46:04     1000      5902    2.00    0.00    0.00    0.00    2.00     1  brave
02:46:04     1000      5942    3.00    2.00    0.00    1.00    5.00     0  brave
02:46:04     1000      6120   12.00    2.00    0.00    3.00   14.00     1  brave
02:46:04     1000      6344    4.00    0.00    0.00    2.00    4.00     0  brave
02:46:04     1000     12608    0.00    2.00    0.00    0.00    2.00     0  pidstat

# Time        UID       PID    %usr %system  %guest   %wait    %CPU   CPU  Command
02:46:05        0       165    0.00    0.99    0.00    0.00    0.99     1  gfx
02:46:05        0       968    0.99    3.96    0.00    0.00    4.95     1  Xorg
02:46:05     1000      3303    0.99    0.00    0.00    0.99    0.99     1  ibus-daemon
02:46:05     1000      3313    0.99    0.00    0.00    0.99    0.99     1  ibus-ui-gtk3
02:46:05     1000      3314    0.99    0.00    0.00    0.99    0.99     1  ibus-extension-
02:46:05     1000      3596    6.93    0.99    0.00    3.96    7.92     1  cinnamon
02:46:05     1000      5902    3.96    0.99    0.00    0.00    4.95     1  brave
02:46:05     1000      5942    8.91    1.98    0.00    2.97   10.89     1  brave
02:46:05     1000      6120   23.76    2.97    0.00    5.94   26.73     1  brave
02:46:05     1000      6344    2.97    0.99    0.00    0.00    3.96     1  brave
02:46:05        0     10294    0.00    0.99    0.00    0.00    0.99     1  kworker/u32:1-flush-259:0
02:46:05        0     10333    0.00    0.99    0.00    0.00    0.99     1  kworker/u33:0-rtw_tx_wq
02:46:05     1000     12608    0.99    1.98    0.00    0.99    2.97     0  pidstat
02:46:05     1000     12611    0.00    0.99    0.00    0.00    0.99     1  sem

# Time        UID       PID    %usr %system  %guest   %wait    %CPU   CPU  Command
02:46:06        0       140    0.00    1.00    0.00    0.00    1.00     0  irq/30-ELAN0708:00
02:46:06        0       853    0.00    1.00    0.00    0.00    1.00     1  wpa_supplicant
02:46:06        0       968    2.00    2.00    0.00    0.00    4.00     0  Xorg
02:46:06     1000      3303    1.00    1.00    0.00    4.00    2.00     0  ibus-daemon
02:46:06     1000      3313    1.00    0.00    0.00    1.00    1.00     1  ibus-ui-gtk3
02:46:06     1000      3414    1.00    0.00    0.00    0.00    1.00     1  csd-automount
02:46:06     1000      3436    1.00    0.00    0.00    1.00    1.00     1  ibus-engine-sim
02:46:06     1000      3596    2.00    2.00    0.00    6.00    4.00     0  cinnamon
02:46:06     1000      5902    7.00    2.00    0.00    3.00    9.00     1  brave
02:46:06     1000      5942    5.00    2.00    0.00    4.00    7.00     0  brave
02:46:06     1000      6120   11.00    2.00    0.00    9.00   13.00     1  brave
02:46:06     1000      6150    0.00    1.00    0.00    1.00    1.00     0  alacritty
02:46:06     1000      6344   14.00    2.00    0.00   10.00   16.00     1  brave
02:46:06     1000     12608    1.00    3.00    0.00    0.00    4.00     0  pidstat
